10
10
5.88083
27.3096
40.9938
87.7243
88.8107
9.50001
72.9975
37.172
49.0485
75.0137
15.7237
46.1406
78.2454
87.9551
35.0756
51.7234
94.2814
67.6576
62.4734
46.5306
4.83222
57.9347
15.6594
78.3808
17.6366
87.6533
72.6827
10.7053
71.0282
61.882
38.8092
58.3779
40.4409
92.5565
46.7454
25.1594
51.3783
54.8086
36.7018
47.6964
38.1046
36.1299
36.6883
26.7643
93.4536
92.1644
86.8379
14.4031
87.6328
97.9088
86.2816
78.4921
77.4939
16.4854
53.7665
24.3416
99.447
4.15887
63.1926
48.7199
52.6356
55.361
18.1761
78.8381
25.2376
2.65334
67.8637
8.57513
61.0435
47.1434
91.2806
56.9632
82.2155
79.3999
48.8145
10.3405
65.676
39.6406
90.2861
65.7725
92.6579
84.1704
82.0743
7.76601
10.7297
6.5571
78.8469
52.9734
73.5331
14.3959
9.41076
60.6855
62.6571
71.496
9.40793
84.7276
75.6297
19.3048
67.6006
25.9903
