10
10
33.0838
54.8424
17.7049
55.562
68.1794
50.3908
31.3818
89.6165
26.49
38.9542
87.3228
10.728
16.9365
89.6262
61.215
22.8804
28.5675
84.2617
37.776
10.5509
66.9362
18.6843
2.35826
57.45
7.57379
30.3462
92.1119
67.6105
17.672
62.3362
0.307086
69.2329
77.3622
22.4983
86.8636
52.7491
88.8319
97.1903
56.8362
31.0661
53.741
84.852
73.5808
89.9333
30.448
0.242549
51.0658
71.1253
90.5251
99.3828
19.2066
55.0915
93.1942
11.1911
92.4258
3.92697
82.0452
98.0585
17.9145
13.4021
44.1039
58.8787
61.012
41.7049
41.9551
45.9433
0.0229281
89.6161
60.7632
13.1112
95.1815
12.7497
69.0786
34.0371
89.3267
61.2546
92.7707
13.0804
36.4685
99.4057
55.1409
71.4545
56.5424
6.37259
5.1755
73.0055
16.0823
87.3852
79.1691
6.17273
34.1422
61.0642
70.1273
96.8458
13.4096
2.48572
6.39551
94.7916
33.7687
29.1935
