100
100
35.3608
89.1314
7.66561
86.0289
27.5781
50.4798
84.5555
57.3297
55.6423
51.0693
5.90723
65.7784
78.9018
52.538
77.6705
13.4614
37.4448
95.6656
92.6269
80.5812
18.8526
22.0738
83.2575
99.1224
65.9408
43.5943
35.4942
8.65116
91.4882
70.6924
15.2796
97.3548
58.5527
63.4735
39.0028
7.19232
1.05737
9.74748
4.88059
39.1543
49.0661
84.9124
22.8492
84.4427
71.2458
9.57017
27.9183
59.997
19.8539
37.9037
82.1707
49.6121
48.1181
6.72538
72.5751
50.9804
87.7371
19.3972
18.0694
25.9995
22.967
29.407
77.2284
34.037
22.718
45.2155
35.2709
27.6389
97.7703
27.3067
6.48307
60.4128
38.355
9.69741
19.6499
70.8392
76.1889
20.2531
80.9321
35.2667
65.8032
46.7856
19.4745
21.8998
9.65617
96.9994
25.7393
11.9979
23.7511
3.36542
31.8062
72.3668
69.8873
47.1017
98.6126
1.53087
8.27405
44.6033
54.5028
89.6044
22.0236
19.6611
9.76144
15.653
12.5695
91.2166
7.0699
55.4874
60.0634
29.034
3.17463
67.6696
50.3475
92.3666
83.2849
12.4219
20.6018
15.3153
98.533
26.3147
61.2111
26.6035
3.51866
79.2547
66.7318
6.77132
4.3562
21.6188
10.0535
88.6286
74.8667
18.7242
59.0378
56.1395
91.7245
36.0738
81.9937
83.6547
84.3996
24.4615
0.286321
62.3624
15.5039
60.1075
22.2289
56.1047
50.3036
50.45
12.5154
41.6918
23.7362
5.71897
39.5433
96.6293
34.6132
51.5168
77.6963
12.9517
85.4221
60.7047
32.6928
13.5719
43.3134
1.23494
89.1667
39.1449
93.2035
69.9846
67.2173
52.349
58.257
7.31199
58.1439
80.38
65.0834
58.3016
4.81792
0.498641
48.7416
86.2385
59.1968
34.6976
28.7735
96.8433
19.7394
62.2051
31.0933
46.5446
70.9675
70.112
80.6432
73.2604
87.9635
89.796
14.1194
10.1805
55.326
68.9352
98.6967
28.7115
68.986
29.1747
84.6635
95.9577
65.1031
34.6731
95.6448
79.1668
34.7686
8.86947
91.5945
27.4635
9.07978
30.7299
56.2692
66.7634
15.4511
84.3848
6.71485
89.2616
85.2379
95.7639
65.1845
68.9626
46.1953
57.4977
28.1363
82.6551
72.7822
13.2796
58.7752
57.2882
39.5837
97.9937
90.2729
45.9892
46.046
99.2614
28.7038
98.605
54.7801
24.2894
95.5351
97.2362
44.7045
55.8844
14.4226
44.646
81.3002
46.274
93.9404
67.4858
89.9492
58.2567
29.1187
2.34067
16.6499
77.0334
39.9093
41.8544
92.0513
5.92291
20.3051
52.7841
23.3566
1.12242
93.597
11.1319
85.9425
35.9321
54.0745
72.3951
51.5021
28.8564
37.7665
70.8093
10.5246
15.0453
42.0158
15.8184
16.3591
7.26398
10.902
65.0707
86.1431
37.3424
65.3601
63.3202
66.4086
82.2656
7.11364
72.299
96.843
85.9729
31.5315
22.3788
59.2299
96.9213
90.5969
98.6078
29.0578
56.0812
93.7272
19.3831
70.8626
37.3571
49.5438
19.966
40.7178
67.7331
33.6624
3.8061
41.0146
64.8432
5.58247
50.1514
40.3685
13.3214
24.8225
52.9168
64.4477
54.9323
41.4729
27.6807
64.7171
70.9508
26.0139
48.3355
22.8115
89.1422
90.0942
57.7235
75.398
1.6627
45.9001
43.507
31.2294
2.40105
26.1679
73.2779
76.0949
79.4567
75.4826
6.36828
93.8304
76.8079
28.061
55.6675
28.9195
10.4812
13.0979
33.6
57.5876
23.5584
97.2292
32.9721
21.6948
26.53
52.4904
10.3392
16.9123
93.7353
3.33344
71.5953
81.9506
31.5565
86.322
77.1366
93.1094
59.7989
40.1567
81.4234
94.2605
37.2755
82.9383
48.9436
0.296707
46.0358
70.7169
10.1455
76.3888
51.6788
97.2765
6.12155
94.2698
29.7897
73.0283
78.5114
50.0437
56.7049
91.1523
32.897
46.6644
39.933
46.4161
58.446
11.4391
89.7452
28.7261
92.9941
87.7835
64.8317
15.1907
86.7996
57.2754
88.4744
12.488
78.8878
84.1196
46.6509
28.4849
40.4951
29.2126
62.6696
61.5229
51.3622
96.6122
65.6169
38.7465
31.3144
38.4465
19.6093
5.43066
64.4205
55.1647
89.9787
63.2838
75.4515
89.449
98.1598
11.1137
43.2092
37.4442
42.8593
78.9844
83.0874
82.2015
54.4462
89.863
66.9235
67.2762
42.5001
96.3841
45.2558
53.7431
71.682
11.3888
82.5187
60.7829
58.2547
82.5669
81.6641
10.3736
77.2114
51.1936
52.1656
70.2683
88.3811
32.833
32.2391
38.6283
74.7048
20.8497
30.2915
1.12808
11.4413
57.651
22.1838
10.1729
6.85178
76.8531
97.8216
76.598
26.0769
1.76117
17.3221
19.8988
87.9279
83.7605
87.9562
65.2445
29.2104
42.4456
85.6256
25.787
74.6863
32.9666
76.8116
2.23324
0.73902
94.1805
76.1433
7.66001
51.2353
5.0334
55.332
38.8636
70.8572
57.2365
82.5866
53.3879
61.7568
68.2277
33.5021
76.8574
66.1546
6.03549
5.26258
29.7437
36.1886
22.3356
29.403
25.0912
99.7091
15.8052
44.2032
51.9525
85.1422
69.4557
14.5922
73.3034
74.0718
44.4774
63.8101
53.092
73.1157
35.1977
43.2867
89.8523
50.777
40.1976
62.9693
76.9729
43.7815
0.276257
45.3318
68.9723
15.2074
85.6497
81.4034
28.6527
41.035
53.395
46.9287
42.1155
69.0579
54.5938
9.63847
99.56
24.1891
11.1684
41.8164
53.2465
83.0611
13.0464
22.0917
35.1706
40.463
33.5128
56.3937
81.0702
45.414
9.62576
38.0576
92.7002
12.5577
51.1908
51.7092
37.9263
73.7753
92.2836
32.6342
92.7685
46.4572
40.6639
12.5632
60.5434
45.0967
11.7906
29.7305
62.1983
96.4637
0.127552
1.99909
90.5087
63.2145
74.9497
54.8285
4.12605
7.7223
88.1537
30.719
37.0267
6.60289
23.9132
36.6247
5.60683
79.3138
21.7988
43.108
26.9473
5.67606
12.7588
79.8534
22.8548
12.6438
89.4733
77.1167
77.6352
77.6233
48.6158
58.8159
7.30797
31.6276
58.6547
76.2976
50.5232
30.5399
87.4969
7.36428
43.3384
98.1049
51.653
34.3547
50.9126
71.5898
14.1417
45.3964
0.199188
1.05869
60.2027
88.1312
57.5488
33.6936
31.7861
2.61065
37.9416
49.0479
50.5095
71.8285
80.6336
92.013
41.6054
61.8593
53.4444
91.8919
67.5939
70.7537
55.2107
85.7878
3.3056
96.2341
49.938
40.8892
53.8339
65.3799
30.8043
6.146
50.8404
22.7341
91.7124
0.707779
27.746
13.524
47.937
16.7884
57.696
35.208
32.7602
58.2224
90.6886
36.6474
18.3278
64.3913
17.8257
86.32
17.9883
83.0282
79.3196
57.7026
25.4565
28.1057
25.4633
71.8175
21.8122
41.9256
25.1063
1.63322
45.7494
90.2436
45.4589
33.4385
13.8961
83.0539
73.2303
33.0141
57.4635
29.1187
91.7679
70.8659
75.068
0.0255171
9.34496
52.3602
54.6632
72.5222
49.8914
18.8498
56.8447
32.9698
80.9602
9.25753
72.3004
91.8017
39.5192
58.3741
89.159
39.1938
57.3844
20.5159
22.621
28.248
97.9838
5.29552
60.9404
99.8887
56.824
59.1465
21.0604
25.1117
30.5027
84.2424
44.3446
58.5044
2.08563
30.7859
55.7493
24.1297
85.92
91.9371
79.0839
26.2535
63.4765
56.2104
22.8605
36.0724
13.0083
4.07265
90.9602
63.4306
43.6302
51.856
75.0448
3.93382
68.6316
19.5519
33.6019
34.4649
67.0459
12.0602
56.1361
70.3581
62.6884
87.3358
22.132
5.73755
73.1449
33.8313
67.1737
77.8932
95.3613
2.86079
94.4954
78.5332
44.2608
94.5522
55.192
81.7883
17.2858
3.17747
67.4346
98.9447
64.1798
44.562
4.89867
29.0074
29.2176
71.2236
88.2051
99.8923
82.0986
78.6651
57.5177
9.15721
44.8374
46.8449
57.2297
24.2428
84.8197
5.87197
74.2632
82.8312
20.8757
53.5281
46.8655
52.1941
69.4918
73.3303
47.401
76.2595
67.9886
5.95736
90.0554
9.06999
82.8042
59.6608
70.1314
25.4312
98.9025
3.22047
44.046
86.2694
25.0264
51.4584
27.2963
37.4252
91.2396
1.86475
33.6981
38.4327
8.50854
56.511
80.6645
43.5878
16.293
83.6555
22.1152
32.8882
79.4185
28.9103
2.06491
45.5084
21.2459
51.2008
10.1827
45.1946
78.829
39.9858
73.1058
40.8643
57.3985
60.2488
17.9128
27.8869
34.5814
78.329
11.6076
78.4025
67.9827
64.9983
17.694
30.6536
69.643
58.7417
96.2746
5.44268
98.1641
0.182677
83.9497
76.5812
41.0299
22.378
95.2462
24.5981
76.5
77.8353
38.5899
97.3935
54.7231
25.7644
31.531
38.4421
99.8919
38.7559
55.5352
31.6056
83.7167
48.5924
15.5735
10.3585
29.3555
9.32177
30.0925
37.2393
86.3656
33.8499
23.322
44.8419
45.2009
19.0461
13.2153
47.1708
50.1488
82.7023
38.744
55.909
65.3592
16.1936
63.7779
51.2482
27.538
82.056
0.84306
38.6255
40.1887
87.8191
55.933
71.3163
6.7336
31.5564
18.5888
2.8048
80.4003
74.8973
33.4898
35.5941
85.8316
90.0246
48.2307
18.6948
7.53503
54.5271
75.2304
43.3992
24.9601
73.0231
77.7515
45.4007
77.3343
0.527851
10.2463
71.3962
68.6368
14.5496
19.0476
86.9788
38.8998
41.0604
12.5266
40.7414
80.7998
9.85669
72.568
40.1292
62.9906
42.7993
64.0194
6.64377
66.9383
34.3434
66.7222
80.1189
20.705
56.3279
60.738
3.97424
70.5294
81.2114
58.8504
6.81897
16.6661
87.6061
17.0919
48.9237
38.2253
30.0026
86.9506
53.223
65.9978
71.8334
2.46378
64.2544
62.0423
2.45508
96.2756
26.1344
10.0685
13.9472
94.083
70.7713
15.5818
98.0518
87.0698
9.30018
89.2065
70.229
59.5001
86.4047
39.7623
6.52687
99.3175
26.9529
4.6566
85.9623
82.8274
18.7258
38.2327
91.9355
66.8572
31.2235
41.3154
5.16206
69.2744
32.3887
19.8015
19.3799
52.4567
50.1295
59.4878
31.2194
93.0165
2.06019
96.8454
83.0858
46.5594
76.5107
43.466
19.0121
27.0906
97.6278
80.379
72.7596
1.51742
6.57085
41.3639
98.9711
33.0763
72.4696
31.3645
32.3113
3.36419
94.3026
10.0071
16.8482
33.375
15.3254
7.17858
57.7242
38.2593
98.232
35.4217
71.9899
39.1992
81.9796
92.9
80.5671
64.8812
56.1782
9.95523
64.5883
70.5867
39.636
70.6367
20.3201
63.8616
24.7725
16.9914
72.3302
76.7889
73.8392
52.4421
79.2594
30.5346
34.9574
3.0773
66.7845
20.3369
29.7231
30.25
13.9144
21.5487
72.2604
25.6006
16.7124
38.0995
61.5913
32.849
65.3168
92.7165
32.5403
10.7624
95.588
58.5183
38.3754
61.4097
75.6857
12.4531
85.649
45.5529
39.7896
91.9988
90.0359
27.7282
0.558951
48.2588
37.6716
60.4098
85.4203
3.70072
52.6344
83.4067
24.782
29.2598
79.0018
13.9708
78.141
51.4718
3.1403
97.7293
85.5856
76.66
14.54
17.5187
4.61561
48.5524
6.95873
87.9564
89.5032
90.3475
98.1043
45.2174
64.9093
39.5812
93.2792
29.0296
55.8438
25.6698
37.1781
66.281
41.2846
46.4102
16.3254
42.0063
45.5404
51.3367
6.49728
54.0792
23.1534
54.4536
77.3967
47.3498
48.4908
56.8379
28.2786
64.8878
82.9832
44.8016
60.8266
62.5805
63.5628
83.3938
31.892
81.9934
31.0126
15.3288
91.5017
26.3635
65.9716
60.3448
90.7102
73.0571
70.2646
51.2906
63.9239
94.7918
20.9631
16.075
44.9457
71.9703
78.2135
36.6614
75.6713
21.95
62.1264
77.3479
70.1275
36.8531
96.0383
45.8924
6.61287
48.9007
1.16546
74.9913
55.3641
79.9755
25.3286
56.2101
27.0944
32.2955
81.7184
60.1952
7.41825
49.1437
91.3304
79.0604
47.9889
21.7786
6.82899
28.8223
67.3863
59.2916
0.0365124
76.4938
55.9758
0.571568
80.5637
72.8816
11.6878
69.0877
25.0926
33.1786
75.8723
54.8536
60.331
39.8759
41.7052
94.6585
9.06523
15.4251
1.2179
42.1092
36.5338
75.7656
20.7666
26.3299
25.0463
31.5492
43.3376
60.4707
93.264
37.4828
96.0959
97.4371
4.60775
70.9573
55.2461
2.68417
72.2295
13.3736
25.5816
26.6759
28.7857
27.1214
19.533
31.7109
28.5498
48.2756
58.3032
58.4682
17.4527
61.9568
39.3486
93.458
83.5288
62.2755
75.4183
40.7949
20.8425
88.6433
90.3684
27.7047
20.305
61.3175
79.0594
76.6879
52.6358
88.9344
31.5244
16.628
30.1341
4.06861
55.8985
50.9291
59.9139
63.0678
26.9466
5.49179
66.7544
78.3197
97.1315
9.16703
15.608
36.9711
92.9949
53.521
87.811
11.4146
96.8108
24.98
61.5279
78.1033
91.8355
4.72672
58.0595
58.5273
37.3397
42.8076
3.84386
44.8788
5.87055
43.2418
28.8612
83.9264
18.529
13.4115
20.3253
8.13687
17.269
6.46145
63.3624
66.8836
99.8057
56.7126
7.75463
58.2031
16.4131
30.5189
81.2959
98.8299
59.6024
99.4277
10.5579
69.6943
46.1721
93.2066
42.0335
87.6759
52.0456
18.6134
74.9773
96.8702
28.3599
17.4182
37.5205
82.8185
97.956
27.9279
94.1445
55.8577
73.1355
31.9889
5.30345
98.7257
84.3852
3.4703
32.7318
25.1473
98.9704
97.4829
42.2199
72.6969
4.52712
99.2913
5.98651
84.3231
53.067
46.1216
0.133658
63.3193
23.232
97.6685
88.4081
13.2834
8.54558
77.4072
16.1
49.5103
41.4639
53.8217
51.9722
85.9801
27.4095
46.9751
82.9099
94.0734
23.4499
99.4253
79.8275
88.2063
38.3558
37.001
64.0172
79.8325
11.582
56.1683
86.2699
96.4944
51.0073
16.2042
39.1865
61.9871
92.8003
63.9318
52.8236
11.6735
46.7348
80.8427
49.1526
99.8459
52.3362
33.4868
49.9676
82.0116
26.6963
72.1917
38.5133
41.9322
27.9008
5.78257
87.4675
90.6478
15.3405
38.7333
78.3992
46.5853
20.7688
99.9171
81.2978
70.034
43.5737
21.0285
75.2777
72.6008
63.229
98.8481
81.0385
56.6448
37.742
96.9441
96.3631
17.6445
59.2118
91.4669
57.5964
1.92302
15.9621
28.3507
20.0563
87.042
9.20335
68.6697
41.327
71.4192
16.9844
74.6321
91.957
76.4947
13.5191
93.9145
40.9024
12.6939
41.8676
0.804654
34.9607
91.6836
77.2931
76.6074
86.7584
73.6966
23.0652
62.6984
94.142
59.0233
56.7508
14.0864
51.2681
69.2094
43.6985
70.4009
57.0232
54.3461
15.1115
72.4092
92.0576
56.6916
0.338023
21.1101
84.1427
71.6201
26.9482
24.0305
64.7234
35.8073
73.5408
84.0393
3.99411
45.039
86.4939
71.8424
5.44097
66.5979
81.584
95.5023
84.5412
1.32221
61.0865
69.3037
5.15484
17.5163
98.5629
66.4854
23.2356
78.3648
73.5531
49.0056
95.134
78.3887
61.2854
5.8383
73.2883
11.7162
11.641
84.5625
88.8132
50.843
61.7109
45.58
51.0472
13.8236
77.7404
54.7752
0.762841
74.7537
89.7643
81.6971
65.976
29.7897
84.6197
28.4598
89.458
66.5443
38.9068
7.82081
38.7674
11.5436
83.6622
94.6905
63.9489
57.6255
44.4472
17.6913
55.4728
42.9381
94.7033
41.2227
20.0845
49.8552
70.5343
36.8831
45.9057
56.9333
52.8918
45.4614
50.9777
71.7102
14.7532
44.3478
65.3964
69.1425
19.651
81.3805
88.5583
85.7314
51.5062
24.1547
51.5648
79.9135
66.6998
13.9854
14.9441
42.664
6.99662
49.3857
14.2676
2.84384
10.1217
80.0183
69.4813
9.52584
83.3808
62.8107
70.8606
28.8376
41.2129
83.628
38.9705
77.6987
59.9576
0.70425
74.9313
9.25481
85.3884
15.2625
55.1893
79.5689
61.0153
87.4118
97.3834
70.5085
76.7705
51.2481
23.0611
85.7343
3.30165
95.9191
88.0242
23.9951
26.0837
87.6328
63.064
51.2133
66.6027
55.7532
8.96265
90.0828
85.9543
90.1906
24.5797
12.2529
81.93
65.9492
70.2253
83.833
28.2992
88.5198
56.5575
95.7126
99.4288
65.7218
47.564
48.8147
47.4191
63.6337
68.9597
32.1565
92.3829
35.805
13.7991
76.9178
28.0059
72.3423
47.3989
81.4116
20.6012
94.5957
48.954
48.3985
53.8191
71.1594
19.3548
29.7946
70.2389
96.5049
40.0607
3.06287
21.1363
79.3581
42.1274
84.2421
58.5873
61.5213
6.53525
57.8787
13.913
47.034
57.6869
21.9929
59.2576
93.8954
89.4574
88.1883
58.0076
83.4675
3.99243
92.7271
28.0953
32.5838
83.2147
66.7897
20.8559
24.0606
15.4873
32.8358
10.1513
44.9941
13.153
23.6808
96.1339
83.3072
51.158
1.71047
12.4323
73.6273
78.0944
75.3658
18.9526
16.5624
88.6185
43.2328
80.7149
31.205
89.6634
52.6258
2.52762
85.9222
54.2144
14.0835
5.04118
37.3002
79.2817
49.5406
15.6673
81.2061
62.5004
40.0094
58.4894
46.3081
22.2031
28.1435
47.3452
30.9358
21.7785
3.49617
80.3356
19.8019
30.4395
79.7645
58.7938
32.8088
67.6548
80.6799
93.226
23.8769
3.79421
66.0496
52.0164
42.6122
35.212
41.0124
28.4956
55.6952
5.64223
5.1832
5.97308
26.8916
97.1843
4.97516
21.8946
64.4203
85.3707
39.1043
1.80729
47.9524
11.6831
2.73889
77.3063
67.4032
38.5693
8.36616
38.6606
56.8299
18.6982
97.2086
10.4951
76.7924
9.63949
47.6434
80.9327
82.0122
55.7818
28.3597
31.6245
43.0601
81.0252
36.423
13.0027
35.5364
63.8333
64.9686
66.365
14.762
20.9817
74.8138
27.8784
90.9665
2.0286
56.5567
64.1068
41.2221
78.1408
97.6381
85.1208
44.5234
73.1315
44.8798
74.396
2.05055
15.9603
23.5524
54.8531
67.6555
25.2876
20.1894
56.7048
65.005
81.4842
97.8886
2.67421
30.4392
79.1944
82.1832
10.6874
72.7081
79.7442
56.5324
91.6946
31.114
86.0278
21.8574
81.5092
26.9959
88.9227
95.8666
90.7065
94.8834
20.1951
84.8744
56.2708
0.158895
71.3934
78.6157
42.9185
35.488
2.43075
22.2028
66.951
87.4652
52.5161
81.097
14.719
25.7078
72.8899
35.5445
71.1643
11.9305
98.8407
69.9745
19.2615
95.8948
81.4711
70.2504
81.6367
16.1764
81.2489
11.7244
91.8465
9.41923
36.3321
46.3605
72.7437
28.638
92.3554
0.644912
49.5169
54.3375
71.4109
73.0099
1.15692
74.2934
12.3043
42.4721
11.755
86.7853
96.1255
27.612
45.1921
51.4265
45.1414
16.4387
18.1818
93.0581
98.9508
77.4819
61.0867
11.2741
43.8346
33.589
71.4921
55.2962
19.6405
26.8528
43.2465
63.4005
60.5303
80.8364
44.5772
69.6324
29.6765
78.7783
88.8625
26.5103
54.8739
70.1388
50.3868
95.8479
16.2836
76.0373
86.555
99.5994
42.9797
6.84028
27.1388
11.0223
27.427
78.7416
53.5747
26.8454
48.5189
59.1673
10.018
79.6226
47.3227
89.987
0.907892
70.302
80.89
51.8782
53.8284
33.8881
72.5498
78.4898
40.8602
40.1686
80.3175
93.1775
60.7054
5.64176
12.5062
50.2396
81.0953
54.3179
1.64365
98.2544
7.01173
63.3195
26.9352
30.2799
57.6839
72.2855
20.0153
7.37982
11.2475
83.5216
41.9218
82.3044
15.9727
5.69598
17.2635
84.7796
9.61561
86.0055
70.7645
88.1869
32.5508
72.6446
81.7508
74.9041
85.8767
77.596
96.6581
95.7734
43.9155
61.8796
45.4076
44.5307
77.5768
51.3012
83.2754
98.8435
7.64587
88.8711
70.7856
74.323
59.1762
17.72
93.8655
35.2075
52.2709
61.5508
24.9699
46.2215
3.60114
70.4538
16.7594
10.2546
65.2957
5.69871
30.7217
64.4586
33.6915
0.652559
63.7919
34.0985
11.0417
85.9458
21.6316
18.8449
61.4046
99.9374
17.2506
58.76
54.6972
9.96335
46.1814
96.5682
7.30878
26.2476
91.2902
43.8942
38.6852
1.79731
60.7315
59.1134
96.3873
54.3905
73.4932
52.5796
92.4169
86.9314
56.7531
81.7125
81.4423
10.3513
97.5316
88.5148
34.0284
50.6712
53.1775
10.4767
74.0475
63.2377
95.889
73.0363
79.4712
97.5204
61.0411
45.4495
35.9218
52.3964
90.7168
21.9886
54.5966
76.742
58.0063
84.5208
56.9309
62.4531
24.3005
28.542
49.573
61.3906
28.5679
13.196
99.1964
82.0812
34.1767
9.73149
31.1684
31.8052
58.3931
78.2521
20.2669
80.8331
68.6838
51.0117
55.5646
20.7362
72.439
39.6728
56.8291
37.1055
69.1707
72.692
1.41785
44.4154
91.9608
95.9316
76.768
54.847
15.8557
9.42919
75.1467
78.2289
30.6362
24.1477
2.05316
7.61973
1.20297
87.0229
64.8969
64.0907
39.307
17.1916
62.8864
38.8694
45.9583
9.63123
39.8462
25.78
19.5024
56.457
16.779
55.1174
29.7251
39.0525
74.5688
75.0957
10.2337
13.7821
70.7044
87.1134
18.8779
70.3735
60.3621
19.142
77.0086
9.66467
50.7068
77.8366
55.956
5.72593
75.7907
27.6488
36.3454
62.9961
48.0065
60.9152
43.4385
75.417
87.6475
34.7846
1.39731
32.7482
70.6663
55.9028
41.7422
25.784
76.6083
88.8152
34.5242
92.7383
54.1275
80.0903
41.8208
6.55837
40.8185
37.6825
6.58497
6.90286
74.3332
17.848
98.1214
92.3161
18.5473
9.32143
76.2107
55.9453
6.8688
69.9455
76.7565
6.96019
6.10732
19.9471
0.744731
21.5576
86.7511
86.9765
76.5375
30.4628
77.2412
58.4734
64.0843
12.5636
79.2964
92.9334
40.768
60.4224
88.7599
74.316
86.6501
95.1657
85.7589
78.8037
57.5182
72.2029
10.5721
56.1319
44.7479
72.5255
22.609
10.478
44.1047
89.8748
9.2025
40.6025
77.0198
9.63089
31.2791
85.3155
24.6084
94.3335
9.5495
98.1575
80.7722
71.7876
4.95764
48.5287
12.0414
29.1125
90.85
66.6116
15.5995
23.9686
45.8016
7.29569
30.4551
41.7611
28.5412
39.4209
4.20135
72.7945
79.8147
6.73365
2.3699
86.9684
35.7435
99.6879
99.874
4.13874
76.7576
2.45174
29.34
15.6028
81.228
97.4531
66.2825
9.41009
11.4532
73.8438
79.5171
74.4951
99.4563
55.851
19.1609
83.6326
75.8555
11.2948
47.0036
10.7803
57.5759
53.8142
34.727
96.7077
90.9415
97.3451
55.9739
48.7673
82.7749
82.3396
12.3929
3.95876
57.2621
70.0736
80.6552
65.7594
68.6422
9.42637
11.0663
14.0566
36.5962
84.7535
65.2377
7.07488
17.4543
53.2107
64.4919
99.6207
53.2831
39.0622
32.5943
90.7152
5.70718
86.5373
97.8059
32.6512
23.7956
42.8086
79.599
19.8596
64.5084
42.7062
69.4778
53.079
75.57
26.8138
67.7956
85.4715
89.3276
46.1192
6.99106
45.1179
78.1678
29.6605
94.2113
66.3586
72.2082
78.582
75.9745
70.8945
78.3002
72.5877
34.9578
50.991
30.9062
96.5843
76.1646
36.5711
18.0552
27.6287
89.2127
18.9937
77.924
50.7324
60.9657
8.41898
60.5486
0.465644
33.1625
39.8647
39.0104
95.6021
27.7873
9.45068
94.2533
72.9082
33.9982
90.9775
41.5306
74.4001
67.3278
5.20751
47.8527
95.7258
19.5462
30.5152
18.8229
24.8857
57.4774
32.5157
30.4808
76.2285
15.137
14.6153
79.7835
15.1882
79.2808
42.247
5.89466
72.1065
27.4597
93.6156
55.1644
60.8379
19.9069
13.5121
3.63711
68.4591
92.1151
3.51696
63.2461
31.5344
11.3756
81.3745
15.881
34.5557
14.3271
75.8162
86.5335
47.0952
26.2615
21.308
44.1406
67.7723
38.2561
39.5691
85.7721
24.0916
7.39626
5.34981
12.9762
8.14924
4.31515
50.3742
28.4554
13.4366
72.571
5.32844
14.2381
70.4155
63.5312
26.9964
92.536
89.6912
18.6143
79.634
19.1865
44.9546
55.3857
72.5043
94.994
34.1625
23.7729
26.8982
94.0533
71.1998
64.7244
24.2141
61.4011
73.5091
64.9121
19.0584
54.2493
16.4256
4.10806
78.4273
40.9685
4.51749
70.1415
92.2115
34.337
66.8848
43.5265
11.9689
63.0775
91.9338
98.2881
85.4144
2.43553
88.3536
33.51
41.227
21.8758
41.0972
77.3999
14.4893
18.5074
76.0263
84.3611
65.0144
46.8762
24.6881
78.7645
7.41626
42.4084
40.8893
49.6503
87.2806
31.9973
93.5882
43.7747
74.8619
91.7906
52.4757
42.8567
90.7657
99.0487
50.9276
72.2119
95.0005
60.0169
20.986
62.2731
36.1089
92.4096
32.1821
66.748
41.0665
77.3805
87.927
21.4575
15.4527
55.2987
10.7966
39.3503
79.1941
94.1161
4.78914
93.6923
10.0751
18.5359
73.6345
13.7332
65.3472
79.5141
49.9542
25.434
82.5652
13.4539
3.05078
27.9816
0.576603
3.18122
19.4003
90.1414
96.0835
92.5179
70.0573
78.431
33.2469
81.4628
41.7083
23.6718
40.3141
3.82159
24.3829
12.4013
87.0238
18.8573
82.2837
81.1847
43.0897
35.7
85.4022
81.3965
94.7238
72.5466
36.2976
35.8146
17.3809
71.8616
82.9718
15.5263
5.52422
20.4043
81.4372
1.21622
75.9243
93.7116
61.7686
18.5985
60.8879
39.4614
22.5745
22.6823
69.8675
28.231
21.4592
46.0123
78.077
50.9446
99.9894
10.3111
83.2529
73.7115
44.6214
13.1219
42.4079
16.2236
86.0407
24.2223
94.2062
29.3732
30.6094
12.0082
69.5323
17.7785
23.0135
28.7372
88.6626
16.5452
35.1411
14.8126
7.13248
31.7466
20.1269
75.2365
95.6471
88.3613
72.9036
44.7002
35.6348
27.1365
83.1787
34.8843
54.8248
97.5872
57.1224
35.0319
44.9391
61.1762
67.1121
95.4406
63.6802
28.5235
93.8072
76.0059
9.98138
96.5975
12.6556
60.8347
24.6879
17.055
40.7172
36.5432
68.4404
4.36419
99.6554
91.8078
45.4075
99.6793
95.5612
46.0535
47.9557
42.9984
38.347
94.6917
39.2094
61.1984
22.4786
19.2921
89.3801
91.5148
69.1517
11.7884
62.099
74.8321
95.818
48.7998
18.2522
97.8361
3.36758
10.9976
16.3842
97.0433
97.7013
95.6453
36.9597
41.3007
24.022
65.5
74.4761
21.2442
19.3791
62.2236
86.9923
88.9949
18.9522
45.2223
29.7105
42.005
37.1235
23.8662
81.4911
60.687
90.2055
37.1193
2.77246
27.1249
70.2881
67.6
79.8608
26.8017
65.4477
10.4698
2.0494
18.9768
7.79704
70.3767
27.6053
16.93
20.7874
56.7948
25.0928
89.8328
37.5303
41.1952
31.242
14.689
49.2659
7.63079
54.6694
13.6391
40.3882
70.9189
10.9705
38.1296
26.9035
30.5972
95.9213
24.0911
19.9224
92.996
4.54593
30.7836
96.3874
50.9193
26.8433
7.655
56.2224
5.42165
39.1767
65.0261
89.2624
67.7435
87.1882
99.1181
79.0711
79.2184
29.2663
26.8578
56.3198
26.846
51.7883
62.4997
69.4464
57.5506
92.0834
13.0563
1.59344
46.196
63.0743
71.115
13.3976
44.7982
19.3683
53.8075
84.5568
94.1118
38.7739
54.8114
54.4526
14.9065
84.2265
75.854
62.376
15.2066
49.9688
78.2986
93.7491
59.3636
42.8855
53.3053
96.8266
36.0262
65.3897
63.7021
2.89605
64.1886
12.0765
5.93893
84.6345
47.3494
74.0398
99.1714
38.0994
58.3545
74.5203
25.0009
83.9038
19.5498
95.0565
46.9305
39.6547
34.4695
47.4429
40.6042
37.329
13.7351
31.9658
16.0106
99.2305
80.6814
83.041
43.6581
72.5288
5.16828
16.835
14.4125
16.0379
98.2863
57.1181
82.022
73.535
14.4144
14.1359
87.6006
61.9577
40.0924
28.6398
1.2889
33.1143
15.2242
57.4556
90.2997
6.34407
78.2502
3.99192
82.8895
76.6917
11.8775
43.7675
35.827
96.6011
82.1083
42.9124
23.8352
96.2266
74.2556
58.18
28.3422
17.8647
31.2691
36.7692
53.2533
89.3051
12.8613
92.4159
2.2686
16.8858
32.029
67.6597
47.2101
40.7476
60.061
42.8941
79.9068
5.50727
91.6289
51.2504
84.0593
20.3605
27.8077
21.7502
12.0687
76.9239
17.1505
72.1236
53.312
10.3755
90.8304
28.5445
74.4872
67.4782
24.2402
34.1203
1.67333
72.9352
86.6058
24.6865
48.3708
66.4251
86.2582
45.4559
42.0853
64.0364
87.7217
71.9729
72.3934
54.5419
3.46704
35.9337
56.8191
95.257
84.1853
54.5936
67.26
82.8029
31.4046
75.7068
58.5642
64.2058
29.6595
26.6802
56.4742
38.3647
81.3368
57.3455
85.5601
90.9946
89.1928
20.3493
29.6631
83.4357
9.87296
22.5466
66.6624
44.0248
2.83752
80.4625
41.4495
19.8051
52.7351
49.4179
27.4047
71.9162
45.3674
32.5961
42.9543
21.4987
60.5689
28.1353
75.6378
17.6245
47.608
85.6831
8.04542
58.9277
89.5394
46.9834
26.1635
73.7493
35.8122
81.8035
68.7425
15.424
85.5885
13.2966
16.3087
54.2665
86.8992
71.1313
59.7109
30.7758
21.087
32.8203
62.2496
9.60845
28.3157
44.3536
24.5361
61.3022
66.3485
37.6111
87.8114
99.6072
38.6185
0.888328
72.9826
35.316
69.0426
71.9033
95.5095
7.59102
61.5849
38.2795
86.1597
21.4614
45.8484
81.259
82.6931
53.6313
92.4998
26.4825
43.106
67.6823
40.5236
61.4536
77.416
38.8187
95.2233
72.129
87.8622
73.4996
16.2755
96.7477
53.849
31.0566
29.689
37.8706
53.3211
35.3257
2.78071
58.7976
78.8647
36.0847
68.5462
33.8649
88.1271
71.9721
80.035
39.4002
32.1261
28.9871
16.3114
38.0317
94.5571
4.13679
56.3363
53.2422
0.876771
97.1248
26.6493
23.3314
54.5512
27.0305
29.2549
92.3364
52.4252
5.61684
26.8119
45.7378
4.65562
64.7688
50.097
4.98127
38.8465
87.4154
53.6083
60.7067
38.9747
42.8209
11.5385
19.5222
93.9702
65.965
61.4812
79.4438
68.3167
25.5546
98.2514
54.0634
99.8422
22.157
39.1005
98.5505
47.938
59.2099
44.4298
93.1514
4.30501
15.72
34.4721
56.7746
86.3896
50.4709
93.0598
85.9299
16.5572
10.3871
43.8607
47.6172
8.55235
45.6157
93.4859
2.65599
63.1287
13.5254
98.2915
74.6785
99.848
91.3861
7.6297
56.9286
85.2356
54.401
86.7733
11.4889
52.3267
62.6027
89.5923
74.1257
75.1094
64.8734
13.0545
75.6135
91.7496
82.1552
7.7841
64.9056
40.4732
2.08496
51.9325
21.7219
90.1699
40.5364
12.6526
62.0558
34.378
7.67573
83.1277
92.4789
71.1534
81.2006
0.443333
41.7141
38.0803
46.5133
97.4221
84.2821
52.3582
39.0215
81.0026
36.3574
42.8377
84.0146
91.7117
41.4367
78.555
69.3186
92.4586
62.6201
57.9007
79.8585
81.2307
8.85317
67.4295
31.7208
82.9067
49.6682
99.0346
33.1443
28.6239
95.3219
16.7269
28.3079
20.0537
93.4733
12.0161
21.7663
71.1833
16.7258
32.1225
63.5968
44.5038
14.1399
89.477
33.4255
51.626
71.1043
21.9631
2.53128
77.4198
69.8683
18.7941
49.499
68.1308
59.8607
72.7092
28.4448
16.8299
51.5115
3.89414
44.7066
58.2772
56.8383
46.8888
8.20614
14.2447
22.4569
75.6775
72.9081
46.6711
83.8108
51.7827
83.6863
58.5609
48.1619
92.6465
35.474
38.7338
1.73694
3.60472
14.7315
6.0851
64.2497
64.2594
8.54224
43.4024
99.4579
61.9296
96.012
2.02628
96.5675
3.57591
36.9774
82.8677
65.6195
30.1634
45.4974
78.7973
42.3729
49.3243
93.1972
25.526
35.1161
57.879
51.0947
58.3249
40.5259
70.4835
22.9798
20.4047
99.7655
19.7713
55.2012
57.7894
53.198
58.2696
20.0317
86.8836
89.3465
2.24125
21.1432
26.8627
52.415
14.8167
63.2839
11.1582
57.0369
14.7922
48.616
54.5364
40.8413
24.882
7.14846
21.6623
95.2903
99.9633
38.6661
11.3608
71.4176
22.0733
46.2797
81.1945
55.0492
18.3543
59.912
78.7657
56.869
66.2279
85.0383
72.0675
77.1544
84.4407
34.2204
90.1353
78.5846
85.9344
20.7381
29.7473
4.59612
9.08139
50.9045
62.8199
27.4462
25.3046
14.6649
15.8329
48.4763
35.0421
11.8883
99.8118
84.6265
23.486
32.7657
98.8251
66.2716
77.9146
87.5603
81.4618
31.3258
22.5598
2.27313
13.1188
16.4871
16.0541
62.1499
76.2336
8.83815
23.4331
15.9688
76.0411
46.7611
68.6607
50.2041
78.7267
89.1908
57.0623
70.6688
8.74654
8.38615
61.3008
13.6506
12.2691
3.13471
29.2302
99.7816
35.5031
88.0107
9.74624
88.7193
54.1128
32.4111
85.2811
83.2997
96.0183
7.7875
36.8099
12.3317
16.0734
30.9757
0.41947
29.9533
19.0596
51.1766
96.3441
15.5517
36.2633
33.4889
52.2543
1.59617
68.8267
59.1059
91.9638
56.2379
7.47031
25.4898
67.578
54.2584
96.8565
8.84353
24.1316
17.6921
36.3367
43.2551
3.82241
73.6326
89.0758
74.4517
50.579
9.66039
1.95788
46.7238
44.6464
79.5897
95.4005
2.5798
93.5907
50.2963
85.7151
39.6685
14.4753
65.9208
46.27
26.0126
64.2511
7.12238
9.42333
60.621
35.7801
45.4606
80.0248
8.4307
14.092
92.1675
57.5826
22.0135
67.372
4.61849
5.4107
90.4848
82.3734
75.7754
78.1251
61.7565
29.092
47.5153
71.1043
31.3142
22.7388
9.1986
24.2316
18.5649
76.1428
72.0678
35.0314
21.2858
31.2992
98.2727
81.7355
21.5366
27.2346
74.9279
19.8264
12.5767
75.4374
96.0571
17.3881
25
20.0913
72.6839
84.8087
77.372
7.68092
89.5971
41.8631
81.8051
91.8764
94.1411
45.3755
27.0678
12.833
21.3315
8.91141
73.5703
38.3804
57.7347
31.2422
72.4797
88.1768
23.2385
86.3474
70.7199
18.3896
74.208
63.5607
24.7027
14.4171
47.9342
44.4613
92.8207
11.5792
39.0794
50.8721
7.97028
66.2849
61.4866
7.29349
0.023802
32.4442
15.6291
11.0197
27.456
42.3525
46.7282
1.10295
81.5555
99.2392
80.9352
27.1691
68.4238
97.6295
48.04
29.8725
38.7889
78.4453
94.5281
91.3813
15.5662
35.4764
13.0648
28.0945
78.0714
89.0582
66.6246
7.50448
48.4586
38.6823
6.19093
48.8792
78.1258
55.2836
12.008
12.2067
58.5196
94.0491
81.5706
21.9138
49.5016
18.6344
87.1643
34.9233
43.2319
43.5089
83.3935
41.3137
77.0586
19.9086
74.2235
71.7914
30.1564
14.156
8.38784
12.3256
92.3915
46.3534
63.5826
37.2127
24.6456
17.1344
51.4647
60.8998
28.9781
82.4409
16.724
9.15159
49.8101
23.8865
58.7782
18.198
27.793
21.8506
26.5738
91.2832
7.57964
4.79545
26.5677
86.6097
46.4859
12.9519
59.7297
97.7456
78.2854
67.7414
86.1328
4.74979
77.4918
54.4095
28.5291
78.2842
38.6938
64.5734
42.6638
26.4504
8.7923
90.0363
71.3008
61.2843
17.652
24.4826
67.6053
53.7316
87.528
61.6521
85.414
42.3009
48.8529
74.3155
53.5711
61.9864
43.2244
83.7862
71.7542
93.1114
28.5742
36.7459
72.3159
38.0167
58.6492
41.8938
88.7414
97.6334
61.2244
49.5629
34.5269
16.1472
86.1704
65.8425
71.3209
69.4181
96.5703
51.7702
44.7187
98.7444
42.2742
90.7403
95.1165
53.0452
11.0714
24.1721
10.1493
52.1844
54.4211
19.896
55.2375
34.0587
28.0544
27.9195
27.9054
91.3332
61.774
23.0577
81.8783
45.7713
79.9921
95.3848
5.81711
40.7657
17.7544
45.9349
11.0549
83.5159
57.5024
84.9902
99.1049
40.2215
59.74
21.9521
81.7874
30.6656
4.27911
74.4912
74.4307
82.8697
4.26859
69.4598
50.7494
79.55
23.3412
3.03133
41.7937
31.796
36.0788
35.7454
56.5142
52.8021
94.4621
82.7854
39.9081
78.2598
37.4962
65.1666
71.0871
83.2655
85.3706
72.8803
28.2264
98.7143
74.0117
74.7681
20.8288
43.7743
99.9703
27.7075
92.6361
17.4922
37.7504
34.0537
83.8091
42.1088
20.7386
59.8892
75.5466
84.3276
18.7128
76.8089
58.3132
61.1325
98.5473
9.55542
37.7442
12.659
1.19919
60.5492
32.8314
70.1457
82.5569
12.4686
16.4091
35.1412
52.6832
78.8372
75.9029
80.1242
52.2653
92.3065
22.465
25.9328
35.4402
30.4611
97.3523
54.9506
55.5915
82.7457
95.981
71.656
26.8926
10.6131
20.0714
24.8435
48.4839
32.9106
87.6867
99.6798
35.4315
88.0812
85.5304
94.5048
2.63519
97.7146
21.2997
43.6247
84.68
39.3085
48.2517
18.1607
32.3283
22.4164
81.638
52.7397
70.4062
10.9379
72.9845
43.2661
24.4828
9.97016
71.8764
76.6387
72.6789
89.2355
83.4412
74.4787
28.2687
52.0832
5.9941
66.1713
62.6443
63.465
98.4437
16.2898
73.4544
3.59215
80.6848
12.7314
61.4147
58.1768
29.0805
78.0472
55.2345
18.232
18.9347
7.2538
77.3939
83.2417
0.562135
66.4828
12.3598
5.3852
31.7756
49.9032
60.1362
98.3373
75.7861
43.3965
86.726
95.2337
52.2241
26.5894
48.3265
93.6988
3.75344
64.7419
96.3992
53.4495
84.4503
93.8245
66.4469
21.7105
85.5106
6.58179
3.5823
83.3892
37.4713
84.0241
80.3317
35.9747
6.67689
23.547
95.2511
8.87802
32.6232
68.3618
57.128
26.5628
56.6239
74.3278
34.5221
49.0273
65.9914
42.6572
5.22435
14.1815
17.7328
64.6859
47.0547
18.8756
13.474
56.0625
81.4903
50.1042
32.4249
70.1573
1.27842
74.2426
56.2432
67.5257
38.9692
63.0803
16.1626
38.7139
50.414
50.0986
24.5576
96.5788
68.52
4.68415
83.3917
45.7562
67.5462
38.0636
90.2323
81.9881
22.63
26.2458
88.2184
35.5357
33.241
78.5391
14.4491
70.2214
17.7777
90.8269
6.14023
82.6608
31.6528
26.1087
84.3091
65.357
8.6122
87.9132
11.2355
5.58753
62.5729
65.5859
54.0456
61.8528
82.4548
8.78041
20.617
74.0466
99.3605
54.1444
34.4425
80.4472
50.7062
42.4835
45.4608
71.848
25.8229
19.787
84.1027
0.494185
55.7198
28.0961
78.7876
10.6994
41.3624
47.6308
88.6067
72.5955
64.0049
50.7149
8.89849
43.3064
47.1728
19.7477
24.334
24.2688
99.2765
24.0644
92.2479
30.8495
11.9388
29.0532
0.074892
80.9037
85.2841
52.1623
12.725
97.2051
36.0372
5.88884
2.75405
99.2994
26.8576
47.5789
75.3089
14.0959
65.1554
22.1944
79.0435
89.4733
47.5577
94.0602
81.9091
99.8823
29.8714
47.3833
80.6899
33.8861
48.3251
60.7607
99.4572
34.3281
31.5649
6.885
41.9889
81.4147
57.0393
41.4641
50.3023
88.307
16.7433
79.3332
72.8072
36.4576
16.5773
15.6736
19.3266
7.17013
39.5611
10.675
92.3331
34.4663
95.5533
18.0749
7.05545
38.7002
47.1174
15.6324
78.2273
4.02305
17.8831
55.5945
27.2175
95.8212
49.358
12.4562
51.7918
7.10711
38.4326
90.5428
45.1896
43.0693
14.9874
82.2515
56.4773
61.3152
82.4971
86.1366
78.7741
35.0369
96.4454
85.1472
9.33145
47.981
21.1467
9.86215
71.1323
60.9056
84.2141
17.2793
75.7948
18.8801
7.80044
23.9121
6.18168
74.5252
51.0137
40.8196
26.7078
64.2723
85.684
19.985
82.3466
5.50593
50.2146
55.4549
65.2723
43.8896
61.6992
80.0815
37.8355
82.3821
74.1755
43.9902
50.8896
10.6984
66.4131
48.9628
48.8378
25.6806
85.523
77.934
88.4405
5.97971
88.2613
93.7327
88.3716
84.2961
88.995
13.7427
53.3848
18.1634
57.9727
45.5642
57.708
66.6632
20.9096
7.93032
90.9762
29.0058
3.49915
95.4824
30.9542
39.1944
40.3958
8.86572
75.7781
16.8176
83.7007
74.9883
49.3216
27.281
80.4623
45.1556
67.9803
19.1076
67.7611
58.9734
99.7346
17.1105
49.9619
23.3709
63.5527
9.28209
76.3792
12.029
98.7139
84.2466
26.8584
78.4562
96.4911
99.7244
47.464
99.208
22.7535
7.80071
7.17684
0.517744
20.4195
52.348
13.4911
2.37318
22.6757
23.8271
53.3975
74.9335
51.5083
78.4152
6.04608
47.6437
99.5136
86.4792
76.6073
62.1091
16.7454
37.4942
89.334
79.6493
48.2051
66.4135
44.1978
35.863
45.8304
44.5569
94.0222
35.432
5.75369
49.1841
4.54181
41.1345
22.3894
50.6481
29.8821
37.6014
51.7067
47.998
48.3475
81.3277
73.7403
75.3194
70.5528
6.63126
76.0447
86.9056
91.4258
13.2097
75.6504
69.9333
43.4305
52.1588
21.403
79.6645
15.0794
81.1949
26.8577
64.7684
94.6368
35.6914
70.6113
54.7476
24.1474
32.8166
29.5824
34.5068
66.3174
51.0088
45.8136
2.53265
21.1419
85.1296
16.1473
99.509
65.0278
41.4341
91.4877
23.0812
46.8715
86.1452
46.6572
77.5774
1.77207
47.5655
46.9457
42.4199
47.336
64.9586
30.5722
38.6349
69.9472
93.7804
5.07918
0.767353
14.5678
67.256
62.4522
44.1782
2.61184
93.6262
36.5449
79.7536
86.2544
63.0535
81.8649
77.4839
61.6993
77.354
18.8567
86.5099
85.5536
22.9752
34.4991
60.0188
85.2723
81.339
57.183
89.5856
91.993
56.6046
3.01026
26.4375
70.4571
67.4287
61.4846
56.5894
97.7372
37.8113
58.2779
36.9947
28.0361
95.9248
30.4822
99.8583
75.1164
85.2505
35.7188
99.5163
68.8561
74.8288
62.4502
14.2552
76.8176
73.0621
95.8799
78.0232
81.3432
50.5236
78.4192
19.4717
24.9851
75.3007
16.9758
38.9437
80.1173
13.8437
29.9454
70.918
47.3867
39.5684
95.5197
53.2163
56.3245
72.6124
1.83671
92.3014
42.2472
52.8517
85.6076
48.4548
85.9713
27.0004
34.3394
80.0067
46.89
24.5722
61.1346
61.8535
1.57105
93.0292
25.5771
52.5139
74.721
83.8731
92.1053
78.8044
94.1596
73.2828
14.3723
70.6699
21.8264
22.4348
27.183
74.0819
30.3162
73.7532
82.8408
27.2868
42.8419
76.8468
51.8312
5.30151
47.736
49.0711
4.12322
68.9442
37.2217
54.8078
43.1026
39.1191
20.8755
92.9506
97.7448
81.0065
85.1483
94.0396
43.0348
70.5635
96.9061
47.4325
75.6084
65.4378
60.6752
75.3491
62.3221
30.8345
6.42473
82.5494
97.5678
25.608
21.8944
87.4997
86.9792
73.7125
53.2359
91.9791
72.6682
17.5274
95.2354
16.3491
8.12935
25.7171
62.0168
33.9098
89.012
86.5434
61.1428
5.42052
57.4593
9.38872
22.1736
89.615
8.23836
78.4944
97.8486
87.2695
52.3665
75.7285
36.3347
9.14822
33.0854
65.5395
79.2647
16.249
57.284
64.2407
71.945
52.2033
36.2488
10.0817
21.1835
71.0842
46.7587
31.8887
51.4196
0.401742
70.6645
91.3371
81.1347
84.555
26.4105
45.8962
77.0833
42.9039
95.2636
37.8318
24.6548
70.3321
57.1821
1.69923
88.8152
17.8047
89.9491
83.2532
9.73948
74.6263
63.5484
28.6432
95.8201
90.8862
48.1242
72.653
74.8086
81.4326
99.3635
76.4629
42.3319
6.45794
68.1364
8.5493
10.1147
3.54218
50.4427
46.3931
39.6751
89.0556
22.2372
4.24868
67.6537
76.7809
57.3721
82.0215
81.1689
28.8579
99.3514
32.3678
5.43681
32.2428
30.7337
10.712
82.6451
32.97
27.1161
8.70768
88.4094
74.9411
94.5143
51.8419
93.2263
87.1983
16.9821
4.18058
54.4792
25.1602
89.4562
7.23097
99.5627
30.4787
82.1118
33.2957
10.3141
51.9646
78.1155
87.4191
73.2825
97.608
57.3766
46.0642
93.4668
95.2938
70.039
65.3056
93.8417
78.9887
22.789
76.5403
53.9933
3.05439
64.427
77.51
18.0121
13.4895
33.5655
37.0294
47.8463
39.3901
19.4156
17.2256
2.72917
59.2806
78.6462
82.8808
0.49773
31.9507
50.416
75.1517
72.4833
63.9289
28.0551
80.8548
42.6441
98.3075
4.37044
6.75386
98.891
20.323
8.57377
44.3119
65.9311
16.8583
34.2134
68.1617
99.5378
71.5991
59.2721
93.5838
11.2096
18.8178
72.6784
38.4821
71.5336
50.3847
81.4742
42.9287
79.3457
4.78897
56.6083
69.4131
80.1993
94.9604
40.0113
90.4547
50.2896
79.0107
17.6529
42.8593
94.2317
88.8186
74.4821
76.1813
90.0232
88.7251
94.4141
52.6819
86.79
31.9853
16.5614
48.6689
68.702
27.165
95.937
64.2228
58.8291
99.7584
68.0717
16.5365
23.2753
78.4244
84.2018
6.93919
15.6329
90.6411
55.7091
17.3429
26.7026
34.6125
29.8625
52.2158
17.4207
83.142
16.5481
28.494
28.9252
35.8414
0.684821
73.3399
98.892
90.5937
82.5517
44.8179
3.61577
86.2122
25.8063
37.6031
48.8131
40.5343
89.4853
81.9098
88.613
2.23254
94.2468
93.8409
46.1402
0.857487
66.7374
70.7615
70.6543
86.8019
8.28675
11.5722
34.5203
64.3024
27.9877
9.04256
21.9999
51.0464
59.4482
14.0452
16.5385
99.912
14.5295
99.4435
6.75931
5.82186
18.2097
20.2123
6.43107
98.5063
13.5035
96.1423
75.2216
8.0621
70.154
73.064
41.8399
94.3777
64.1449
54.7062
68.5262
74.3807
99.639
30.1612
96.4826
48.89
46.3614
34.8286
51.4637
69.0433
69.4102
31.049
88.4923
69.0837
82.4815
58.2537
54.5581
53.0657
41.9719
22.6822
12.7517
14.9119
74.6148
48.9527
40.3816
7.46292
38.0177
81.6774
39.5316
66.7059
63.2976
82.677
33.8897
1.25598
92.8008
67.3076
48.6916
48.9804
97.9464
26.7757
50.1583
86.8886
87.8607
66.3024
54.0184
6.01337
38.9811
30.2167
1.73476
36.8229
64.7085
99.5396
87.7278
9.99101
54.5795
70.6561
62.9632
84.064
65.3549
55.286
38.7602
29.0022
44.1018
1.36901
20.0214
37.6072
36.4863
57.9163
74.51
40.8664
94.0652
47.6049
45.7485
70.6966
35.4105
34.2309
81.4497
89.3795
7.89618
94.0396
64.9627
10.5372
29.5047
61.2113
60.54
32.9387
23.5182
28.0277
22.2454
73.1577
82.1217
23.4935
52.7786
10.5388
99.8284
60.6608
42.5189
99.1774
2.25549
73.73
77.1795
60.1617
20.1828
52.8821
10.0064
70.0708
82.9794
71.3383
83.1355
92.2003
31.438
85.6433
91.8999
18.3584
42.3786
63.897
67.9784
35.9564
81.9262
49.2252
63.7348
63.9688
68.2302
27.2417
40.2135
28.4619
85.3753
95.2551
23.5578
56.5624
69.7447
96.3597
61.5273
18.5672
33.8687
96.3818
63.3653
83.5622
47.5672
70.6439
5.71963
77.2238
35.9882
35.5308
77.6747
7.28795
11.3088
33.0977
49.7059
2.48314
30.1488
25.0739
66.8268
60.9086
97.1992
5.98909
80.0029
31.7731
55.2206
31.0248
79.647
87.2865
50.9885
30.2797
81.9093
52.5519
45.0116
24.1057
20.8817
17.748
99.2145
0.209606
72.4387
68.5464
0.875296
46.8146
1.95385
41.4594
87.9319
86.4392
50.1732
75.4456
95.7347
74.6969
57.4165
85.5121
6.30608
51.2707
33.2025
78.0754
66.5738
27.9395
59.7219
8.39228
64.9416
46.9211
72.0728
32.8843
89.1921
52.6278
46.989
15.8164
64.0718
5.94196
83.1254
89.162
62.6469
56.0123
17.9125
84.9525
57.7893
27.3392
91.7336
1.15734
68.0414
30.7763
62.1558
50.9379
33.1239
37.2874
11.9348
7.87985
27.1421
53.8862
11.4549
2.28598
53.9938
70.7509
37.3588
83.4656
21.502
86.2209
65.1734
6.30844
36.9153
79.8433
66.7121
93.102
76.1705
74.4189
45.5643
30.4873
47.4839
50.2725
32.4214
16.177
20.4867
3.77934
78.6565
49.3875
15.3605
12.4726
84.2957
79.4382
49.6832
41.3973
14.8627
92.5507
32.0975
17.1218
29.6254
30.7282
49.942
99.4831
51.3234
6.83057
93.629
67.9458
75.6295
8.69651
72.707
96.9429
73.6246
66.1097
75.9401
20.7256
24.7387
28.3527
26.8515
52.6145
24.9047
38.5726
71.3594
18.1417
3.96792
16.3169
95.0021
29.8517
54.0745
79.439
95.5157
51.9241
3.58134
39.6866
13.214
54.0892
78.2629
7.38039
99.6813
18.5395
33.4948
40.7457
14.4009
51.1429
71.2963
76.7684
37.3279
36.8572
8.02048
33.1501
10.6323
9.18974
86.1304
54.2045
27.0049
31.3852
99.4379
27.4617
44.0224
38.6425
36.3041
69.7651
42.2703
74.2403
60.571
64.1678
3.02269
63.1616
37.4202
69.3801
93.7369
61.8714
16.0729
11.9433
65.5089
47.0518
5.224
40.675
29.0604
12.8035
72.0158
68.3979
14.8566
55.225
49.885
96.7198
33.8645
50.4117
86.6092
93.0937
64.8674
70.933
66.3435
52.9095
90.0675
73.0869
85.166
51.0149
52.8201
7.80208
19.8572
43.7211
69.8096
74.2589
55.5659
8.77153
48.4168
56.757
44.4845
60.1279
89.9599
29.076
15.9989
52.3332
51.5869
15.4798
93.1741
81.2261
17.3154
30.3717
11.3231
83.2809
58.1428
53.5668
61.1849
82.4556
77.8557
99.4386
95.2553
74.3146
56.4152
35.7978
95.2508
22.2938
86.6137
56.7863
70.1309
44.3695
53.682
18.8714
93.6182
78.3435
13.2409
51.833
87.4883
31.1574
94.2534
15.1729
16.7245
63.6924
86.7342
5.28377
18.7527
61.6049
5.7791
24.4272
48.8148
80.5336
51.5586
78.9017
42.5131
52.8313
94.7405
82.1156
10.3523
78.8487
81.2232
11.5388
99.5951
43.1174
69.344
39.3394
68.3676
45.706
44.891
23.8088
42.1069
37.137
74.4126
19.1628
64.8869
87.2419
15.6108
82.8535
67.6618
8.19584
81.6108
13.9877
1.58411
56.3116
64.0368
97.6238
45.3166
1.76882
37.3679
86.3066
73.1804
92.4784
60.8624
43.531
29.8866
68.3818
5.30639
31.9233
80.1637
59.5636
8.33112
51.041
51.1616
75.4319
71.5
20.2249
79.8185
79.794
84.3969
88.7364
84.2583
57.432
93.6279
3.70278
34.9528
85.0612
81.7402
45.4614
45.6034
18.0629
78.9507
33.0215
8.10658
63.9522
44.1698
24.5976
55.4953
52.3077
26.8212
92.3287
16.6035
10.4611
40.4933
35.9032
45.8325
23.4623
52.9429
76.7275
57.4484
48.3382
80.3669
49.8778
53.12
37.2234
19.3401
52.3091
37.9552
4.75848
38.4952
47.5358
72.4104
16.2336
38.8226
68.0091
76.3933
41.5714
27.7946
17.6781
45.5534
13.3277
39.9397
92.3825
56.2038
44.8702
21.4394
3.47158
23.9334
61.0056
46.8786
26.0247
63.2803
0.410727
2.41811
65.7091
89.4585
69.1725
49.2813
11.004
91.5348
12.5643
74.8772
77.2725
31.236
41.8044
2.29192
69.2257
66.0082
60.8805
60.0345
38.9289
3.37747
26.5791
82.7688
70.2993
40.1022
4.77571
13.1797
95.3721
24.3597
86.3018
91.1494
28.9868
21.079
44.6183
25.1034
87.6597
95.6132
20.7063
52.682
78.732
9.25953
85.2836
89.3046
76.9151
53.4467
88.1456
32.75
46.7096
17.164
15.5134
77.0832
64.0285
63.806
10.6074
27.3209
10.3172
81.8335
59.9536
94.0472
22.773
29.2746
62.945
20.4174
90.9785
73.1676
97.5749
51.5064
20.3136
43.9883
78.1862
81.7433
28.818
3.95211
9.91812
65.4793
25.0455
95.5596
29.3512
5.23381
62.0215
23.5856
29.5148
51.6421
39.8454
23.3269
34.6619
6.36099
13.5473
77.7626
27.0542
41.8921
9.11993
47.0514
9.22635
19.5168
81.3738
72.5299
28.7223
20.6264
76.7768
44.2765
15.2438
4.15609
23.0372
85.7979
39.1023
1.97
74.103
20.2585
57.082
53.0065
27.4203
96.2739
43.8005
42.7041
26.889
72.0694
28.7002
17.7163
9.43226
48.1622
99.0214
13.7354
51.2405
95.2742
31.3686
4.59419
75.6562
88.314
79.4378
4.31966
98.4992
70.2685
36.7362
78.7751
63.6003
8.73715
6.46074
31.6772
57.3006
99.7324
22.0445
54.9979
36.9567
18.226
57.6141
75.9908
51.6882
53.5011
1.00293
87.1771
75.6493
51.2007
81.1834
26.3607
12.5543
2.21098
28.4011
6.56073
57.531
91.6885
31.1206
40.6585
95.4089
24.081
55.5847
71.7143
15.9173
0.0519504
10.4539
87.1869
55.9408
77.1469
52.4523
61.0502
91.9339
13.9183
47.3638
84.5828
81.9455
21.0177
91.1057
7.69042
23.6497
15.0386
75.4403
5.2185
26.2203
0.227151
88.0512
21.8257
88.5586
9.22604
74.3965
54.6595
63.9478
62.7011
55.2555
43.0485
4.581
13.8945
42.0946
22.9413
31.2042
93.9994
78.0919
82.2224
98.453
91.6303
53.9974
88.9065
44.4429
43.3452
84.8527
3.45778
1.8251
18.1111
81.5835
44.1015
88.6765
60.1488
28.2219
60.5502
43.405
34.0253
45.1394
7.75813
61.2634
95.7665
40.7916
5.78423
17.3235
60.5717
86.8851
45.3437
99.742
54.3136
79.2503
40.2479
7.89727
67.8909
33.2875
4.92267
50.7063
45.7331
42.6371
35.5544
80.1884
42.311
9.00437
76.2958
88.9954
56.8739
46.7271
26.5094
36.9905
59.4541
9.56982
96.8949
72.9839
82.3629
79.1032
49.9196
46.9695
59.8891
60.0585
37.6965
41.9653
64.5233
65.7925
33.5776
14.3697
52.7407
90.5064
58.4023
84.9035
28.6703
10.4657
25.0325
45.3416
5.06158
40.0292
81.6312
47.6081
96.2529
6.07975
70.5008
87.1559
98.6323
88.8976
66.7534
60.1781
41.6752
34.1977
67.5586
10.4626
69.0514
39.1734
76.5392
20.236
29.6389
72.6189
81.0001
41.6836
60.3529
47.4727
21.8689
45.9618
42.5258
43.4706
71.4616
53.4371
67.8071
59.8595
29.9206
58.4384
85.0019
38.8045
10.7669
99.8945
11.7964
87.1277
83.2344
3.46181
79.9669
43.7862
8.78182
23.1594
33.8104
80.5551
64.0576
62.985
12.0565
86.1489
99.5034
54.9874
0.820701
68.559
48.4078
98.2782
39.7748
4.10644
14.1903
34.3925
85.9625
18.6264
8.97851
61.8466
31.7793
95.2969
92.2714
43.3093
6.05295
16.5021
99.4274
37.7769
75.449
15.118
54.885
42.6799
42.7868
66.5821
88.8765
83.0936
76.6845
60.8209
83.0408
31.6891
25.3628
94.0673
16.299
43.145
79.7684
96.4517
12.5745
51.307
16.8676
73.4918
73.0061
0.277547
63.1547
15.2869
75.7337
47.2417
28.6768
47.6382
14.5102
17.8625
28.1368
55.5096
55.3288
81.6909
52.3798
23.4645
89.9323
44.905
99.5263
21.2583
10.3176
95.3912
23.9105
34.4303
49.1107
78.4229
58.3021
34.0963
36.1325
97.8758
47.1568
51.1352
24.2063
92.1447
20.488
5.20163
16.2132
91.8011
91.1278
82.9494
34.1419
13.5403
26.5894
39.99
18.2529
21.3821
87.4857
65.7056
71.479
19.1826
0.282965
42.5153
96.2535
96.7873
55.6829
39.1717
67.1287
97.1103
49.9641
28.3365
72.7743
34.7004
14.2217
40.5519
31.0242
21.3178
83.2404
4.49025
0.678884
30.4527
60.9174
43.4113
28.0665
25.2996
38.4813
13.1807
19.9489
56.329
77.0729
20.1917
59.0364
0.387732
82.4542
30.1693
91.5862
67.6207
19.0815
15.6016
92.7003
78.1904
36.1608
2.86349
19.3689
22.6889
18.2134
29.8328
48.9773
13.3914
29.371
2.66243
95.3794
21.2958
0.211808
85.2217
12.4796
17.342
25.1137
93.9762
78.853
39.9535
65.5743
67.5653
71.7799
13.9926
91.7913
87.8503
57.7103
91.9294
63.2777
58.4368
62.4488
94.7224
9.97802
34.6125
92.9986
9.63524
27.2463
59.5546
23.9307
22.1248
31.9444
57.819
13.2894
56.8442
30.369
3.71004
85.7414
83.0098
61.2008
17.2835
29.5037
70.073
54.8727
0.768484
96.8479
79.2196
51.4062
17.001
90.7299
76.7896
1.29073
61.1959
87.2215
18.5397
36.4961
80.5967
7.11232
18.3405
15.2015
18.7117
62.8224
30.5795
37.7584
61.5185
26.3819
96.7187
23.8102
93.5817
35.5438
90.4995
25.5639
82.7159
20.9172
2.11727
99.2818
62.9507
12.5501
61.2128
53.6602
38.943
27.5042
84.9921
51.8952
96.8818
72.9332
75.7067
48.5517
76.6037
72.8375
56.7779
71.6558
97.5391
53.7046
89.6062
48.3878
78.8678
31.3059
29.6037
64.3051
37.6022
8.21123
80.2259
59.8864
37.6164
38.7536
82.64
41.192
67.256
37.6128
82.5965
62.3125
17.4211
60.5606
36.1839
51.6566
30.7952
80.2142
71.2973
93.7392
56.2284
17.2563
56.7792
98.0793
76.9831
80.6555
33.4914
5.76049
47.152
17.4301
92.0153
90.4816
86.469
9.80858
48.1288
7.01653
21.0579
52.3992
77.7305
74.382
30.3193
79.9187
11.6829
73.8954
61.9598
79.0523
52.2616
98.2191
41.6222
12.1494
34.157
50.1946
77.5984
61.7589
58.6303
49.0162
27.4496
23.5255
20.4875
75.2968
89.8032
67.7869
60.5018
26.767
93.1013
33.1424
79.6148
15.673
60.6314
46.1021
85.7128
13.2704
55.9839
82.477
80.4285
8.82541
43.627
69.7155
5.3769
55.3098
41.9197
20.3327
53.1497
44.8362
85.5589
96.6736
53.4703
4.28982
77.7509
3.82821
88.4839
50.4556
83.9001
53.8293
84.3403
11.0103
11.1407
61.8404
58.9378
71.5369
87.1309
13.3943
71.1965
74.1252
53.4165
2.63724
77.8389
24.5981
71.7293
34.4326
10.8585
32.6828
86.2932
51.7162
32.6102
79.2231
31.1195
46.1547
50.3267
38.703
86.2844
99.5799
63.1347
11.0988
33.5485
28.1818
57.6413
87.5684
60.9541
92.4523
24.7218
98.945
13.6349
93.6527
49.6953
12.5713
18.2579
17.8067
37.9972
54.2021
54.0645
47.5396
58.3385
45.9577
93.7975
2.80967
15.4939
26.2596
20.517
25.9316
34.0891
84.5094
18.3693
58.6294
11.9939
5.6517
17.4703
60.8778
56.4739
92.8496
81.6419
69.6009
70.7267
79.6114
4.25403
33.9202
85.5063
95.317
10.4292
85.3134
77.8021
34.9571
42.5827
66.1658
83.6541
13.0016
38.1817
3.85263
75.8787
72.1293
67.1222
98.6911
34.8573
29.8972
70.7735
28.9151
81.3558
51.0473
31.6121
91.9308
58.8718
19.2019
46.5216
91.8977
27.8571
35.0484
44.2453
65.0151
11.6776
86.4891
84.6845
68.9145
35.7102
14.3477
72.8223
74.4373
57.4344
53.7535
95.2651
11.9673
55.1777
23.0299
57.865
78.1239
92.2429
95.7832
70.7398
34.402
3.80687
7.04524
94.2637
59.0499
76.8307
52.8904
58.4477
89.2253
83.8908
85.4263
87.8969
41.7954
53.3939
68.7136
11.0724
2.59445
69.7055
22.7849
5.97864
2.6272
15.0389
28.8605
64.4936
70.2513
30.134
97.7667
80.6753
2.35514
70.8485
2.65669
1.06034
11.0904
4.59732
23.0409
73.2646
64.1453
35.6902
8.61967
33.9087
17.4878
9.17088
43.746
93.1989
30.3006
54.8197
71.8786
63.1918
99.3171
83.3245
48.4967
41.9525
1.96889
76.7578
71.0198
24.8012
84.9536
89.839
71.2547
35.3441
67.092
64.6799
89.594
95.7621
22.7613
69.1774
6.48874
64.1417
55.736
7.11123
24.2584
35.1679
37.0433
86.4373
98.336
54.0133
92.0693
70.943
5.73326
64.4278
22.3004
18.7965
84.6544
67.2653
91.647
90.0989
82.433
4.27883
82.7783
85.4775
21.6545
8.70543
57.418
35.3316
11.7305
44.8258
32.4768
81.5514
84.2527
73.7495
1.71286
31.8662
21.8746
31.8662
34.8808
4.38715
83.7624
85.0285
39.5832
23.0308
52.7439
73.3155
91.1794
27.8275
72.285
55.2115
25.2326
33.7174
20.3131
37.3666
6.6657
64.6297
45.5133
90.0302
10.6945
32.7699
6.71573
24.2093
88.6608
80.5773
42.5727
66.1583
73.4516
0.505514
87.8057
65.4098
61.3661
97.2488
49.9045
0.432189
58.8414
89.5301
47.2002
85.3127
75.3779
22.0867
65.0465
79.261
54.6039
25.4631
96.932
43.3245
99.7333
78.2126
39.7529
99.0899
50.1592
20.9521
70.279
21.0429
8.53418
0.600239
27.4387
29.7819
93.8323
69.4253
41.5839
39.4079
27.7302
83.1593
42.1604
31.072
39.1539
91.2646
9.25316
62.7648
89.914
52.8865
44.8752
99.2677
33.8126
38.9728
10.9371
19.2571
42.3814
87.5079
12.1569
47.9736
6.77404
34.1753
77.8402
72.6061
31.5575
37.5078
56.0141
40.8443
78.7467
61.8651
71.5595
83.5447
51.7715
77.1385
84.4408
90.94
64.3488
13.2317
16.08
72.3949
15.5972
11.2495
48.2751
99.9289
35.2732
36.2604
18.4673
7.60509
59.6177
11.1765
92.0151
86.5746
43.3613
36.2486
8.26551
53.9067
69.6966
97.4391
44.5082
41.7355
62.0196
59.9237
19.411
24.822
41.6516
68.5613
41.284
4.75893
9.10036
5.05371
91.5816
34.0276
71.2649
0.334628
40.4668
90.1942
15.2166
64.2126
82.2674
67.3828
47.4457
83.7978
69.9954
10.2771
76.6995
85.4318
91.8857
27.8183
20.5669
70.4274
24.4905
90.5083
66.4553
65.4711
46.2551
42.2316
63.5644
47.9117
5.51064
62.5231
11.0703
89.1399
15.9528
72.0853
94.0158
10.8043
40.9237
36.6915
32.4341
40.5097
97.1042
78.6232
72.6908
94.8053
78.968
55.8379
50.1151
36.1536
56.0618
10.9027
20.9506
54.8565
38.0356
47.6233
50.9888
36.1804
59.3873
0.702742
62.1385
83.9545
37.2199
49.2948
3.72063
96.2655
69.6654
52.1644
38.9084
58.0613
61.7436
25.8772
20.9461
66.7976
35.0945
86.9315
74.9397
82.0179
64.0354
27.7992
30.9023
89.7592
16.2582
17.9947
24.3935
86.2222
45.5864
96.6161
33.8481
74.6378
11.9066
70.1522
35.7807
22.4745
73.761
23.0234
13.6217
82.0171
92.9093
92.0587
13.6444
3.82096
68.4804
6.61797
45.9326
26.0008
95.2575
97.093
75.0072
13.097
28.717
10.0806
7.52326
97.5692
70.9536
17.63
74.877
23.4289
54.8306
76.5839
68.6399
48.3999
19.4166
27.9906
2.56599
3.41365
91.3309
99.3669
37.4928
75.2625
70.7385
28.4011
64.2783
50.5137
23.7163
97.0974
33.0553
88.4636
94.9034
57.5892
29.0467
53.8107
71.3528
94.5912
67.7978
97.5938
27.0273
16.5896
84.8442
15.6249
17.5491
62.1579
33.873
43.8024
62.1804
79.1889
80.3978
55.7363
11.4959
64.5972
87.678
39.3408
37.4507
32.0192
21.7445
18.7498
11.221
34.1075
56.024
31.2498
36.1774
99.8453
2.86716
34.1891
9.7808
88.1077
39.7954
82.3639
13.1263
80.0935
32.381
55.3797
15.6034
37.3299
45.3318
75.9905
16.9309
12.1035
56.9742
13.9645
61.7649
42.5636
48.5728
59.343
99.4418
32.3862
58.4899
72.573
64.9601
49.8505
95.5865
87.3841
28.4891
86.3666
79.5795
19.2774
51.7963
94.394
26.2824
84.9066
92.4927
4.56559
69.2688
41.2961
45.4083
78.3666
11.6216
78.0244
24.3794
22.5758
82.9249
19.7773
36.5506
98.9575
96.0945
82.0621
58.7645
52.3417
96.1055
82.544
58.071
55.4619
89.88
59.3929
50.9986
54.5051
55.1227
67.3057
56.0142
31.4255
40.1182
31.6132
34.0661
56.33
4.4814
47.7193
19.3233
80.5579
56.032
99.777
15.2916
77.2038
6.55565
69.6784
65.851
82.3523
20.2768
91.6207
88.4253
26.1254
62.0464
57.8833
79.347
20.3546
64.1032
93.212
15.4165
91.3595
94.3021
32.2913
67.2566
68.7391
31.1489
47.5128
81.764
52.1832
36.8694
5.08708
77.5732
99.5689
15.8556
18.6468
17.505
54.1526
97.6197
33.1051
17.109
78.0382
87.3887
33.7758
87.7633
45.5579
35.6522
48.9995
93.8627
75.401
51.3119
70.5191
88.0078
49.4053
88.69
0.454209
94.1614
27.6183
21.5612
86.0497
80.1353
4.66946
81.1374
10.4826
8.28002
31.6339
54.568
93.2211
30.6165
46.0572
22.1601
65.4566
0.316377
41.9103
12.7344
28.01
46.504
57.8803
71.0738
70.8818
36.7399
24.6051
39.3398
26.0368
67.2672
91.6151
58.5856
60.2442
47.267
94.8241
3.21438
35.0359
59.4886
12.8342
4.50189
75.5411
18.39
9.92249
70.9635
76.5409
0.504606
83.0725
25.043
55.98
68.6385
86.3401
17.0077
72.2446
63.0356
67.7147
23.6727
20.9891
36.7593
8.38366
51.7356
25.8176
19.025
41.1713
97.8617
41.641
96.7332
64.9974
60.2399
66.9728
35.3139
64.2576
78.6808
98.0398
7.57419
75.1083
98.1782
68.3653
34.7553
46.1888
5.11031
53.3199
40.9609
32.4118
72.3278
30.6835
38.4071
8.19522
72.9274
25.5099
19.8769
36.4371
97.2673
29.768
73.7848
55.4676
29.2509
93.0368
20.3652
34.4111
60.3726
4.92392
50.0358
5.85717
26.8678
53.1699
63.6812
94.7225
23.0473
42.9695
67.5059
88.5259
2.05135
88.9505
86.5198
53.1064
87.9419
51.5234
32.902
65.6421
35.2645
55.9044
67.8752
66.6729
8.75692
52.2929
69.4567
54.6504
49.5008
87.4692
29.258
22.4502
45.8489
72.4275
73.2179
15.7319
20.2196
23.3869
38.1353
1.09811
12.4402
95.1245
48.4114
14.4998
42.0213
69.3852
57.1836
30.7456
93.232
27.9505
9.94054
8.5113
97.4556
81.0151
86.826
96.3232
31.8625
16.6361
40.474
47.0381
4.40201
48.4923
87.2608
55.9057
80.5227
36.9478
39.014
55.958
82.5978
22.5331
43.757
4.64071
29.4349
20.7988
56.2667
1.05963
99.5251
80.1096
91.4118
47.8349
18.5139
60.1295
93.0952
91.7394
73.8609
54.2747
55.6247
76.6769
99.638
40.4148
70.5572
32.5999
19.8736
20.6274
17.0937
56.8688
26.0952
26.3046
52.4881
11.5026
81.0005
29.685
77.342
60.6821
33.1506
81.2638
95.0207
78.1803
98.0365
78.018
21.0669
41.3115
41.5847
79.3128
4.05756
20.2604
0.362998
75.6578
85.6038
72.1387
17.4518
35.9245
22.721
64.8001
67.4154
51.4801
55.3348
4.11192
40.8242
81.2885
0.345121
46.2023
84.9965
12.4381
62.07
78.6772
65.272
19.4901
10.4353
51.3216
95.3557
65.672
62.1205
84.2495
32.3868
39.0525
81.0973
3.61558
37.9103
45.5483
95.2837
72.5886
12.3728
10.444
83.6054
28.2872
31.3317
75.1366
45.9277
11.1157
61.1513
98.1049
39.087
42.3067
45.8906
23.8776
19.6956
65.8507
68.7328
15.161
71.5252
38.1989
81.8983
27.0628
5.10515
55.2145
78.6631
36.8831
13.652
35.3143
72.3698
71.4489
11.9671
36.9381
37.5278
11.3649
54.6052
43.2048
58.4759
17.0413
73.1339
18.4382
63.8786
47.7139
67.8744
50.1691
72.1407
14.2934
87.9781
77.1128
81.3261
17.9464
31.9118
61.672
5.37033
28.1585
0.873929
64.5587
56.684
94.8102
26.9928
8.44274
12.8812
54.3536
29.1638
55.6126
59.9043
78.1156
1.51557
2.45944
45.5658
98.1557
29.0608
70.3489
87.4829
6.02299
89.4231
3.44221
15.2428
6.16104
19.5325
83.9216
81.0506
86.177
82.7072
25.2853
0.566692
89.9864
15.0801
95.5799
0.482867
47.1972
45.2826
20.5355
91.0349
1.38436
48.9885
15.9831
12.7297
55.6598
4.07005
74.4213
2.5381
66.7494
65.6707
65.4292
44.9724
64.6137
21.4393
47.6922
99.9873
43.9783
51.3533
63.5877
79.4997
94.3807
67.1394
75.9353
33.2244
10.2388
59.7967
74.2278
50.5572
74.6785
80.2531
64.3438
81.6194
42.8439
63.024
98.2719
11.1044
19.4912
3.60518
95.8769
70.7715
46.9733
11.8615
11.7874
53.6122
38.2413
81.2916
94.6139
26.3477
7.81511
29.0193
73.6996
48.1856
0.290591
97.7592
17.6528
60.9347
71.4068
62.3956
11.2424
58.6434
3.07308
23.8175
93.0598
98.8333
86.3659
54.2318
83.7596
54.2754
15.5399
34.8463
46.8052
91.6953
16.2653
29.3011
19.0916
19.7148
49.7289
34.3221
88.3834
94.2675
58.8747
73.039
38.0397
86.9721
71.4933
9.58976
58.4249
52.5258
95.9745
68.469
24.6099
52.8428
91.7486
95.2633
27.6609
69.0641
69.4523
82.9335
63.5271
8.0127
12.0424
62.408
44.9272
10.9648
92.6364
56.9952
27.3869
10.9296
37.0776
68.3163
46.4274
64.2874
86.7934
41.7524
21.2807
60.6452
16.0181
26.23
18.9859
96.6853
75.6617
89.428
6.05667
7.1554
19.1118
12.2771
9.32486
12.8266
66.555
23.8129
39.1232
89.7574
62.0976
14.0418
74.0807
6.7323
95.6652
26.3362
70.2785
88.31
24.4961
73.4024
67.5038
5.7782
23.0756
2.20994
58.7086
4.18277
85.9844
25.7059
44.782
37.3307
31.8921
15.061
77.0885
35.0461
91.5378
59.7968
69.4625
53.7676
55.3104
94.3812
32.3246
32.4791
58.4652
71.7731
83.795
87.0455
51.1608
29.8804
40.0474
84.4657
76.152
41.3236
0.234843
96.2394
46.6239
64.0834
12.4309
56.022
24.0757
19.3397
54.8268
49.7226
24.5949
47.5179
65.95
9.33051
36.707
61.3465
2.74152
57.5199
50.3396
22.3741
80.3748
95.4306
46.5756
47.4046
36.4119
45.1118
36.2576
17.1345
9.50443
40.6643
44.8476
22.1414
20.1675
87.6817
24.54
48.7608
50.4815
10.3752
64.6098
93.4854
5.17589
43.0604
97.9871
68.9584
89.6899
26.5805
57.7637
68.0207
26.6113
68.19
49.4891
3.0901
45.0839
23.8873
8.47756
62.1444
96.6786
28.9654
25.19
30.3953
14.6475
45.1769
7.90648
28.5444
52.6116
56.8544
18.5351
94.1664
53.8798
50.8089
51.5076
68.6873
36.5131
70.9341
86.414
14.9918
65.8016
50.368
18.3164
5.86118
32.7073
8.54357
13.7676
81.2698
74.1282
57.1621
35.2656
39.3065
55.1015
1.87358
37.8795
41.9802
90.6943
69.3585
15.6688
11.6609
41.7493
38.6784
13.1525
97.961
87.6067
54.8973
46.1367
50.2076
80.2111
58.6152
66.9286
73.6372
20.7215
91.0376
25.0411
27.3329
7.8337
87.2323
60.7022
33.7209
66.1049
27.2745
54.2587
0.764093
15.5649
82.8294
52.7031
95.4972
75.9905
56.3073
45.2739
10.6877
96.0646
50.5652
38.0419
78.2456
18.4115
53.4277
77.4477
32.0838
14.392
93.8102
90.2943
6.96237
25.6262
88.4278
49.958
39.6146
57.3204
67.8713
78.6768
56.1343
89.678
86.6091
28.4023
17.7694
19.792
8.26516
41.3417
1.1627
72.2741
72.5956
71.8497
66.5232
93.7543
42.0586
58.6856
44.001
4.74259
46.5496
63.7909
95.5622
86.7757
2.93384
65.5223
61.7539
39.7695
94.328
26.9227
96.7804
32.673
47.9202
17.4011
47.7211
41.0238
24.4874
80.6888
38.7748
23.2713
57.3573
87.3196
50.6759
71.5159
95.3244
86.0903
1.69583
82.9676
77.0289
23.3406
42.0231
47.3229
12.1148
68.6133
42.7922
21.4648
42.3904
73.556
87.7195
63.3169
45.7758
37.2899
79.0851
85.6833
86.4857
57.9725
86.1971
20.5339
69.2712
33.4688
57.803
4.25922
1.04787
58.1622
39.4611
63.5239
14.8945
14.0091
76.9557
98.9591
13.7664
61.2265
66.9498
86.0616
33.3542
43.2845
86.8773
64.9883
62.6364
85.0756
16.6638
27.7552
38.0277
62.1128
12.3052
27.9119
36.69
2.92371
17.6558
32.1957
72.3356
45.595
32.8585
58.2155
28.5584
98.7763
27.3565
90.5198
39.6843
31.3234
18.4498
74.8147
60.3687
16.8453
38.1892
6.89728
36.3147
30.172
92.6536
21.2873
34.1236
27.0288
94.5442
52.6334
21.9255
22.5846
67.2377
0.142757
95.6705
9.06555
72.5775
30.9271
83.9879
9.46951
16.833
24.654
81.9918
33.9577
7.13276
34.421
84.3397
93.9453
64.3284
26.1051
37.5583
59.2326
86.341
51.051
49.4977
95.339
32.4923
33.6736
21.0106
55.9056
27.5781
63.2884
78.1043
24.1078
25.7827
89.7849
74.8787
10.5856
4.89323
77.802
84.2218
84.6137
32.7903
47.289
66.5135
26.2926
53.3394
59.3461
60.5302
76.7771
92.8313
47.8035
56.9152
3.16507
45.1418
74.2232
3.38968
73.2524
45.1706
5.42921
71.1466
44.7059
97.2578
5.41808
23.4005
24.0562
17.6169
25.3103
72.8254
78.865
70.303
78.2379
38.9403
76.0103
50.3016
40.2135
4.9997
77.2353
93.0058
1.912
85.1658
88.4328
83.2074
58.9276
53.8326
79.3956
9.53114
36.247
24.4851
78.4064
86.7198
87.2599
47.0136
0.207864
70.7915
5.46335
42.462
66.9898
80.1377
80.8802
85.1483
31.5143
15.5773
61.0852
32.0687
48.2675
16.5629
58.8308
75.9451
70.8303
80.5822
16.5804
0.648863
92.5721
75.4294
47.4109
71.5344
5.93551
61.133
77.5363
29.0566
11.9614
72.2964
64.4475
52.1993
42.9556
54.5028
18.5961
90.5096
18.454
45.697
36.6777
59.0205
15.0809
87.4293
35.0189
1.71776
6.04772
94.5127
13.6721
88.7824
6.0476
12.4812
1.87333
30.2671
31.2657
30.627
13.5374
2.8829
19.6965
61.4393
90.914
45.1515
83.5376
1.92193
58.5398
53.8751
70.8819
32.5821
83.5643
37.5444
11.7544
31.4815
10.3907
26.0958
94.9751
27.3192
30.7411
1.93954
16.0115
68.9792
59.536
77.4398
36.5014
0.757408
62.7409
25.3307
88.0656
78.3079
79.293
94.8475
6.89669
15.618
7.06145
60.6316
17.0701
37.4974
81.4223
5.68108
37.3892
45.7879
10.0034
99.3426
22.9263
15.946
56.9459
82.7984
73.8726
16.7456
57.8599
49.6925
97.411
13.1735
40.1712
64.9925
18.2598
77.9151
17.228
74.3306
63.2973
24.8044
83.9277
19.751
18.5207
63.4296
93.6035
14.5394
89.0189
39.4911
89.3207
85.2735
69.3435
11.4353
57.5938
40.5773
51.9838
37.8432
38.2091
60.2391
41.2664
17.6008
2.89739
41.7539
50.0188
30.0514
69.7748
13.9122
45.8392
89.1998
89.2255
36.9284
4.36567
25.8721
9.58958
91.5084
37.7175
25.4567
81.0401
58.42
40.1837
20.63
92.3817
14.2459
46.3769
82.3926
31.2018
44.5001
71.9385
49.5949
19.0316
60.4703
51.9922
75.2868
39.9295
57.1507
36.9174
9.89013
14.9534
55.0098
66.2934
66.7844
53.0722
26.1462
10.1547
17.2185
62.6744
54.4475
78.8907
43.1726
10.1801
6.67393
86.1955
0.638991
88.1277
97.0609
77.3876
11.9165
70.1085
30.4077
82.1508
32.0309
85.886
59.1036
6.71224
46.6469
24.3417
98.5506
4.53875
12.5563
66.1228
55.491
59.614
15.084
39.5329
15.0861
26.2912
75.3066
90.2077
62.6341
92.3503
17.3308
56.6048
32.4077
9.10944
79.616
98.35
12.3948
74.8001
6.97243
24.4126
41.9287
65.9864
85.232
71.374
58.0714
39.6509
98.4234
50.5319
55.224
24.0672
27.1159
34.8875
37.3765
17.6916
36.9923
8.60269
47.5571
49.0677
76.4268
28.1868
65.6959
27.5423
12.1359
52.078
23.1218
95.7057
33.5387
54.3066
0.541455
67.2317
43.1209
26.8142
74.568
46.0244
39.3735
63.0419
77.8718
49.4336
35.1938
94.1543
65.5606
97.3878
84.0478
37.4034
39.9619
72.7251
86.3189
52.4753
68.7625
43.0878
29.1321
77.9963
7.01193
92.5468
73.5769
18.6379
89.2015
84.1745
8.63872
92.5531
40.875
5.77573
9.91
93.5401
83.6951
31.6114
26.9519
19.389
41.0332
6.90038
15.6451
23.1013
47.6985
73.5477
69.6835
96.057
25.0136
11.8077
83.7534
67.0924
10.9546
69.1173
64.3904
1.61953
21.554
30.1773
5.17591
61.0633
70.1919
64.6712
26.7224
17.4379
67.3862
63.3335
46.0837
34.2128
79.8211
17.5077
95.6533
41.8386
57.0443
21.004
94.2962
15.4939
11.6475
57.0008
71.0414
18.5082
5.03918
17.8975
52.4563
42.4996
77.2302
35.2932
93.8604
33.5253
15.2212
2.19002
69.7343
21.7342
58.9363
79.1116
54.3211
96.251
94.412
85.9719
99.1532
87.9181
2.52187
49.8577
57.9219
39.804
91.5129
18.3662
53.3857
27.5831
23.2853
1.93085
21.0744
52.648
20.026
70.0081
86.0396
63.4563
68.0677
17.6573
40.0708
45.653
76.5543
64.9641
9.36085
66.9989
15.4575
18.1788
40.289
29.4468
88.6283
70.7426
12.1977
80.549
87.6483
74.2043
64.3095
56.0418
58.5781
43.8458
87.6557
68.311
93.5418
3.69161
99.8063
16.0167
38.3238
53.1429
17.6808
93.7688
47.5069
73.4122
4.47345
67.8509
4.27207
68.0671
76.1367
24.2352
30.3474
73.5458
16.6752
46.2301
18.4324
64.6663
44.8258
21.5349
56.2373
76.437
37.9395
34.4699
8.60454
36.6238
85.2396
60.0172
20.684
3.57444
92.885
46.9733
48.4735
46.0234
2.80588
48.7463
89.7438
2.47769
78.1409
35.8361
65.2721
78.0465
52.2968
42.9325
96.0339
69.3326
41.9784
99.7643
36.7568
65.0264
68.391
8.76697
93.7639
11.4475
2.63618
41.2017
78.6028
93.0658
30.6364
62.4525
97.2252
17.7152
65.5281
23.4022
75.9381
57.5818
41.4948
37.39
2.84893
15.8891
43.2651
75.8858
39.0769
86.1426
73.625
78.9222
23.24
93.5351
6.99791
81.5341
11.5215
5.40983
40.7764
19.2367
24.1921
75.2504
4.69992
28.7473
40.5427
82.5773
64.0043
71.6899
44.6281
48.0315
17.6362
47.3323
66.3959
17.6816
9.70564
93.174
70.4124
39.8099
96.3528
26.8248
28.6993
29.6127
79.3832
27.0314
52.6903
65.6031
95.0869
71.3059
70.3067
57.316
54.9536
77.4942
13.6226
22.63
99.2401
9.15665
77.4194
33.2152
0.49777
16.098
11.6093
75.0097
79.4111
92.959
42.804
12.801
87.1858
12.8334
46.0033
26.0901
48.5966
25.9775
50.9587
98.7642
84.5324
20.3996
43.6825
68.9623
70.1949
86.6781
14.1309
77.0072
36.1488
36.579
30.6376
74.4634
84.2088
84.9622
12.314
48.3335
80.5277
70.1229
64.6133
73.1737
26.2463
15.9762
37.215
2.03667
57.286
47.9944
35.661
76.7729
26.9274
95.3116
33.602
28.1642
46.2036
88.3413
73.0858
10.0125
98.2537
60.3551
95.9045
96.974
40.587
80.2823
61.0058
63.2977
10.9357
2.10344
10.7035
70.3955
73.8121
98.8616
77.7902
85.619
76.622
86.6421
59.8656
6.03024
72.5161
49.8763
88.5171
57.1729
48.0665
39.2783
68.1852
77.3271
48.34
45.4445
40.3741
24.2803
68.0491
46.5306
60.6378
10.5146
79.2531
94.1702
53.6515
47.2991
34.8014
91.7915
20.1339
64.1543
78.0458
24.2685
61.0152
31.2793
21.7133
42.9094
52.5281
14.4506
69.2779
7.94832
32.9843
41.7296
19.035
43.8466
38.4989
9.61528
95.9461
57.0808
76.3986
36.0392
56.4242
58.8165
72.2322
65.1449
47.9348
12.9642
10.7369
54.1142
73.3157
61.4208
72.1504
33.2008
32.584
3.63138
94.0932
4.51135
32.648
28.6638
16.9228
1.00058
29.2182
16.5723
28.8408
55.2234
61.4062
60.7332
33.9176
11.1206
7.20477
6.85246
47.0309
1.39329
85.4775
90.918
12.0901
56.2997
76.3749
15.4181
18.8246
39.2044
69.9319
31.1667
18.4802
81.3404
77.7091
98.8269
82.3651
32.614
28.2706
92.4923
53.1572
21.2561
69.5335
96.7169
87.6385
56.6493
59.6715
36.7088
8.39833
58.9166
49.6913
12.7366
72.1882
3.55465
4.28998
86.8625
12.3744
44.3453
70.817
20.7604
94.3396
41.154
61.3027
75.2501
83.1675
81.3478
36.5324
89.9513
88.242
38.9251
0.39169
30.3065
4.65416
33.194
82.424
94.5978
98.5645
65.6998
1.23845
12.3505
72.2709
19.0542
86.059
28.1994
65.7889
76.3951
14.129
32.0272
47.8866
56.0445
39.3258
18.2917
43.1278
77.4851
47.5522
17.2472
52.4491
5.13042
37.2292
22.0581
23.3705
21.8127
38.522
53.1364
47.4459
30.3189
96.2544
19.5452
91.8437
44.8988
18.1248
93.6099
91.4787
32.8881
82.2526
87.0946
62.6723
62.8656
60.2474
98.9949
8.62803
40.3164
92.08
56.4194
90.6354
65.0444
16.138
31.7535
17.9806
75.6507
17.3502
60.3828
92.7447
16.9486
40.3715
62.3541
93.5362
14.5898
73.0675
74.4533
85.4337
6.38607
6.11116
8.82689
19.0407
67.1944
82.5231
34.5742
82.0067
0.535116
77.3674
1.3698
52.0232
53.7977
97.9369
83.1364
92.7362
27.2364
24.6998
28.8002
90.0581
51.9097
68.2673
63.7843
31.1691
0.846951
84.8402
45.8761
18.929
54.5534
79.4038
68.7203
85.7505
84.2562
51.6594
91.5298
83.1093
95.2346
59.2296
72.753
27.2009
1.53743
71.4441
70.2654
39.6312
29.7929
83.5495
11.0387
32.6989
44.2255
30.1357
38.4625
22.6332
1.98378
78.3014
50.6303
58.3007
1.60482
91.6441
88.8868
57.4588
66.7922
0.812226
95.4233
52.8072
84.2367
26.3602
93.5852
17.5562
49.9012
83.6947
64.3144
17.5819
51.9144
10.4061
85.2178
55.0011
29.082
64.8826
0.0701245
72.0972
75.7
18.614
4.57493
11.9083
78.0216
74.647
1.92649
23.6992
14.652
86.1403
93.61
0.945422
55.6802
67.1395
46.9736
32.143
73.8671
97.7456
59.8672
24.6689
11.6437
39.9023
87.0528
62.2837
71.7393
61.9746
19.0487
37.7984
68.1769
39.6013
51.8426
43.0624
54.5996
79.576
87.2489
42.6661
93.5061
34.0573
7.41108
20.6723
49.4435
82.6305
20.7493
36.4203
17.5984
74.9035
96.5672
33.3136
59.5265
2.40555
10.5703
52.1647
60.2661
42.7922
87.5277
77.6315
2.11026
64.8911
28.6546
85.6664
20.4615
28.2945
29.1301
27.8035
86.5303
49.3928
45.2264
9.14866
82.7487
73.5882
74.3299
49.3155
29.1734
11.7408
23.5716
38.0578
64.4314
55.1491
21.3744
66.1975
55.9739
61.8586
66.5764
14.5107
95.4898
5.81558
26.2386
68.4293
21.3142
73.2066
94.7586
10.5841
84.0414
65.3583
70.6513
99.3969
36.1661
2.76436
36.2037
52.2647
63.4147
9.06312
20.4328
63.7322
96.1452
99.7019
50.0801
25.1856
52.7518
47.6945
58.2209
60.3723
90.4604
24.7605
8.05322
1.88192
13.9878
0.800496
21.2146
73.7836
98.0329
13.8101
11.9607
91.7946
79.6866
45.4694
75.8111
10.3683
33.0196
69.9499
69.8185
25.1947
30.975
0.563848
30.6631
55.0784
71.2343
42.8864
49.4606
12.0559
50.5863
9.46486
74.2716
96.9029
32.5884
31.8066
21.3199
92.8362
14.5813
88.7057
9.74425
8.97382
31.6932
52.6926
31.334
77.3396
29.3001
9.9756
18.8112
3.94807
76.3548
85.7914
50.2439
20.7868
13.3518
32.355
89.6413
23.8774
7.73265
92.8269
19.2947
30.305
53.1344
98.7528
98.4306
78.8097
17.6847
39.4402
50.4592
29.9312
79.3437
30.2105
84.257
88.1044
25.7277
20.3353
75.1299
63.558
60.8161
18.1767
4.06377
78.6656
88.8289
59.3995
39.5469
23.7226
54.7994
74.1658
46.3586
93.2109
22.2618
13.0976
47.5251
98.3259
88.6941
31.1766
7.19384
23.1991
1.87103
17.5774
48.4341
14.5703
5.50718
49.5976
36.7506
48.1957
78.5376
35.7687
29.7089
28.4822
10.9671
20.0057
50.9215
41.982
98.3986
76.5225
12.666
64.2291
98.9881
68.9977
55.3672
40.9297
98.2405
41.2821
67.9891
96.194
29.0616
42.8109
10.3837
34.1597
40.5863
28.4161
92.0063
91.7194
44.2519
18.8656
91.0155
26.6871
15.8167
75.1703
9.51188
91.5347
1.57963
12.2311
78.4149
28.453
94.9766
13.5433
52.0033
67.4488
9.4347
39.3349
3.55295
44.5538
80.4993
29.2826
53.6758
68.2533
24.4139
72.4468
47.4669
98.929
90.9791
35.1753
97.3573
84.8101
38.5953
51.0981
98.4566
54.3537
39.7761
83.1751
74.5265
2.72689
31.2062
86.2493
53.6437
55.2527
91.8665
48.218
30.107
51.1595
66.2841
63.1468
75.7242
13.4033
13.9855
93.5529
10.5358
97.1298
21.0416
23.6755
44.6042
93.5395
25.6297
70.9
8.00624
94.1999
1.80794
84.7727
82.5076
67.6988
15.8583
8.81472
81.1714
99.7016
84.3297
66.7969
99.0406
1.20803
31.8797
69.5412
59.6717
43.2838
13.423
22.3276
66.5215
59.6673
14.1387
82.1271
95.3132
14.524
8.03672
47.3831
47.1084
72.5867
51.9445
19.0592
46.2156
31.4392
49.338
94.427
7.87703
19.6547
21.0602
54.8704
40.3534
42.0954
82.6859
36.216
91.1254
16.2223
23.2511
54.8487
73.6765
77.135
57.0977
65.7118
97.2136
34.0742
18.7397
68.0693
33.2366
41.9937
20.9228
35.3553
63.8528
18.1272
44.5953
5.36742
69.6268
41.5869
72.4826
17.7937
40.0737
37.4852
2.20822
30.5981
36.4924
21.0825
98.6538
4.64536
33.1585
3.38718
78.5834
82.5001
87.0596
51.4701
53.0033
98.5693
88.8258
26.8831
27.1864
45.1266
67.103
11.9715
87.473
19.6319
9.6955
25.2708
63.6923
72.2178
35.7198
39.466
43.3869
28.3786
97.7182
39.6958
70.6142
75.8313
13.7305
15.7011
72.1513
77.1404
31.5177
91.8142
58.8928
0.326811
42.4728
84.1011
93.4241
37.7206
46.391
40.9053
58.1095
3.77155
9.90736
46.5008
30.8954
17.1066
20.9538
49.401
23.1197
21.0518
35.8647
71.2917
63.0354
34.0142
32.41
46.1979
64.1266
36.0543
14.2615
15.1558
53.9704
19.2923
87.0255
64.3152
33.764
88.9887
52.2595
5.2273
28.4804
8.37548
70.5058
44.4683
26.4104
59.9397
47.1477
76.7224
11.0552
0.0131665
90.7958
51.811
34.6695
15.5954
94.1315
24.5563
38.1853
53.7443
62.706
58.3714
78.434
37.2341
11.6113
98.7586
74.0137
16.513
70.6509
88.9676
79.7314
12.6647
14.4263
79.6906
93.3484
39.4168
90.7314
56.2582
39.0064
54.3376
6.92726
98.0345
11.5177
77.6129
69.3797
72.6998
68.1908
3.53679
49.0211
88.5903
43.5576
13.3094
32.7469
10.8054
6.03607
56.2903
1.17007
2.05206
41.8245
83.1517
15.9994
86.3502
19.4998
41.3888
24.6009
5.90605
70.467
99.0464
88.1456
90.931
5.68944
29.9837
85.534
34.9806
8.0338
3.76883
72.2207
88.1598
21.1129
0.942116
13.1863
54.2191
55.0847
71.6511
71.6991
81.9354
12.0714
4.01168
27.6672
63.6633
10.6593
83.2888
92.7748
88.5672
23.4715
70.2718
8.01645
17.417
92.6064
76.461
70.7078
78.7562
20.1193
48.7272
59.0117
35.5654
13.317
28.7448
70.715
30.2712
40.0142
77.0933
65.0714
70.9358
77.2179
53.0927
47.2575
3.79712
14.9135
98.0107
30.1828
19.8462
93.0964
34.4571
60.308
97.3602
99.8082
4.75836
37.3996
81.8579
24.7682
35.0703
71.4082
75.66
6.91285
34.801
30.2474
28.0902
48.6444
19.8738
27.6461
4.86409
55.8903
11.5345
54.592
44.7092
43.5891
57.858
48.138
5.34098
1.26751
83.5619
82.2206
32.2931
8.26972
12.092
75.2622
31.8128
84.4044
47.0852
99.9288
28.2594
52.0422
60.4713
11.9666
79.9158
55.627
60.5361
55.2691
18.4644
88.6589
67.6205
36.6548
23.9393
46.9144
28.088
13.6735
77.0974
6.15402
72.6087
81.7822
24.3326
56.1656
54.3997
68.1663
24.9858
29.675
93.4411
76.5349
11.3579
61.021
68.3224
69.8368
98.707
73.3218
53.0895
81.9756
54.2448
16.8429
86.4106
68.7238
77.9812
81.8814
3.86484
1.12608
0.660433
77.5852
41.0086
87.0168
1.86111
79.2415
94.8363
26.3379
75.1362
0.537546
51.0283
24.4842
64.2292
30.3082
18.6378
25.6106
24.0639
52.9112
26.6191
83.7007
7.20069
7.58512
85.9079
78.4121
41.4152
51.8035
49.4815
18.7174
0.0607337
32.0538
86.7899
64.8105
55.2983
41.4872
49.0249
72.7259
80.7124
11.5267
56.137
78.2436
73.8119
46.4108
91.1689
96.8264
38.6651
34.8887
46.3431
89.1363
42.1032
21.2258
52.9767
69.4475
74.1285
81.4727
8.51409
0.0236244
67.4173
4.76149
56.3634
62.6371
37.9689
9.21944
39.0299
28.7572
83.6811
56.5588
48.8194
79.9395
69.0871
15.7507
91.3399
70.8615
38.9531
55.6172
16.0517
34.5887
43.0537
72.815
33.6231
54.1226
89.0983
1.0326
88.2163
86.4744
93.7374
22.4651
82.012
8.05898
17.9654
69.4643
45.5519
7.54247
90.2468
67.8531
73.4981
70.6288
63.8567
40.4743
14.0272
87.9761
5.34613
82.8843
52.7893
28.7896
46.3233
81.7819
79.6246
95.0499
85.7312
20.1759
10.9124
4.56071
9.86966
15.9874
88.7014
5.28872
24.5372
62.0881
50.2357
49.793
2.61125
49.8924
88.6424
37.7731
87.6587
14.5887
42.5619
85.1998
8.60574
74.7042
90.4641
22.3435
48.1891
97.8782
73.5394
53.4488
89.9322
39.3749
12.6613
13.625
37.7149
79.8685
90.0259
33.7055
57.5047
79.2679
27.6572
5.56918
85.2427
63.4705
10.0437
96.4352
14.0194
97.0023
6.1816
73.8644
64.4741
11.7427
37.172
95.3407
40.3081
74.2739
6.09162
82.4093
49.9809
82.5201
82.8741
43.9817
24.2059
91.9246
89.1952
60.1175
29.9553
74.5069
69.6557
24.2586
56.8135
24.7902
94.436
77.6778
84.5626
27.1102
32.8722
92.1608
33.9146
40.7933
81.0555
73.45
90.9224
94.32
72.9285
9.07679
28.5075
97.2037
99.502
43.9723
42.9015
55.8095
57.3469
92.9204
53.0532
22.4879
72.4908
63.9139
60.5719
94.834
48.9719
28.2632
70.2529
60.5424
1.58943
89.21
5.76601
91.6712
69.0305
54.984
4.79975
82.9354
5.71188
95.6521
64.4522
64.4881
94.3523
33.1618
4.6192
93.9456
41.5591
35.55
31.3961
14.0241
59.0594
65.4152
65.1335
35.0817
18.2097
81.6594
96.9334
26.8334
17.2678
19.0198
67.0096
62.3857
42.5125
15.4033
96.988
91.3664
65.9949
86.4994
15.0714
93.7472
33.7465
83.9677
89.2308
19.736
58.8157
44.7546
60.7362
33.5936
44.7241
85.7161
81.6286
87.4932
82.4107
87.1353
53.3452
93.046
51.3829
21.6833
63.5225
69.9453
80.832
86.989
68.2768
33.9816
44.8937
36.9937
49.5651
89.8829
74.7128
5.53286
31.6515
94.3047
38.9544
66.565
22.0524
93.7909
75.0381
94.0461
87.3678
53.8991
95.6622
48.1339
27.6964
17.3484
74.2162
34.1336
39.3473
79.1302
53.7693
1.55827
59.5019
67.1153
88.2088
72.3294
77.239
1.32824
59.8828
5.59884
29.74
26.0007
47.9603
67.8087
63.9625
8.5208
58.3907
24.7005
74.2231
73.8633
96.8982
4.74358
15.7349
8.18536
13.3466
8.19403
35.2475
21.2288
91.0654
58.1252
27.7909
15.2131
28.9504
95.8825
94.4522
32.7519
58.2781
35.4907
70.6265
64.4132
1.01219
77.5114
7.62447
85.3836
2.10604
16.0835
81.0464
22.3966
58.5
37.1099
48.8772
55.4011
30.8169
42.0536
5.68597
18.9805
64.5282
40.868
46.1639
66.6265
27.9229
46.1818
89.7404
86.358
23.4707
19.6972
48.0299
69.7904
64.8994
52.3344
84.6843
27.0002
39.6151
70.7904
74.2263
91.8776
34.5189
42.1938
2.67144
83.9915
25.6383
40.6972
32.4596
37.2812
96.4818
40.3811
63.434
19.9042
26.5202
49.7944
79.9851
29.388
64.9629
32.3644
31.8983
36.4144
14.7821
75.3877
72.9571
45.528
5.60876
22.0037
76.611
83.2189
93.2561
18.9838
61.5399
45.9945
61.892
62.4326
33.1769
3.97369
80.9078
14.8379
86.5691
1.41924
80.5871
33.107
45.1041
32.5155
74.7263
40.3013
69.0666
15.3634
34.8975
80.0047
51.2231
62.5004
48.0725
47.7229
19.6761
63.8442
6.41693
94.4289
42.2048
8.68249
14.4632
90.1403
22.3663
79.8846
9.76549
92.2482
10.4058
74.6738
68.9939
89.5434
7.61984
15.4214
83.719
16.4718
6.19329
18.3269
48.0793
44.0585
65.0082
33.1826
65.5689
74.5672
26.6127
95.6972
74.3919
44.6356
44.0287
70.5394
75.757
34.5738
88.8893
40.5815
44.6177
69.8589
45.1519
58.7222
24.2896
47.049
4.89495
56.5247
33.6911
52.0578
87.7158
14.5494
10.6943
95.6725
8.95614
13.3324
78.4586
88.7768
67.7627
15.4311
92.9621
43.6022
26.7031
16.7945
46.6895
32.1002
42.1292
79.2208
92.4112
36.031
56.5459
59.6304
25.8272
99.5384
98.9858
48.4887
67.7483
61.0069
35.5791
7.93093
77.6889
38.3438
77.7761
58.1116
72.543
6.84002
80.6431
15.1001
23.8611
31.5679
73.4396
31.3353
25.1285
23.6427
67.0182
67.9017
85.6833
32.5286
42.112
69.2081
12.2975
63.9511
95.6744
64.5378
82.7757
62.5127
98.1887
23.5453
13.1132
39.2486
25.9801
80.6441
88.6206
13.611
34.8074
59.9795
69.5397
31.9928
81.8321
6.99128
83.544
48.6573
48.9444
37.5496
95.9269
63.1565
69.6285
75.4723
70.3116
9.35176
48.4142
72.9343
82.1748
17.7353
3.37319
6.24307
93.6317
21.2427
9.36916
24.2959
87.5603
21.5286
66.3896
4.13434
90.6128
75.0967
8.07227
16.3455
58.02
17.0872
81.9462
45.2627
90.3161
42.8627
76.9834
70.2952
55.8853
78.6685
79.0266
7.75539
36.803
36.6097
35.9406
13.2422
95.104
80.52
86.1863
89.9214
39.1763
83.9841
34.9337
66.5143
82.2584
87.9248
39.0814
86.3928
40.0051
66.7235
3.5214
86.2348
52.3755
10.1644
99.0088
67.2967
93.3687
46.1752
75.5841
86.5452
82.77
47.2763
57.148
93.6406
33.4488
3.70111
11.8294
90.2474
72.1111
60.5358
31.353
3.77282
49.1363
13.5871
17.6709
74.606
79.949
50.3875
49.5749
0.0575998
14.2923
66.9162
10.7446
96.0264
35.0783
33.8414
12.1059
33.1029
21.4293
96.6414
37.0784
22.1736
73.7915
14.3138
55.4329
25.0794
96.6678
24.4059
25.9628
10.6012
52.9535
66.9934
8.21029
24.5099
7.2699
66.5364
53.8436
79.5699
38.8872
11.0566
42.3319
2.08173
32.156
21.0735
15.8333
74.5131
21.3791
22.9736
11.0956
96.9647
12.0921
41.7627
18.5271
2.63832
43.1432
94.8499
30.0793
70.3863
13.5908
18.4193
50.8227
53.68
14.2835
95.3523
15.6373
78.3875
58.8256
7.76545
83.2103
6.9335
2.78996
24.7931
61.6471
45.9822
99.7701
49.622
98.1722
69.2686
73.3914
23.6533
42.6773
56.477
70.172
94.0665
87.7449
97.1948
11.5243
60.8951
8.72922
66.8758
80.9035
75.0173
57.8385
60.5255
21.2302
98.1816
40.1404
86.2452
71.6374
4.60979
90.5629
88.5373
15.3397
39.338
78.2617
24.0883
53.6839
89.253
45.4192
43.7183
73.9518
2.97456
26.8682
55.4257
28.1555
2.17069
81.3693
51.2147
69.4985
72.6159
32.6628
71.4014
52.3575
2.81194
23.201
90.5715
11.1149
11.7732
88.6809
54.1717
2.32824
82.9508
78.3483
21.5148
93.4169
85.8068
41.8905
12.1803
72.4902
99.5712
49.1292
7.55422
79.9316
34.1165
23.8327
56.762
31.8638
22.1573
3.07314
24.89
68.4464
98.2466
92.8262
67.8693
51.6552
28.0843
81.2839
44.0159
16.8657
96.972
40.6901
40.941
12.8389
80.0393
23.9703
46.5624
20.4744
87.5678
71.38
72.2575
12.7765
70.4421
16.9185
64.5543
75.8631
5.39556
25.8536
1.65858
31.4295
55.7294
58.6264
50.9004
45.1948
26.8698
79.8275
47.0621
59.0628
59.9464
68.5849
66.6235
56.763
97.21
8.7041
87.2397
93.0037
90.3156
75.7751
20.1946
55.1399
87.179
91.6128
56.6772
41.5556
86.4013
41.5232
36.9653
55.9937
78.2445
18.4083
46.9322
51.2485
40.3467
38.4203
75.7685
37.032
28.1108
76.8287
29.3646
26.7234
62.7385
75.0641
34.9418
93.4845
57.1686
46.4
18.5647
82.753
59.4798
1.49101
92.1084
10.7856
56.3898
52.8162
21.4267
69.4356
73.6409
83.8959
43.1909
32.6457
77.2008
91.967
46.8289
31.3173
26.1693
95.8246
24.9331
46.8795
76.1563
7.59735
96.4551
49.4318
64.9221
0.460028
5.39216
83.4113
34.6021
50.8443
24.57
11.5101
55.3454
78.6646
48.1702
7.36023
69.2097
55.8143
33.8695
12.1978
37.3888
12.2814
16.226
91.6644
95.4867
15.9342
96.1993
59.6004
48.6069
72.2319
67.6566
35.0258
44.9037
1.55795
64.2528
73.4424
51.4759
40.5935
46.6095
97.4262
66.4357
75.9471
62.203
68.3738
19.415
74.5998
29.565
56.1697
68.5012
79.2447
41.7276
27.4459
64.6477
72.1771
85.0613
49.4815
59.7894
2.66737
87.0442
42.0189
29.0647
14.8469
19.5477
24.7276
18.2378
6.1003
61.6984
97.1987
18.091
44.4926
72.1554
2.52662
0.257015
74.9887
67.7218
69.0752
86.9024
67.8057
35.5235
80.2732
52.6931
57.2945
85.7377
98.8812
78.1091
69.3616
22.6147
46.3569
8.84308
99.7342
3.44748
58.5828
76.9073
11.0648
17.2427
3.68123
59.2723
97.7316
1.57589
26.4842
78.1881
89.7588
33.8478
25.7442
77.077
90.8969
74.0872
55.1103
31.788
67.6072
81.7513
68.1961
61.6241
9.2986
70.7213
87.4175
13.7905
79.5159
26.1014
26.7
57.9346
55.351
21.2269
90.7681
1.90591
42.9732
63.9286
31.6819
11.2939
3.54258
97.4272
74.2654
88.212
99.3614
51.2872
97.1648
2.50923
0.626084
51.5485
40.6881
16.5077
68.6336
44.9914
82.419
77.4768
3.4043
58.6812
50.2911
68.5306
27.6233
92.2682
61.0604
8.05199
5.80568
94.6983
34.8722
23.2596
59.3123
10.2653
36.3911
14.5383
45.9859
33.7048
89.0319
98.5545
27.351
2.62289
73.438
22.7062
72.4042
52.599
18.487
88.5989
45.3925
27.0612
56.4275
77.2333
25.7391
57.3209
76.7856
77.2024
33.6533
18.7854
23.7676
30.643
78.3356
65.4931
44.7702
49.3945
21.3902
6.56105
39.6295
75.5065
82.3535
17.7931
39.7283
8.34428
74.3899
31.4405
12.1169
86.5011
84.6925
67.734
31.4705
96.5186
3.93057
87.3605
55.2604
23.9612
52.0554
90.9892
28.7272
8.7594
94.3024
79.1823
94.1305
74.6532
50.318
54.3775
49.4936
61.2674
19.5656
72.5481
10.5357
88.095
77.8532
35.9611
38.2587
16.6379
84.4971
4.73166
55.247
48.7892
57.4597
37.2663
99.4266
10.6294
34.1029
62.602
93.909
6.7516
60.2803
82.8888
86.0642
16.3017
28.4189
36.9686
27.3257
78.6989
70.0426
79.0692
28.1789
25.2187
78.5849
28.1705
51.1453
44.8262
94.049
32.9398
24.4626
2.85442
71.2511
38.6808
46.5118
68.0076
7.48432
45.2208
19.9655
91.6379
84.8414
41.407
