100
100
44.6763
25.6775
4.16408
90.7441
49.6298
95.0055
92.5367
80.7436
60.2393
83.842
1.17566
89.7666
34.6133
21.4295
5.47434
49.2118
5.06734
48.0489
58.6097
98.3743
19.9934
92.0874
28.0532
40.1291
25.4286
9.31239
78.9925
21.7729
8.7744
54.0985
21.1826
95.7454
34.6022
47.4231
87.8184
75.6835
64.6814
54.3167
67.4671
53.1905
80.4654
52.8976
82.7153
19.6913
2.78617
29.7681
31.9799
21.8473
23.2426
54.1639
4.16709
41.7816
98.5628
62.4272
75.537
54.4566
8.36144
17.233
90.6145
36.6552
75.8193
84.6222
89.5183
42.155
7.70884
19.5464
3.31051
28.9267
51.3077
94.2346
30.2124
16.8416
27.0358
75.1475
4.99641
94.5745
47.1858
12.9145
41.0588
6.85482
95.8892
3.93038
59.1195
46.4274
81.4094
30.7783
83.7844
93.2786
62.4401
59.7194
63.0103
3.01157
32.0103
54.9249
39.1799
35.0165
15.3945
88.2956
2.32526
66.7555
26.7047
6.79869
92.6877
16.153
14.8224
72.7611
26.6777
60.9039
76.1225
81.3984
28.7841
96.6935
56.848
19.4213
57.9211
80.9439
45.4046
94.3039
31.9922
61.144
38.8069
18.2157
57.5169
92.0335
25.5411
64.6499
43.8329
2.06173
46.939
87.9114
55.2618
91.6195
3.3563
81.7753
21.9058
44.0482
35.5279
64.4373
69.5496
0.0917428
33.2623
73.0292
43.2901
22.8704
9.50443
23.6503
98.4597
25.6143
0.0979509
86.9232
96.0676
64.0945
26.784
14.3955
20.8544
79.0499
53.6797
92.8079
5.90526
40.862
27.701
43.7605
82.1047
67.9046
19.0436
10.1509
86.8673
83.3209
41.9565
44.9477
11.8528
76.322
37.9015
25.7713
82.7622
16.2067
36.3842
77.2815
94.7216
54.323
51.5361
39.1775
65.61
16.1373
96.1576
99.5676
86.1751
11.6736
75.9276
77.2377
54.3399
13.5326
28.9182
56.1507
22.3436
96.8455
57.2138
75.6001
25.2212
12.309
2.01275
42.2933
52.2565
49.9945
10.2517
78.215
46.2906
12.2585
5.16624
13.405
8.79715
13.2576
70.1021
63.0887
23.5277
73.5936
96.8601
44.445
82.6399
46.6347
81.812
61.5489
26.5403
76.2102
87.8621
16.7998
67.0788
80.7196
21.1567
93.9515
23.2265
38.643
55.8206
20.4105
68.3711
30.8589
84.424
8.834
0.866055
97.1821
70.0592
83.8981
61.5642
96.5308
77.414
60.5961
73.4028
6.38755
27.3381
71.5554
70.0232
37.8635
9.47098
89.8669
43.5666
0.639553
88.5444
8.89617
26.8015
15.6609
76.3376
94.9674
67.6971
79.5923
51.983
59.4544
52.2884
64.5162
78.7493
59.2778
30.1519
49.9282
73.2211
5.47014
30.7769
70.9436
72.9311
53.549
84.6517
16.1358
90.8104
95.3988
6.46187
76.7407
78.9443
38.5258
59.1355
37.038
72.8617
97.1241
33.565
33.1591
32.2758
64.3073
35.0765
58.3893
71.9425
30.977
64.9048
83.435
38.5103
39.5501
80.1922
73.571
74.3229
4.58127
26.896
8.72951
35.3519
13.7344
9.21001
31.6179
74.3498
7.10857
1.92677
22.7022
83.1224
56.9507
45.1165
11.7348
67.4474
17.5309
23.9456
50.5292
78.8426
4.48079
66.9433
93.4331
18.4677
74.0589
43.038
78.8061
35.8942
17.2076
85.4401
24.7311
58.2557
88.8646
95.6632
6.94157
24.9983
15.0442
21.4418
27.4621
65.5172
39.2663
41.5688
48.3128
3.85024
34.1035
15.3999
46.605
16.5467
59.9101
25.5491
78.449
10.5992
27.6126
11.9766
81.5456
34.0216
48.0109
65.3016
33.0394
7.7669
75.8385
52.749
72.0238
14.3371
8.81787
15.1954
62.0471
12.4159
2.58876
21.0895
0.750379
13.6553
72.3121
63.2897
18.1485
83.5234
54.2813
20.8253
72.7556
90.2706
56.5469
41.3532
0.659122
0.197891
41.1896
13.8272
16.1732
96.7464
57.4041
47.2839
36.0935
47.3101
37.6281
71.3503
90.1257
80.4373
36.2598
61.5317
53.5482
41.2217
18.9537
69.1635
87.6166
44.483
98.9571
33.1565
59.9768
7.92708
5.8586
78.8173
23.3069
84.9998
18.3521
66.5383
0.818101
20.3791
96.126
16.7087
11.244
35.8757
94.7496
52.4378
45.6102
95.7755
42.6007
50.7819
92.796
80.5962
66.3816
43.8647
89.9165
3.21405
62.6144
81.1328
58.2253
36.8747
2.01652
37.6918
31.1229
68.1348
34.5209
40.872
9.63979
24.9076
72.8054
73.2585
93.2499
8.79398
10.3235
3.15895
73.1052
45.3092
42.8952
68.0014
51.3639
4.9047
95.8145
9.70974
5.86384
95.2046
22.2288
91.2489
23.9037
86.2172
80.7576
47.0902
16.5907
48.6872
95.4842
90.6322
8.88105
41.5033
67.3071
58.1523
29.0569
70.075
90.6186
38.4053
65.5674
16.5623
87.179
24.3542
27.5981
95.341
31.6626
74.6239
37.7178
92.5008
82.737
4.43276
98.0544
26.3325
62.1569
18.6531
70.22
3.24153
9.11588
55.6847
90.4569
8.95335
1.49943
7.80931
22.2935
52.9035
44.3944
62.5414
10.0862
49.6253
93.5743
82.1737
89.5448
53.2491
13.2932
68.8525
32.121
67.5669
7.14584
75.0443
2.24538
50.7203
42.6765
26.2321
74.7844
33.6918
27.0346
41.0922
54.5993
55.3666
14.6813
18.5575
17.7972
84.3373
3.15796
74.6026
7.73866
96.1597
63.3587
13.5255
9.18366
2.87819
83.6557
77.1373
55.9607
7.15005
40.0083
65.142
27.6749
39.4115
31.0271
0.180558
85.4731
18.3464
18.2209
4.86447
90.3693
3.09304
33.3955
40.1746
45.0708
74.1227
13.8579
73.7736
50.1524
12.8827
69.4175
89.2688
39.764
90.8368
9.19007
21.0362
27.3783
84.6831
63.9152
40.727
20.8753
87.952
36.9228
33.5447
49.0673
24.9888
92.4995
42.1123
35.9713
15.9729
98.5756
3.76385
64.9579
35.8243
50.4143
37.228
90.1891
48.1657
44.9904
68.4229
87.669
49.7338
71.3917
84.3035
36.8762
13.3116
65.9586
98.3842
82.7839
5.99924
72.0362
45.4019
16.8468
60.6547
25.1663
55.2898
37.2479
88.1076
97.7704
24.9247
85.1884
43.1369
15.1238
82.4658
76.8337
84.7179
94.997
54.8986
73.4611
30.8808
46.8256
45.2714
25.8738
7.24168
85.9241
33.2991
45.8911
19.8199
69.7973
58.1314
90.704
97.114
56.2441
18.066
88.6519
36.5534
74.376
55.4805
92.5146
39.764
61.398
94.4566
56.4586
58.151
31.662
51.5418
18.2307
82.8942
53.971
40.0495
55.5539
71.4579
91.8423
83.9013
49.7656
1.09803
43.1631
98.3502
48.2113
27.2407
90.4093
96.6981
61.175
54.5381
79.1408
46.2003
99.2832
35.4918
81.4181
65.6675
57.2809
29.9949
37.1717
86.9061
98.0857
27.5232
13.0109
75.8671
0.610564
76.7105
60.8207
66.0758
43.3419
46.1913
72.1525
36.8251
37.574
55.5323
99.493
82.9314
96.1882
11.5723
99.3197
70.799
7.91951
74.6031
34.8572
61.9126
52.8986
79.4485
58.8621
1.37498
20.0723
52.5936
16.7899
29.4948
19.3071
92.8546
91.7811
60.8109
51.6938
80.6668
92.7866
78.9901
30.7822
2.00598
23.5096
27.3633
59.0508
26.7126
7.97739
49.3617
48.107
30.7003
23.9927
7.87594
94.9175
36.4545
10.7825
57.7564
18.6618
57.3562
17.2061
70.2151
47.3826
42.0469
66.3571
54.4785
17.9426
25.2483
45.7685
42.8179
67.9055
29.0463
18.3299
20.4306
5.03296
67.472
27.729
49.9055
42.2002
30.9805
71.0219
80.5209
76.7823
50.5957
21.163
2.69883
35.2811
94.46
67.3759
72.7511
52.4176
69.2253
5.40497
89.8848
36.2575
79.9266
6.26834
49.5036
83.2494
32.8752
69.2871
26.7663
22.5845
9.22939
82.9728
71.6297
97.2885
10.0602
55.8321
60.4084
67.1499
92.1706
33.163
99.4949
80.6093
72.1753
85.7683
80.6798
47.911
23.4377
67.8209
89.0259
78.828
86.2695
35.9517
33.9077
27.241
30.4127
85.4783
41.8605
72.3559
84.6964
2.1984
31.687
65.5955
38.5818
76.8108
37.523
42.6081
48.0634
68.1476
25.6669
14.3536
3.05985
31.9042
80.7613
29.539
64.7902
7.1376
65.8447
77.839
68.4755
70.0166
38.5323
93.0173
25.2678
13.3428
86.1595
4.70415
36.9146
42.5414
41.2628
95.3475
70.671
92.4608
54.151
82.8162
80.3631
70.1973
99.5576
54.0723
95.522
29.7243
1.09029
83.5632
46.713
8.04622
46.4764
71.4028
39.0107
57.7216
81.9054
2.54888
19.3397
99.4253
64.743
76.8069
90.0781
98.3021
7.06529
64.895
32.7069
40.9173
43.264
84.238
64.2782
82.3132
75.826
76.2565
26.9043
65.9625
96.4678
46.4565
97.1117
18.7377
80.278
92.2047
50.1516
90.149
10.4627
5.19999
34.3806
71.2765
87.0106
84.6424
45.2553
68.4138
52.9975
27.5512
99.3167
87.2675
7.25779
87.4371
26.443
32.9869
21.1214
54.5147
51.0971
66.1374
19.3966
86.8772
95.1647
13.4547
31.4277
31.6727
23.8155
99.6945
12.3491
40.0125
63.5675
41.24
19.3674
57.5658
80.9407
94.4965
34.6574
15.3144
43.6817
15.2928
24.4692
15.1657
44.6103
5.75614
62.8352
4.9872
2.22938
96.9355
82.9511
11.2197
65.9962
35.9324
64.7825
24.4194
26.2034
23.1415
93.039
22.4759
33.6146
40.5351
93.0471
96.5095
82.7552
88.6942
19.8198
63.9481
7.07386
77.0911
26.9596
62.0327
87.3143
25.4549
70.748
75.0452
96.2511
81.5095
71.4116
59.6187
14.7115
34.1905
25.3531
28.5381
8.89725
45.455
96.0858
42.6555
17.0402
19.8074
0.525031
50.8884
86.9115
81.4748
57.9678
66.5933
13.3151
0.240277
57.0618
60.073
37.0898
83.5193
52.4239
77.6466
7.28096
72.7022
94.7322
26.3158
56.2287
99.7167
72.9047
5.41393
16.1138
25.5999
70.679
30.9451
4.57855
57.2974
57.0401
81.7483
91.4015
69.9244
95.6624
83.2729
47.9932
6.61343
17.9385
20.9439
73.6252
86.224
59.3797
21.5524
37.0849
70.2078
50.2854
66.4981
56.0791
25.266
71.378
42.9491
61.7355
63.8038
85.9964
39.838
96.7481
58.6983
37.4072
57.2
14.7008
72.5744
39.593
96.946
44.2203
95.8977
18.3092
66.0098
99.7047
48.2993
52.8767
21.5544
93.0757
24.2047
84.9641
77.0963
15.3403
78.7835
52.4887
11.0559
19.8117
56.6895
64.5409
20.1642
54.4336
23.8021
17.4712
48.8048
99.2055
20.8662
23.6664
70.219
24.9566
32.7362
74.7452
93.793
67.7089
64.4301
86.3337
19.6835
33.7402
54.3243
2.67475
80.3785
91.5723
68.329
68.7067
63.1401
6.30287
15.7695
32.0693
33.2466
58.3828
9.32264
27.2838
53.5978
64.5117
37.7562
62.2763
20.9325
71.8339
81.8899
5.28672
98.344
35.4817
18.586
53.0241
2.58963
24.7222
87.5052
51.2783
58.7891
71.1732
33.4697
53.9356
40.5306
27.2256
68.7631
26.1684
19.7979
93.9397
54.5499
32.3723
12.0143
90.1827
0.877268
38.571
5.35804
8.95494
51.7909
17.5294
74.8082
44.9442
28.396
7.84494
57.4235
98.795
24.8431
13.0945
14.2201
24.1607
62.4621
47.2045
29.2467
80.2894
17.938
77.308
25.8917
68.3274
32.7183
59.1046
4.55514
89.8473
70.0553
57.9999
95.9112
79.0393
58.8203
59.2752
21.2727
74.1156
72.1626
5.67097
25.3576
64.8617
93.5756
51.3059
85.8049
61.5081
90.1141
80.2906
8.51547
38.799
73.0379
83.072
33.1093
95.2458
81.0834
10.323
24.2911
32.0955
22.2297
93.6787
79.4844
11.8289
10.8649
80.1842
61.3545
16.0506
3.97331
12.2364
10.945
93.1391
83.7586
60.2307
47.0341
63.3698
55.7212
14.6357
76.046
79.3342
32.3553
71.4723
96.1181
87.5116
15.1983
5.15713
99.6509
68.0934
65.7373
52.0598
25.2392
84.6239
91.3658
18.8162
57.3553
17.4452
91.1419
10.1566
81.7185
87.5185
17.0099
29.7846
0.764068
37.0133
8.82375
22.0666
43.0767
0.50336
88.0079
27.5981
29.2054
38.798
84.9269
75.8892
32.3327
98.8336
83.2416
15.17
98.0627
38.8466
44.3969
20.9808
79.7038
20.3971
94.3112
10.8263
36.0476
95.7303
45.0751
67.5273
37.1663
47.116
8.81917
63.5392
11.3264
51.991
73.148
38.5295
41.4535
96.9232
64.6626
96.946
61.8138
58.9626
68.0837
6.5846
80.9688
28.3452
23.9507
17.3197
58.6935
97.8092
52.5743
95.6688
1.80844
99.6025
37.0304
78.931
18.5945
2.23747
6.88632
3.38763
98.4161
46.3358
69.3124
19.6879
48.5866
66.0222
18.3697
74.048
23.8052
33.2495
90.3267
80.9931
28.2963
2.83885
35.7821
75.1683
86.5844
23.8343
92.3565
69.1847
85.8314
97.2698
22.5446
67.1688
92.4615
33.9383
30.937
49.728
69.0397
83.9153
8.13015
10.6955
24.0203
93.488
65.5943
49.7391
3.01573
31.8227
3.12785
4.88443
47.0748
45.5255
6.32013
10.7075
56.2414
87.4169
45.3605
37.1755
45.417
45.7323
48.0752
83.3858
69.949
79.4736
37.8935
92.8173
7.81186
55.641
96.2523
52.6771
80.151
46.3536
89.7642
51.365
59.4116
26.1427
8.25183
51.2699
92.8263
24.819
16.2734
25.9042
77.2155
28.5371
86.1575
60.5038
95.8537
9.67934
84.8575
46.5124
2.65055
25.5735
7.34764
35.4365
33.8084
94.8389
50.595
74.9734
52.964
74.277
55.2815
9.28144
32.1487
50.1446
69.7276
27.5559
25.9392
80.5492
76.8736
7.69014
91.94
12.4715
22.1461
70.196
1.76515
43.3216
21.4426
55.1005
36.3879
66.4175
10.2885
17.4996
55.6204
94.4383
81.4966
69.9899
85.709
95.035
19.3428
10.6502
64.047
58.2689
67.9291
78.2248
62.8729
12.5938
55.5107
62.9353
34.4805
23.0991
37.9959
5.77292
98.2201
5.39383
33.6602
1.37627
73.4689
36.1216
99.1149
30.033
75.1721
96.7036
21.2793
27.7824
39.3699
76.73
7.59381
73.0194
90.2116
29.0595
56.5281
8.49073
92.7076
28.2942
14.7905
10.0946
15.3527
98.0673
18.4134
27.4906
31.5799
23.8521
97.0241
15.2201
17.8461
6.33617
18.2085
83.3593
93.4664
28.0891
67.2699
15.7598
6.17047
46.9902
59.9728
51.4743
38.2997
1.50639
36.9664
2.20746
65.2111
26.5839
59.1999
41.2118
52.3809
61.084
71.5725
54.0893
92.256
92.3581
89.1146
42.412
67.0906
74.6802
40.1234
98.4245
41.7871
78.032
76.7954
80.5027
85.2186
79.8093
79.1507
38.6838
17.3547
27.2959
26.3458
44.1457
51.45
30.5064
74.9843
12.4394
61.8046
34.6552
73.4883
72.676
71.4223
41.579
0.351168
71.2298
82.0578
29.1273
9.96399
82.4452
81.1079
31.9233
30.0815
33.2701
16.1358
62.3534
38.7779
38.7595
72.5288
39.0052
58.1971
72.4554
90.5112
69.8168
36.254
7.81205
81.6777
22.3427
79.0635
61.5581
58.5303
86.6622
72.7897
56.2484
69.0428
90.6066
96.8073
19.5317
13.0696
43.6845
88.6621
65.2995
90.089
47.2474
64.8092
37.6573
89.8632
28.4764
93.541
78.0703
95.2574
89.9567
62.2317
49.1541
3.94077
70.1239
77.2475
3.38548
6.86684
31.8473
51.01
85.1212
86.358
2.5223
93.0438
71.2308
75.5791
17.8639
96.9849
1.54403
72.1791
11.4979
44.6853
81.0801
42.5225
72.2345
55.7158
39.6955
75.7658
2.84693
74.0257
17.1892
8.58928
50.9877
91.0974
78.3104
24.0734
36.668
92.7915
23.4371
7.47593
11.4119
70.1116
65.5137
50.3766
45.2258
28.6235
20.4652
78.1188
56.0003
22.5104
1.06385
70.7257
60.7261
51.2963
57.292
8.56156
66.0651
90.7596
6.77725
59.8471
53.8494
14.1201
51.608
78.9157
7.38991
9.64531
41.4238
1.63691
37.852
65.8643
38.8238
3.79241
29.1863
14.3146
21.2775
16.5056
56.374
15.7536
38.5231
37.886
13.6354
91.799
53.4575
97.6679
42.8942
96.5865
78.2174
95.9656
52.1837
31.4398
65.8238
52.8551
99.8208
28.0793
6.742
69.1835
59.4354
92.1944
21.1589
10.3087
88.0443
19.3237
68.0229
2.63068
4.4878
51.71
25.1671
59.3797
11.0111
66.3047
90.1466
81.8273
80.783
52.1265
3.35248
99.1858
9.33849
25.4308
82.7117
8.54888
59.9893
31.2976
2.12926
24.6929
95.1818
50.6326
14.3129
55.4949
40.6512
15.7572
52.4826
4.34483
79.5749
52.333
26.6362
51.6079
28.8732
0.605777
44.1757
20.1479
0.0699684
69.7359
66.9401
45.1118
64.9067
32.6677
93.129
26.9358
73.5321
86.9285
86.858
16.1675
25.8263
35.836
20.471
76.4554
29.6215
50.1894
51.6782
89.6122
36.8258
52.115
24.9985
10.3825
8.81117
62.2228
6.29289
57.1457
54.3982
7.985
51.9995
4.65595
71.6332
44.5698
7.78136
17.4149
62.0102
5.92432
15.8498
32.1472
74.3361
2.76869
0.565624
21.9852
79.7625
34.9951
82.2856
43.0795
4.08981
23.4675
98.1487
79.4515
63.6328
40.1725
15.5446
49.5135
77.2998
77.4493
94.3603
68.464
29.1406
13.5975
71.0317
91.9555
18.3923
80.2183
89.035
27.7992
40.3689
79.8194
36.2227
99.6434
9.38017
12.9232
6.79332
48.5051
54.4196
22.933
68.1447
13.9888
13.9126
2.44925
52.7656
58.2717
27.9337
85.9097
9.9902
68.1932
8.89654
5.81358
21.3476
82.0862
60.1591
33.8993
63.478
51.6356
93.1459
38.0135
75.9516
32.1439
28.8205
4.06761
12.502
38.2974
59.5763
15.5907
51.7689
36.5839
30.3274
54.7462
76.4224
77.0915
35.4558
93.9856
52.9619
30.1838
0.177507
0.74416
87.4819
82.5221
5.93337
26.6925
31.6882
33.4794
96.8129
7.18135
40.4638
51.9103
79.8023
54.1008
18.0523
41.0816
19.5523
43.7211
33.9182
66.8812
56.3232
60.163
92.8233
64.0741
67.308
86.8629
29.825
30.4924
94.1356
10.3608
49.0613
3.64784
38.4267
84.799
57.7007
16.9453
23.0735
11.6678
41.1681
87.9653
96.4919
32.532
70.8695
87.5349
45.707
54.6609
17.6011
42.8699
7.93315
84.7299
78.8555
1.23676
72.8621
12.9794
26.3627
0.471516
93.7905
54.0338
66.5963
80.7711
25.6299
58.4162
33.7783
73.8742
73.9575
55.094
64.0359
28.4633
27.1062
99.5306
7.78807
96.4146
80.4317
12.8625
82.7686
20.3792
13.4868
3.73001
97.2051
4.16168
28.3468
84.953
92.4462
20.7375
86.733
38.6038
5.20657
17.7412
11.9144
6.56908
93.1487
35.4251
28.8274
30.2116
34.297
16.123
31.108
52.8437
93.0364
96.7506
28.0209
56.1022
74.3975
54.3761
60.0711
56.9522
1.31728
13.9783
95.3278
87.622
15.6461
39.5651
19.1682
79.8162
75.7418
97.2724
54.287
22.3951
24.5568
8.27421
12.9442
87.4163
50.3513
32.9924
85.0286
21.3784
10.2123
81.9277
5.46629
95.2577
85.6506
50.8337
6.53772
41.1216
96.0432
33.3626
74.1177
50.8586
11.2149
88.7522
40.202
49.2352
1.28286
61.2631
59.5124
13.2833
98.97
61.714
37.3043
52.3676
44.5687
61.6315
42.1414
8.14645
25.8521
13.7851
67.6896
24.2391
60.8318
77.3719
19.235
80.7427
72.0905
35.119
33.0729
45.3864
52.4475
21.0598
12.4127
94.5085
37.6721
24.1091
35.4992
8.18477
87.7271
43.937
19.4063
35.5252
99.4453
92.0625
82.1219
85.6776
70.3082
18.3761
0.134619
89.1105
44.7586
51.9139
81.0411
8.12159
9.20897
22.8236
76.7287
54.1632
84.2654
74.435
54.0573
27.9146
68.0285
77.7375
7.44435
5.9972
69.8366
2.79016
44.6626
95.1819
94.8739
3.57311
75.986
94.6768
74.4417
99.3621
90.2652
5.5905
74.7985
4.51132
1.44698
42.6395
36.6809
55.8923
77.9306
80.1129
37.85
89.3217
45.3418
52.6936
48.1118
44.888
37.9951
22.6999
1.95991
0.734091
67.395
60.359
31.0478
17.6882
48.262
26.0345
87.0732
48.8867
51.6729
69.3909
72.4069
85.0343
27.9042
15.2033
72.3511
96.4292
8.15932
26.207
56.3932
60.8613
94.4731
61.1705
4.6797
7.35108
55.0808
34.6049
17.3945
50.3096
53.1923
14.8759
11.8773
53.8048
29.2566
20.8219
24.2467
96.5699
78.4429
56.2089
91.4318
6.00654
97.168
47.5771
66.78
77.6051
65.3987
90.0244
71.4958
66.3053
34.4018
5.96961
14.531
35.5389
35.8735
49.4275
0.915218
26.1089
18.1544
42.2493
58.5589
84.9145
84.9799
77.2129
66.6849
69.7269
68.8209
18.1762
42.528
40.1019
6.5182
30.5453
1.13109
88.2823
99.3508
3.01409
17.5426
47.9141
49.6274
7.00594
83.6099
28.1808
40.3917
35.7584
21.3168
16.7987
52.6043
76.6324
34.8326
2.77872
15.9444
14.0257
64.1111
8.32448
5.25726
36.4831
79.6195
54.9057
65.7183
41.3979
99.355
81.9689
35.6298
67.8504
33.9473
17.0513
67.8976
69.753
50.2134
97.5682
7.47557
93.5588
17.0296
10.4889
13.7802
91.361
72.2888
92.4866
27.6874
75.2909
52.9788
57.0267
41.6575
76.7391
39.6982
0.952116
26.3964
19.7591
12.9773
45.9379
18.2424
92.8358
57.542
60.4562
85.6482
33.6728
46.9778
33.3127
95.4898
25.1231
22.6837
96.2267
10.4349
76.2114
94.2495
89.8969
93.1306
86.2177
54.6597
37.0835
7.52087
53.99
23.5933
45.4903
78.1395
6.15817
59.258
85.5711
95.5797
59.3717
71.3444
11.8632
69.7398
52.5726
7.02244
91.1765
63.5363
47.3826
88.6882
30.0584
54.78
4.44366
7.59003
93.6607
65.8718
42.0708
21.1783
55.774
91.0565
95.0989
44.2478
11.5092
99.9691
80.9787
3.12602
90.6003
86.5374
30.5806
14.2347
58.8683
61.1886
70.9945
25.1638
43.2564
97.2586
22.5276
53.9088
74.3767
41.0795
20.0003
35.695
73.7727
70.2818
74.9961
64.9714
17.5758
52.6278
65.4366
93.7071
68.1597
62.1606
21.8727
71.7209
44.8225
22.0547
70.2085
67.3547
89.8556
10.9973
97.4527
5.95764
65.9891
65.9865
77.4503
35.6112
50.0801
76.3584
21.2222
20.6819
31.4612
77.2562
10.133
4.64269
14.1177
74.1988
45.0057
97.087
95.7007
10.1552
32.0502
94.7798
76.193
20.1586
22.4535
81.4892
59.904
48.4426
4.0551
24.2092
28.4002
92.1069
51.3707
63.4103
25.7672
2.71248
38.688
58.5696
80.0361
47.3807
68.682
82.8277
23.1353
61.1185
22.9305
52.3458
2.37719
73.8839
85.5206
71.1209
10.0946
0.605607
46.5088
67.3782
91.167
58.3443
11.6319
64.143
50.4002
36.166
94.9495
59.3223
48.774
72.1318
13.9275
38.2697
61.7391
71.822
23.9526
88.2444
50.3851
14.63
78.2666
37.8737
17.6162
8.00581
28.7017
31.2135
64.1913
35.7951
36.6875
57.5256
73.3068
69.8616
91.7175
6.10219
40.5456
46.2632
9.73338
0.906558
95.6791
93.3887
51.7763
82.721
66.6836
73.1091
18.3647
70.8724
84.0097
29.7354
59.5291
91.1165
42.3743
25.8528
45.6707
22.4008
43.7082
39.8934
7.53237
9.52672
64.9383
3.7724
48.2948
76.7555
22.4934
20.9483
45.5094
41.1767
52.7606
15.6209
37.953
88.0104
24.1189
94.4598
38.9311
49.3202
59.2213
78.4166
62.0864
33.6741
33.3002
69.8675
12.9416
81.6881
79.7844
69.7438
26.2167
38.3996
30.7423
73.9378
62.0732
53.7182
91.5816
22.5443
64.2224
41.2288
84.0477
37.7092
23.7008
31.4354
2.56496
34.3389
87.0503
29.9343
86.9414
12.1468
56.1198
56.0674
22.6208
63.1658
8.9206
11.7211
35.1972
11.0954
94.6888
78.0476
6.50568
34.064
77.2763
85.3334
94.3842
76.5706
22.5488
15.7581
67.951
3.45567
53.3344
46.236
62.6264
43.461
14.5035
59.3881
47.1167
83.6087
68.6162
83.0362
16.6451
58.9757
88.5268
37.81
9.69706
97.6495
39.3614
97.2536
44.4432
64.6663
44.1166
42.4057
23.3036
18.3773
16.1977
42.9492
40.9944
46.6375
58.535
64.9992
80.4948
10.4655
70.7075
57.5418
30.2423
68.3385
16.5216
11.7121
95.8451
58.6487
66.6266
30.2431
77.1784
39.3775
24.9049
1.35427
37.8863
87.7764
13.779
45.3601
58.0715
87.8891
27.1799
58.1765
62.3003
67.1935
3.98495
17.6869
97.973
18.2124
36.4962
24.5776
97.3227
51.7647
84.6799
87.0724
82.0908
30.1685
15.2909
6.31999
3.46626
21.5841
0.691717
44.8134
90.4702
29.1795
48.3599
50.7141
88.0005
0.672868
66.9357
6.27485
12.527
98.8078
61.2372
19.5125
19.9576
39.4806
99.7284
83.0308
48.8417
86.2943
87.4869
84.1277
36.7675
8.20359
54.9814
60.1477
27.8906
38.021
9.21675
95.6657
95.0282
59.4267
93.6647
46.2714
59.2637
62.7813
44.4769
35.8793
95.6418
53.4952
8.18767
46.2672
6.25794
98.9101
4.35514
85.4862
36.8245
80.0497
79.6818
20.0708
5.29504
38.9098
66.2695
18.1058
50.5379
90.6993
66.7678
1.80992
69.9193
91.7991
16.7822
77.4425
61.6115
46.2576
78.152
25.1983
28.2483
11.3806
1.34301
17.3573
89.1186
55.9157
50.3549
46.0044
61.8012
56.4215
71.9081
7.73934
50.196
31.2894
71.9118
76.3015
70.4388
33.0409
23.2308
77.4763
37.2489
83.1377
73.7478
77.954
38.8958
8.15924
22.3083
8.31116
62.0622
97.3243
61.8781
37.3835
64.2036
76.3075
55.8098
23.1463
40.949
25.8575
84.8931
21.2743
95.7593
50.1054
38.637
2.60193
33.5024
13.1521
27.7986
23.4425
38.083
72.3927
90.5489
73.9986
88.571
2.6109
15.9977
78.4296
43.3141
88.9082
16.6193
21.5605
50.2938
56.7968
89.9883
82.2258
52.245
85.9199
15.1595
32.946
91.6594
1.78432
39.6165
41.0327
26.8777
82.8032
9.4272
24.7089
56.7365
46.047
73.592
42.5619
74.1027
31.7682
95.8344
10.7464
5.22212
21.8532
61.8159
38.0428
79.3791
88.9214
84.4351
44.8086
34.5667
65.7428
25.7707
67.6018
13.5063
2.69123
12.7938
62.093
38.4162
82.4124
47.3135
35.6543
24.7418
75.7189
47.8326
60.2774
96.2704
5.66576
26.6135
89.0367
88.5891
54.8227
39.9323
32.6802
41.3445
81.9694
79.6623
0.0877837
23.5867
28.461
77.1706
92.4954
27.1908
31.6615
55.037
55.2795
74.9355
0.111381
71.3847
62.1268
89.8494
96.5451
33.2794
42.1683
73.2304
40.6306
96.4523
19.9829
47.2445
17.8638
57.4062
17.0779
47.6765
88.5265
18.9462
82.0548
16.0264
13.8529
96.7604
91.1521
0.972524
51.725
71.0636
17.1496
91.828
25.3006
35.0767
5.63163
43.5687
15.3781
47.9436
74.7592
40.9419
58.9031
72.7303
92.195
41.2133
9.48472
53.7909
11.1718
27.405
98.2951
75.7067
65.8391
11.0402
10.1775
57.6781
7.28876
91.1636
96.3178
50.2295
96.4066
47.4025
17.3065
78.5676
0.0637891
35.2975
42.8107
91.1593
2.04713
57.3438
34.572
97.9659
75.0701
4.82351
30.1009
79.7726
83.1762
9.2628
38.0776
47.9271
90.0075
32.917
92.7855
5.62518
69.5895
99.2733
69.4231
87.6878
32.4168
86.9216
96.4829
28.8912
87.5699
82.5631
18.5164
22.5434
29.8168
15.2492
12.2888
83.6098
54.6217
37.8058
36.6716
80.3399
13.5425
34.5933
77.7179
40.8101
76.6734
7.8561
4.91772
25.8596
99.6059
31.3213
43.0066
80.864
84.3888
9.22724
47.4438
70.2286
70.6442
61.6252
10.4296
59.681
32.6812
0.555204
56.9054
74.3694
83.3689
15.8794
37.2211
26.7294
46.4042
76.9898
61.9036
48.2491
48.6163
62.8166
6.25558
31.2916
41.3514
16.3333
15.8106
34.8769
77.9014
52.5696
96.198
41.5738
38.4197
1.57262
84.7805
18.7001
23.5581
83.0317
82.2746
27.8055
97.6086
50.7989
68.9984
99.4205
38.5329
67.1435
44.0246
63.0297
62.5906
66.6222
17.6829
77.4442
17.158
55.6688
72.1264
29.9349
68.5482
35.9819
40.4583
54.2547
74.4019
69.924
78.496
80.7908
16.797
33.0655
41.1042
22.7373
32.4719
78.0782
22.6707
18.5805
35.9327
3.39566
41.4336
94.5879
98.4025
86.1485
8.19314
96.8781
57.119
86.1538
82.312
66.1313
59.672
62.2644
35.2084
72.3008
11.6477
48.4196
93.687
32.1548
68.4001
28.5565
50.3841
12.2703
79.6599
56.3763
85.8712
37.5605
17.6121
13.2684
82.6375
22.3226
81.5466
43.3276
53.0387
10.8854
73.7043
62.5325
73.5288
42.633
7.1445
79.4127
3.21117
99.5125
36.4875
45.9524
49.6862
78.9715
1.69584
95.6622
88.429
46.4688
76.1804
7.63099
75.9115
30.0094
39.2193
27.7461
8.05727
81.4958
68.2415
74.096
0.846433
27.6112
29.3024
73.5071
60.986
79.984
32.5477
81.5079
80.078
23.2434
19.7795
87.7288
79.2063
21.8486
82.018
44.0585
65.7674
67.9907
58.3527
5.95954
20.0268
1.7316
94.2525
21.9933
36.8494
1.06963
0.598773
60.1091
52.1441
71.1588
53.6358
84.1855
45.1409
15.4207
38.2017
85.47
75.4432
48.1995
15.1882
48.399
77.6049
98.0919
15.0963
19.8895
74.0093
14.8168
29.3175
59.1969
59.1217
70.0134
23.2421
32.56
32.0317
17.0882
79.8515
57.0904
39.7297
90.1337
41.8659
94.1559
89.942
17.7981
42.2012
76.1787
11.1562
34.6781
88.7601
22.2401
26.9204
91.5813
36.348
11.5424
59.5915
49.1029
23.9046
59.1371
87.4509
68.4966
88.7041
46.259
30.6285
71.5127
59.7808
70.1652
34.4217
44.0907
6.7229
18.2586
71.3332
15.5555
5.27107
32.0378
17.0449
90.0119
7.63534
51.6518
66.2527
97.3103
10.4828
94.3081
33.734
58.8302
65.9796
46.4175
78.9273
33.3612
99.1266
70.4821
95.3388
83.5547
77.1223
32.3452
54.2931
73.2823
37.0176
16.5501
41.6443
65.5556
82.2855
1.28519
5.52083
75.5157
94.3137
80.8704
13.2663
4.3461
50.6644
13.8323
18.8189
72.6442
45.6098
71.7352
37.9411
1.27362
43.5883
54.9654
73.517
14.5984
30.8774
84.6661
16.9158
29.1181
4.07251
66.2906
29.9225
27.266
52.2445
21.2888
63.7912
29.0144
15.8578
67.697
7.11296
20.9087
84.7852
23.9316
23.3341
97.7653
34.7191
96.035
50.7777
91.5072
90.7527
88.8786
87.6828
6.5414
88.5529
99.9713
97.0736
65.2341
63.1809
42.3688
70.669
43.5231
33.8568
90.3218
91.5188
95.7988
88.8432
65.0913
42.2884
74.7783
5.0139
75.3641
81.897
40.3364
76.6695
2.94569
31.6842
40.604
20.3439
38.1062
24.585
88.9754
99.084
48.315
30.8001
88.9969
26.2381
77.2561
49.4619
73.0168
91.0252
36.2222
62.74
80.7031
80.324
70.4902
71.7845
29.1885
70.5128
88.9908
67.2672
17.1936
66.7577
8.40377
16.2457
39.8714
92.6951
10.1253
80.4878
47.1679
59.1627
72.6371
16.2777
38.8769
63.9202
12.079
86.2049
0.337206
20.1075
61.9923
92.4119
16.9718
62.6843
94.9198
49.7065
93.7279
40.9291
97.9702
88.6194
7.50235
39.4614
93.0033
4.08232
0.808492
16.2385
32.5812
63.7214
96.9096
43.4565
55.543
97.6485
32.0202
74.658
51.4311
25.6973
87.0797
7.58001
63.5729
65.7785
0.565926
81.9852
23.1318
12.5759
44.3592
10.2998
29.4213
97.4599
95.0837
8.22426
4.23158
29.1612
92.2838
2.48839
59.226
30.3767
62.0543
65.0656
60.3566
48.6158
93.8164
68.4797
7.09638
88.4931
97.1872
59.2127
87.6957
13.9701
11.1188
20.0133
9.69271
22.8504
17.9209
94.4811
19.3655
11.4136
63.2711
90.1472
18.1442
36.3743
92.0486
98.852
73.5989
94.2483
53.0132
75.8378
4.3783
89.5825
46.8937
18.2393
13.343
79.3043
8.77188
78.0856
8.15302
92.5515
82.3862
79.2072
85.0095
73.7065
94.5396
0.157737
62.8553
64.5504
44.8301
82.7034
28.0137
71.1877
81.3097
40.5031
67.5064
87.0974
60.3684
50.0545
61.7921
13.3447
73.9708
97.9503
64.6058
13.9891
75.3734
9.81792
74.2125
25.5455
53.9943
94.9275
75.3342
55.2793
69.5811
9.41726
44.2336
7.95938
94.3259
34.1914
70.623
68.6479
46.2845
64.2095
91.0014
47.1558
93.3982
67.4224
88.4877
13.1689
76.9714
41.0166
72.2346
37.1721
69.7963
82.6386
23.8009
64.7577
62.5078
32.7018
72.3947
57.5529
31.5852
12.2318
19.8527
27.4886
15.9577
42.4207
16.7999
16.2337
5.63959
33.2632
94.4688
59.1953
32.3552
72.3499
12.7574
38.2016
83.9634
30.8619
90.2948
22.0734
17.7208
78.854
25.1671
18.158
67.6642
66.8457
43.5996
48.9865
17.2593
60.6908
67.0128
72.7528
44.1508
50.5251
38.7328
81.6313
44.8377
7.04086
54.4135
51.1153
55.4225
25.8521
1.92475
94.0652
84.4118
21.1152
96.5313
89.6039
99.3135
18.3615
93.4246
70.8018
32.0986
97.8982
36.2514
16.6904
60.5514
73.7402
4.89356
46.7381
20.0685
61.6544
55.6097
89.8469
82.6671
88.7242
82.4264
20.7329
22.6648
58.7064
98.0295
42.7354
67.5401
74.9933
4.73497
79.9746
18.0328
18.3503
57.0907
55.6099
62.0727
69.7957
54.4243
22.7202
22.4842
55.6575
72.3136
26.1931
46.0915
68.745
73.5423
71.3965
69.8153
90.0769
51.0983
6.02087
57.2575
43.0668
21.9397
65.8686
2.90738
90.77
87.7934
25.4108
31.729
50.1303
87.0989
49.3444
57.8674
0.615114
53.4749
10.5267
45.0848
87.2872
31.5394
43.0527
63.0342
42.1219
27.1212
66.6943
6.20451
11.6782
1.98721
7.71756
61.8814
86.6884
43.1638
87.7383
95.7473
1.76579
97.9523
37.3018
68.4548
12.0815
37.3035
71.1174
51.2971
82.1576
55.0087
32.7924
99.7815
18.2442
88.5743
91.087
74.7805
71.1393
54.1827
50.2992
86.8877
29.2218
45.1184
93.9718
76.1757
72.8566
34.0161
6.74899
25.7897
77.8797
56.9669
62.1225
96.3167
62.0186
98.7205
2.27465
79.8144
2.75113
11.1518
87.6057
55.0898
37.0638
5.33687
53.992
53.4565
84.8097
56.2021
97.8463
73.2098
88.4852
67.6043
22.4437
44.4838
54.8639
99.6665
13.0886
38.194
53.3354
13.2575
93.0132
80.6191
71.8315
82.9695
38.6816
14.0373
77.3877
91.8482
73.6442
91.2409
35.6449
19.2028
38.3038
67.9129
43.8829
83.6635
33.6155
12.1685
35.018
7.91448
8.87217
93.3133
75.9214
98.9396
49.8458
5.86838
72.4511
55.3029
18.6259
60.5216
45.2629
12.1615
92.0098
29.6527
34.0119
8.06063
39.5883
54.6629
79.9848
31.8241
31.123
55.0298
13.5296
35.5012
57.7172
81.4147
59.1113
22.9828
4.21184
81.5773
51.3441
1.40294
1.34546
92.7097
82.3661
58.1147
19.0156
37.4347
68.1591
14.2192
69.4551
40.6447
92.4132
33.8776
66.3924
3.53845
31.752
91.41
73.3146
41.126
97.1447
78.3828
62.0319
69.455
88.5825
73.4868
55.4925
42.6806
67.9703
3.26933
95.6205
44.6129
33.3328
40.9016
71.8416
56.7601
33.7714
71.8318
3.30036
25.9885
8.8153
8.34077
61.1486
29.0214
68.6422
89.0558
73.4883
55.5551
86.0755
58.7077
16.4104
86.0872
96.7013
62.6914
46.1254
71.2957
90.4479
46.0944
17.6613
6.90218
95.2432
82.4808
7.1782
25.1596
94.4055
9.39748
80.7377
29.251
11.2733
48.9209
83.8006
12.7854
8.3075
96.7141
9.91553
75.0317
98.582
87.5418
71.8934
10.9981
71.9541
44.8941
77.44
32.4021
97.4115
42.9642
2.4953
70.8222
41.4483
51.3383
45.1461
80.618
74.2163
76.1965
75.631
27.8066
27.6624
94.6934
88.7813
84.8461
72.1829
82.0884
90.5268
86.4497
26.0327
87.3979
12.4116
2.63275
25.9796
86.9006
92.697
32.709
58.5361
38.4953
44.9246
45.9565
71.6718
86.4038
29.573
29.9689
63.009
44.6575
37.575
29.2586
82.6905
82.988
74.53
46.5823
29.4513
3.30173
8.68496
59.5876
92.2512
47.0968
67.7242
60.0397
17.1056
40.7062
95.9475
16.6084
22.1141
22.0486
91.4342
12.487
7.02369
44.6135
70.886
67.4745
24.0804
59.9826
75.9269
17.4832
53.0486
10.4185
84.7081
35.7739
88.4612
33.8822
12.0201
29.2937
88.4688
38.7865
26.5232
28.0737
46.0598
25.0413
13.5184
29.4994
75.0551
72.2873
92.4813
72.9912
83.0809
30.3086
95.2447
40.0818
42.1858
5.00051
73.9335
9.85981
87.3933
52.9949
73.936
92.1286
44.9773
47.8783
27.5375
31.6787
44.8197
33.8678
84.8523
51.9914
19.8318
86.6041
73.8551
42.8308
67.562
29.8182
10.8815
12.6951
76.6142
11.4673
90.9434
31.4435
69.786
6.80498
73.9813
28.7514
11.1888
9.7366
21.7572
78.73
13.123
94.884
95.0698
19.3388
71.2068
82.2274
33.9897
16.199
74.5778
18.142
16.6606
75.4576
8.21888
98.0037
37.7664
61.2325
68.4186
68.4328
17.6006
92.2615
23.9699
3.4226
81.5153
66.4673
60.6768
56.8127
74.5569
34.0304
54.561
10.9462
68.6351
16.6363
91.689
37.2404
68.621
37.687
36.2668
9.44569
4.58547
79.9388
42.6305
90.889
13.2847
48.8945
39.3003
44.7468
53.0926
50.103
37.0198
39.2751
90.8974
84.7028
73.3777
2.97062
26.4702
3.94961
95.8288
59.6083
89.539
86.0999
54.9115
29.7219
51.8518
29.378
99.8143
14.3537
45.3385
68.499
94.6247
60.2685
22.7101
53.6454
41.8878
2.97813
76.0429
65.4454
37.7412
50.4859
88.4792
72.2358
83.7447
82.8837
99.7641
47.7718
13.5899
40.9254
29.4602
27.3458
94.1619
69.3084
30.3918
11.0396
2.79671
63.1477
86.4877
65.1637
18.0647
56.4194
0.435647
11.6665
72.9341
10.6599
16.9881
24.7015
34.4508
26.6912
67.7745
8.50194
69.8957
30.8004
31.2573
74.8599
78.4673
9.74427
35.4191
48.9489
17.4739
86.5187
28.4957
13.9
60.0991
63.4861
81.071
39.7329
5.40113
69.1203
13.3606
81.8206
69.2237
75.4907
53.3193
62.1844
68.1371
69.6651
45.6636
41.3234
66.7553
6.61867
39.8481
53.9082
85.7272
41.5194
32.3949
7.24744
24.3556
73.3354
48.074
92.3805
37.1036
54.8367
91.8745
27.358
26.0925
74.993
19.3194
6.06175
48.7962
91.5291
31.864
80.933
33.9744
11.0677
12.9754
6.93587
79.3434
17.0808
36.6836
18.1357
37.7988
22.7331
45.9155
2.41878
35.9438
35.9815
27.7631
84.165
27.6079
56.0425
82.0608
23.1594
15.4791
71.544
46.302
20.2674
81.8133
77.5096
69.1445
55.0433
71.7404
36.1607
86.0488
16.1739
27.123
70.9611
59.1246
10.679
72.456
58.3034
31.7077
90.4306
40.4415
41.0442
64.2643
45.3818
36.4148
63.2106
19.6512
28.2711
70.0743
9.55247
70.2818
70.1759
25.9546
67.226
38.8082
28.8955
5.27729
79.5583
35.5892
25.5501
88.719
93.5533
64.8359
78.7774
97.3837
32.9109
46.0992
6.75743
32.5768
27.2486
25.8148
83.7635
94.0342
29.2558
16.1413
35.8883
77.0779
87.5338
75.2436
4.75068
60.3064
97.8556
11.1511
68.7609
9.58255
88.3968
63.1172
95.4311
7.8654
25.6637
21.688
41.5283
77.4874
56.714
37.334
29.1939
87.4041
12.2998
56.0488
14.2313
2.44823
87.8744
76.1854
34.5784
76.8431
20.315
17.6152
25.1526
11.8625
68.1607
18.5462
97.8847
7.81247
52.8655
29.7669
28.6142
27.7708
45.0875
50.8486
87.9238
84.6143
11.0236
0.0584834
65.9723
60.601
52.2941
44.4961
53.2302
69.6613
7.97681
73.6987
20.1377
89.6059
70.7531
81.0551
5.84256
38.1484
71.7693
9.0715
4.18486
83.871
69.9293
91.3209
0.848312
42.6184
41.8461
48.7012
50.3895
99.9309
46.68
25.5578
20.9125
4.30471
40.6593
54.8066
81.0399
68.9436
19.3212
4.51203
73.7363
81.9376
70.0159
94.8303
66.7076
17.7385
16.8857
11.6466
17.5498
6.98495
88.5927
75.916
89.3386
86.4212
63.5562
24.8497
37.4037
9.17154
14.8596
20.6993
5.53868
13.3095
21.8341
17.8632
6.19194
96.3405
26.4951
44.4942
20.0274
32.6822
22.548
38.8906
91.3162
91.3163
23.9145
0.0953289
90.1736
55.2086
81.1607
26.6238
56.3077
5.19692
96.22
7.93091
54.644
71.1923
57.3028
7.07407
32.3028
80.6211
0.106482
19.4583
12.3438
79.295
60.1782
90.7437
38.0198
77.3343
47.4319
32.6995
68.1335
2.05387
48.8936
99.4688
96.0711
66.4666
62.4799
22.5359
51.5505
79.1261
46.4048
45.732
89.8231
55.2854
74.2036
6.29938
21.8532
82.6056
76.5836
54.8692
35.4687
90.4053
59.4646
16.1936
45.5677
58.1172
96.9102
92.7311
41.2382
44.6409
24.5934
98.9662
39.29
64.801
29.4278
69.1592
3.27318
20.1486
66.8973
20.0679
82.229
28.8058
26.6262
87.3738
55.5024
37.4704
2.3669
71.7434
91.1432
96.5074
29.0885
17.8309
99.9407
30.4135
90.5976
17.4975
23.2134
72.042
4.96267
75.3299
72.4941
38.7513
44.109
57.1171
94.7527
75.634
32.1245
19.2471
25.8502
91.0393
95.3673
19.1002
96.1211
52.2608
94.7908
13.2591
60.6117
81.1685
3.54338
22.0467
81.8103
72.5454
16.4258
21.9303
58.7267
96.8727
91.889
81.6278
46.5316
45.6437
80.1566
44.7105
27.2619
49.0383
50.2015
51.9237
46.6271
74.8124
85.2892
62.3502
41.0974
92.7872
97.4357
14.6294
52.9857
40.918
82.0648
58.9917
25.0986
29.7403
32.0719
65.0881
74.9943
86.3981
92.2337
33.2402
82.8416
78.127
83.661
96.5694
84.0062
91.7475
26.8492
25.7724
35.4958
16.7055
71.7261
58.4503
1.30895
53.1463
42.6617
65.5276
51.2593
36.2776
91.517
70.9037
51.1252
98.956
59.0427
47.4181
36.415
68.9032
54.9078
80.8866
82.7507
9.6201
43.8559
39.2383
90.5161
92.8075
74.2827
89.1846
39.4847
8.66994
5.30181
95.4755
68.2436
48.5502
83.6519
62.7552
19.9489
65.4635
97.5065
79.2445
34.4982
61.6423
13.6361
47.7411
86.7969
26.6816
83.0191
39.1332
32.6702
87.6441
38.4325
24.8524
46.2038
17.1888
13.0639
93.0621
23.055
24.5149
30.9511
76.6888
22.5863
4.44126
49.5204
56.4132
10.0795
87.7518
0.493323
17.3799
81.1263
22.9824
50.9282
68.6135
73.0111
48.7516
24.7912
71.2457
82.2349
95.4406
47.0712
95.7888
11.0474
28.1283
89.4604
91.6121
62.0493
33.2005
19.3032
25.6896
93.2858
28.1354
12.2066
77.9783
70.5051
35.0943
33.5832
68.0341
72.2685
90.4556
50.8981
19.666
24.799
59.9381
0.539599
46.5104
2.96379
95.5997
48.4885
25.1603
57.9429
83.2357
59.2538
57.0441
87.9262
72.3313
17.7373
50.8478
43.0487
1.62552
18.6026
60.8525
85.0773
91.7865
40.6909
44.8961
7.87648
87.978
16.889
78.7549
25.1207
61.5895
50.1407
48.6839
29.7602
78.3562
0.691057
17.969
28.0833
80.4783
14.2957
51.8015
37.1289
46.0684
95.5348
28.4095
28.1575
43.3777
46.5684
32.3786
56.9106
41.0553
26.9302
31.918
93.3015
60.093
28.2355
72.1493
62.6278
15.9045
52.4614
95.3478
0.00450062
8.3678
2.71981
52.8063
80.378
64.007
70.0555
98.9319
50.2373
72.1123
67.99
46.3847
34.2722
30.0114
27.5829
79.0531
57.8978
53.4189
8.30513
25.6115
4.32291
17.7365
55.3061
47.3549
67.8239
5.03023
23.6203
74.2691
75.9806
15.7892
70.0573
15.9787
6.71077
29.118
79.2341
80.4427
42.8163
25.8417
93.2731
11.0325
96.1627
33.0906
49.8742
67.0081
96.5196
53.9223
56.7421
49.1108
9.01761
92.3569
55.3671
49.7084
80.1468
27.8388
58.8372
32.5395
4.37507
99.0018
28.3913
30.6954
76.945
92.571
38.7548
38.1609
1.43175
14.0071
84.7089
12.2692
81.4373
0.403369
76.3066
12.5325
42.5561
82.6922
69.0096
33.5987
40.4233
16.9761
6.98198
69.7109
50.2634
38.5693
66.605
42.3462
63.8461
96.8122
93.5874
24.494
29.7813
53.6371
68.2597
49.3807
59.7265
11.2016
78.7155
18.7503
3.0896
0.327768
55.7957
98.6603
66.3205
69.8921
82.1006
10.6873
3.05976
54.1345
72.8642
73.0047
42.0524
59.1328
65.5543
49.9911
65.0405
2.30303
16.8691
86.2022
38.1216
8.00726
15.2818
20.9655
71.1942
24.2773
75.5311
87.0809
92.3685
45.5002
38.2424
12.0783
34.9671
37.8725
30.5334
34.7466
19.808
80.3344
48.8721
23.1533
43.2061
32.9593
79.23
86.8564
7.06834
70.7948
63.9821
50.8083
90.4235
95.5583
9.75233
40.2078
91.3826
34.7021
33.3042
48.9356
27.9206
79.4586
44.2613
27.2274
15.5658
7.58692
72.2625
8.18244
9.09648
53.7658
95.3059
69.7447
65.5004
5.24691
36.0873
23.8398
12.973
81.346
76.7242
37.0545
68.5947
19.7801
65.7097
91.8824
29.9129
47.9087
78.6145
11.1679
64.5797
94.9125
29.7719
10.0945
25.5748
65.4412
55.5479
78.1384
90.8673
60.0995
28.9436
94.6693
82.4578
25.0008
94.7416
15.4048
2.11855
86.073
89.4814
63.351
95.376
60.6897
18.5632
47.0198
6.88686
7.28344
13.5629
61.0644
69.7884
88.2819
41.0172
15.8609
37.8203
86.409
14.6544
99.722
75.7759
73.5109
42.3286
85.7454
73.2792
77.2824
93.4012
61.736
39.2968
36.586
26.17
57.5369
44.2958
13.2566
98.5645
80.5006
63.5489
6.32511
9.16225
85.898
69.2534
91.9997
23.0772
31.1639
69.4842
41.0183
43.0621
18.7449
58.6796
35.2952
24.2543
28.0073
31.9686
0.42488
67.843
8.03174
79.0236
50.6416
41.8107
87.5158
35.8402
25.0626
26.0785
72.2644
55.1889
57.3002
91.0675
90.1219
36.5
8.44327
95.0078
34.7552
47.631
62.6534
20.8663
9.41007
81.0565
35.6482
9.25262
84.0341
18.8429
87.2556
74.1428
5.65095
51.249
97.6765
74.4505
35.7994
37.8028
84.8015
48.2053
70.2306
22.7749
79.8791
30.7226
61.1043
7.61608
81.3706
44.7411
28.5233
78.3814
54.4275
90.3474
8.98328
91.8035
61.8253
0.387752
95.7005
76.9645
42.2243
66.0211
51.1156
81.6771
37.9361
20.8452
46.2055
62.3515
36.7534
96.7664
38.4885
50.0922
74.5778
18.6138
13.6558
23.6466
85.7593
57.9368
51.8427
19.5339
30.1973
83
85.2802
42.2853
5.93578
51.8846
96.7618
58.8372
32.4705
78.42
89.7812
68.2471
8.55341
1.82195
71.0218
27.4602
35.2198
74.5671
62.1899
47.1523
68.2352
12.237
89.762
24.7748
44.8395
59.7119
29.2833
32.4798
54.475
10.4452
61.4127
4.98085
43.1775
48.5392
30.7654
46.6809
59.511
83.8666
3.06759
34.0994
7.13604
11.6447
85.8013
68.3658
87.2614
92.4742
38.3588
78.3921
3.16326
45.465
63.2202
90.6126
68.6543
96.5941
6.53673
2.37839
63.5678
76.9876
51.1574
26.0689
3.10509
50.7331
78.8922
37.7663
5.63662
72.9157
21.0139
4.2963
18.9829
96.1304
80.7605
9.01391
16.1775
87.9429
72.9964
69.0892
70.4577
4.08579
90.4498
38.0548
36.4201
15.9437
77.0945
65.5199
57.2815
45.0058
13.6239
5.21297
17.8477
66.3826
63.5021
15.5708
2.36758
83.7458
50.1061
84.7917
95.309
67.4866
5.47317
72.5868
34.5352
66.0416
52.4472
14.7865
74.0952
30.1768
44.1267
32.7312
87.1277
97.3772
77.5729
66.1391
1.10399
93.2188
0.768939
9.51759
23.5604
22.2538
78.7421
76.3333
5.54847
77.9455
49.1044
97.1962
56.0496
15.3903
9.09474
61.8199
42.9366
95.8969
20.3734
53.5793
83.5385
4.40634
37.0029
13.1641
66.2679
33.6033
29.321
81.091
57.0158
72.6712
54.1672
67.7192
57.7684
53.8157
72.5103
62.5803
72.742
95.8934
92.06
30.6571
35.3906
61.1366
17.1012
91.2723
26.6007
63.2513
6.90742
32.7561
5.90495
7.45817
57.9406
44.9681
78.1518
70.0253
14.2216
26.1789
58.919
61.6228
71.7279
62.2815
78.8963
53.5555
30.659
82.2388
90.5147
49.0556
41.1554
17.2477
56.3447
17.2107
99.4911
54.5874
45.9826
57.9625
38.9344
49.4881
27.5771
2.61977
96.214
8.30797
44.3805
29.8636
31.4524
27.94
94.8835
36.2711
69.6692
24.0267
15.4415
27.4068
30.3989
57.2751
39.6193
99.036
74.2911
17.5827
72.9214
89.9333
11.5279
27.6696
25.7779
96.9514
5.12145
24.5782
5.05415
71.5254
45.8511
58.2102
43.0833
20.6689
8.43894
44.8311
83.1934
88.2222
21.5186
82.7537
47.8467
45.9723
15.8626
20.7932
17.5088
46.816
58.9974
93.7927
62.5068
8.80873
2.03629
43.0691
1.59201
30.4329
63.5826
77.8426
96.9503
36.9893
40.5181
33.9002
28.6846
6.00321
12.055
74.9451
61.6531
28.5189
65.7221
8.20118
98.9938
88.4288
31.1272
25.4248
0.447665
87.7703
89.3989
2.5911
55.6209
27.9951
15.3913
30.0112
5.92738
53.0153
41.4675
65.7977
4.77884
23.3399
94.0119
13.1819
72.0377
82.3155
1.16683
72.2221
27.875
16.8548
57.6534
22.7987
33.9794
54.2078
20.3232
13.2101
47.9683
85.5187
78.6905
99.3274
75.8607
79.8769
73.1682
36.9299
84.7293
19.6508
89.147
71.9015
74.766
44.6315
27.4216
50.4317
31.7879
65.6697
64.4513
83.0763
93.3023
55.7919
9.01617
48.9898
80.644
36.941
4.09472
72.8467
87.6673
95.627
74.6025
41.6608
5.90727
36.3461
25.2613
32.9596
32.5667
3.64891
48.6896
68.005
53.9203
2.5077
43.5345
90.6584
13.4857
66.9153
30.9
35.7915
4.26966
35.7805
84.1087
42.221
16.345
34.4683
62.5301
22.529
71.5268
66.9091
92.4161
6.30672
71.1918
23.2026
70.6646
96.6098
38.4909
99.3843
51.1993
97.5603
58.4417
80.5607
27.1434
20.7457
77.5468
50.0952
69.1574
43.3568
80.4351
77.427
22.4609
46.9358
55.6638
52.0226
58.6911
89.1268
54.0275
77.2646
18.3382
21.7828
18.5696
48.9738
28.4449
60.7547
38.38
16.6777
44.4895
25.8789
88.3293
62.694
61.8859
31.2475
4.92085
15.2693
15.1749
84.9617
74.7745
68.7801
78.0103
99.995
67.6601
63.9159
13.6325
98.7938
90.9284
26.9029
46.9204
75.957
78.7749
37.5279
99.2075
67.3362
4.52225
47.6868
30.7652
81.015
12.9812
47.0236
30.0255
30.3395
47.8071
18.8238
57.185
32.5421
96.9802
83.9521
46.2723
44.7734
22.8296
92.9954
74.4934
51.8442
14.4323
62.2022
54.7752
59.5489
98.0695
39.9453
72.8764
62.5916
67.1831
59.7122
47.4754
23.3404
15.5747
57.5856
39.1471
44.9322
24.4533
23.5426
41.3312
80.7565
15.27
35.9953
98.5782
61.2024
36.5216
49.4189
16.452
94.2863
44.1433
11.1654
56.5348
39.7621
89.5149
35.639
98.3324
80.7265
99.4685
86.824
66.8259
2.81135
93.7516
64.4015
87.6724
76.3072
43.0074
61.88
35.9163
18.7219
70.1342
3.9613
6.87376
58.6456
55.6997
99.1796
35.1209
22.4378
79.9299
75.0137
6.83204
19.2411
77.7905
0.187978
3.68953
1.8668
61.4101
40.3524
45.2326
19.301
67.1723
28.7577
97.3565
99.3176
68.4203
84.4335
72.0565
34.0143
79.3176
99.9882
0.68747
37.3419
85.8987
35.8712
29.7703
20.5054
83.3199
57.4076
90.7696
58.251
52.032
4.83814
41.3409
83.3333
65.767
16.8955
18.8738
21.0425
77.443
78.1192
14.6492
68.9714
2.50634
83.0559
23.3835
74.7833
41.1021
92.3063
37.1369
99.9509
21.7648
94.3798
97.616
2.44081
72.9364
42.2961
33.3223
30.4152
3.97279
28.1658
4.05442
81.2828
17.3729
36.0616
66.835
79.3887
69.2431
22.1796
31.5939
50.272
20.1721
44.2028
22.1837
20.5237
44.6954
99.2795
89.368
83.5697
58.747
18.5954
1.92872
60.5919
20.1621
11.8836
2.65608
36.7922
29.9426
66.5962
91.2704
35.7095
25.9465
56.6922
42.2464
92.2224
63.57
90.6275
27.9351
97.7948
98.9508
71.7835
72.951
78.6467
41.6754
53.6784
40.8511
21.2001
47.5815
24.6994
95.2229
7.13842
52.084
9.50642
0.144257
69.3542
80.7236
10.6206
93.4081
27.882
67.3991
15.7498
40.8097
4.29845
13.9842
87.2531
86.2724
59.1228
85.2867
51.0587
78.2935
17.8523
84.7543
91.3277
84.7577
73.711
0.687037
12.5392
45.4199
55.4131
14.0558
63.5529
97.1322
72.0601
78.1295
30.9079
35.6415
42.0291
76.896
92.6826
33.6125
74.4795
62.8392
15.8166
31.4895
10.903
99.1727
57.6035
23.6485
45.4595
23.8726
69.2863
66.3
91.8273
42.3126
33.2971
71.2702
43.1187
5.86913
90.5513
9.54357
9.19222
22.5846
30.9609
63.3094
15.6953
36.8691
98.8692
41.2891
57.2843
18.7048
39.1661
94.2829
70.8884
43.9083
2.40773
73.3211
67.3934
91.9012
94.8808
26.344
50.4845
49.7831
13.1652
64.24
97.4422
95.9056
89.9845
14.3511
17.5964
94.4315
3.23952
8.14908
40.9808
5.82741
10.9484
8.56364
36.7381
57.4954
35.4637
51.1194
18.3597
38.5325
47.9256
43.3679
58.3229
82.0449
69.2772
72.7732
21.6277
1.17571
81.2361
39.1009
74.8685
14.049
12.6251
34.5376
29.3099
89.7367
69.517
50.9739
75.8489
88.9838
71.5844
72.8058
70.4952
84.9906
8.07096
40.7322
83.7044
72.1499
52.2167
52.9101
13.9307
48.1065
95.5024
24.6426
72.4905
79.7577
19.7296
42.6202
88.8083
5.5827
90.4545
21.4132
85.4136
69.2928
49.1672
61.6915
9.15459
65.6821
7.59022
79.0404
4.4573
46.7054
38.5603
32.917
48.2528
66.4559
36.3603
28.5988
50.4061
0.210657
33.7862
19.7007
48.6827
1.23602
70.8362
9.42776
75.4153
77.5161
93.3297
0.889881
80.0876
79.085
58.7858
64.243
98.8561
58.7655
29.831
39.3719
72.0563
16.3701
66.5877
50.3348
73.1491
15.0878
46.2964
18.7297
91.0541
62.9661
91.6588
65.8078
7.76789
15.6005
9.88504
1.33901
41.2282
58.6636
84.7956
9.89893
63.4176
9.57794
52.0613
15.7338
15.5153
11.3695
25.4279
18.694
92.5492
44.3168
80.483
11.1529
8.04938
43.4405
66.1135
98.1088
37.027
95.032
53.2527
49.4183
24.8776
82.2751
82.0166
80.7185
8.23819
67.1213
54.7818
6.65023
34.8216
22.803
36.1907
2.53826
96.1513
60.6828
45.3561
90.5769
78.7682
58.789
90.2793
55.3493
36.447
46.3424
91.7025
49.3807
87.1207
60.0088
24.3869
63.4908
45.706
10.2928
31.6321
25.6385
81.9745
62.1863
26.5318
96.0144
27.7486
19.9572
10.1801
32.2668
17.2077
26.4469
56.7299
20.9914
81.7609
64.2079
19.2371
28.8485
83.2982
41.7777
67.4371
88.223
48.0788
4.28983
48.651
10.8597
91.7736
90.0903
94.4869
29.2914
44.9263
21.6122
51.7204
1.67303
85.8872
9.84139
49.8913
90.7164
42.2716
34.83
67.4253
26.4462
86.8344
87.9426
59.9363
39.7612
25.5553
33.0678
61.524
75.2726
86.8202
72.1547
14.8015
39.054
35.6237
98.8294
61.1585
84.1074
94.6498
69.2091
85.669
32.6089
21.0807
91.4267
48.8646
32.5301
37.2748
10.4849
79.3069
89.6741
19.1953
2.11167
80.4463
40.6734
24.0658
46.6914
74.3403
1.84145
27.3211
21.7951
13.749
28.4215
43.972
54.431
1.34666
68.6824
65.2599
54.3723
29.9315
16.7502
48.2272
40.7932
54.7123
39.6487
33.2113
7.48391
19.6657
20.9728
7.33758
61.2561
33.49
42.6075
47.6371
65.4589
74.2461
97.1277
28.0118
27.1434
86.3106
59.649
47.8292
25.1866
64.4632
76.4615
43.4939
60.3116
36.9522
13.6818
47.8332
92.7034
27.7371
96.8938
86.8862
22.3379
45.7218
62.2293
84.0127
13.4618
45.1746
83.1408
40.4728
32.0088
65.4102
50.1599
12.6017
28.8516
81.644
16.1355
57.2129
35.4642
30.1172
90.9523
50.408
30.5363
67.6849
54.6106
10.33
0.0572801
9.56641
82.8876
14.1942
49.2789
53.1477
65.2211
20.1387
20.0877
48.6563
61.6946
6.0628
45.9843
15.8028
4.84369
0.639252
81.6508
26.1315
37.2289
42.1037
51.8297
7.93318
33.3863
23.1624
24.6381
96.3261
48.5248
18.3278
45.268
4.34136
46.3979
10.3179
61.1866
40.8058
7.73279
53.863
80.7867
36.8469
6.61207
52.1528
79.8454
43.3163
71.0812
65.979
98.0781
17.6452
53.0748
40.4506
24.5724
24.1027
61.8029
80.5392
27.8089
97.4397
75.5854
37.7367
88.8737
11.7907
73.5476
44.705
86.4388
83.6048
46.4626
7.81231
17.2885
81.4628
8.22716
67.6289
83.2908
86.8626
23.2807
72.1757
68.6683
94.3022
52.6149
51.1512
96.2346
50.6138
89.5435
33.9328
64.3971
73.3997
54.75
20
91.1293
7.52959
9.23787
45.8794
7.28273
87.5096
28.2144
44.845
74.1379
19.0638
64.1029
83.4746
81.4396
20.9253
11.5165
98.9063
65.9524
75.9592
6.21677
13.6471
5.98453
99.4638
33.0403
94.0829
11.4333
60.7254
61.5047
83.7086
46.3639
37.8268
45.7249
6.01533
18.5105
70.937
28.2097
16.7996
78.2082
62.5154
87.4959
72.8048
72.2826
14.9336
73.504
13.8634
36.7107
54.0551
76.0734
22.5094
55.2198
23.1123
99.0212
25.0425
48.2527
27.9193
9.09333
1.31164
88.6059
5.52849
67.6381
20.0569
0.964099
29.5083
86.0523
67.4606
73.5513
58.9803
41.2087
86.5161
86.9662
39.4882
30.5562
7.83408
61.7922
57.8531
39.021
8.61255
4.34601
19.4074
79.7105
87.4363
97.0911
18.3551
31.4211
41.4419
96.8891
19.7923
85.7539
57.6675
25.1466
83.3165
25.4441
74.8082
50.6941
25.6408
72.7633
40.0227
38.7066
57.3035
35.547
76.2179
62.9636
68.0537
17.4836
20.7641
87.7428
2.46087
86.9144
83.8454
73.2497
68.9979
11.2267
5.53446
11.5008
42.968
22.0358
53.3608
30.6764
12.3228
44.271
86.2407
10.6876
81.9449
83.0786
98.6534
61.42
27.7807
1.79036
72.094
86.3671
41.3378
4.73525
51.0156
59.9749
84.8465
72.9884
91.5295
84.8868
49.231
68.1701
99.9862
18.9087
13.5119
81.7775
46.8031
79.1633
52.4185
24.5122
45.9016
57.7278
17.1446
69.8551
38.5599
52.8336
87.4952
76.8755
62.138
11.4913
16.0853
99.0622
14.3585
0.465265
16.9767
74.8571
5.51215
19.1316
68.0853
14.6599
39.4924
29.6562
62.0465
92.9916
59.9074
45.1188
30.6224
82.9989
65.5723
44.7555
99.579
42.2865
70.1518
6.73311
7.79088
29.5002
54.3793
34.0159
99.4847
87.2106
90.4662
99.8479
7.1498
0.104973
86.3987
58.8254
91.6742
11.9155
62.9842
15.1576
40.8368
71.5699
86.9417
8.18923
73.0412
26.0714
42.6111
68.0709
9.39002
24.1927
38.7087
3.70566
4.21314
91.7987
78.0193
59.8387
41.192
15.5967
90.3141
32.6049
91.0743
62.9657
37.4376
69.0584
40.8765
44.4274
41.9874
2.10573
92.7148
27.4621
74.0535
4.33707
21.7624
24.8705
2.37085
75.9033
48.1248
74.0783
43.1733
52.4285
68.0423
85.5304
94.3212
78.2739
80.5116
93.6657
33.7485
83.4697
89.8114
21.8412
58.5174
76.3748
89.2048
85.3377
51.9549
95.883
56.7364
80.6214
66.9696
9.16297
2.51321
30.2029
35.9924
21.3202
50.2052
85.1065
57.5388
4.42386
81.1931
1.53254
70.673
69.6748
91.5956
65.5274
55.5349
31.0749
87.9694
84.7038
79.3831
75.1989
5.8449
73.383
99.3936
53.6365
93.0051
67.8187
16.7317
7.19543
45.9996
10.7315
40.6723
57.3724
40.5612
83.2434
22.664
56.0154
20.779
23.9652
78.0235
71.12
91.6583
26.0832
35.5554
96.4004
39.5674
26.2828
35.8914
14.9181
39.1614
94.4671
42.1553
84.6207
13.3719
97.8369
42.3048
47.4192
67.3428
90.4438
32.2675
65.079
46.4413
1.55556
97.2018
83.1068
31.809
87.3334
67.3652
48.4509
77.2755
3.14899
49.2642
28.6494
39.112
51.2457
81.531
12.8242
51.8074
41.4761
21.1457
28.8726
76.3477
6.31481
45.4489
17.8924
86.6687
11.445
15.137
80.299
9.02047
49.5904
37.1078
86.0973
7.77845
15.9369
54.1606
52.3252
94.2098
39.0159
28.5777
40.8504
26.8173
31.4293
49.0712
16.8219
97.2053
93.1652
88.3693
58.3365
82.9119
64.5428
84.2814
21.6854
35.5233
81.3339
99.3413
52.5449
46.7316
26.7038
15.154
92.8989
19.3787
76.7842
52.6704
60.272
60.7239
2.09007
84.965
30.7459
10.1142
77.2727
53.4664
13.9899
48.4078
67.7326
49.5865
55.708
1.0049
54.6604
80.3591
15.3761
60.2492
67.2312
16.822
83.3075
6.15996
42.0686
9.73947
86.8267
50.7759
17.7145
72.8423
99.4878
46.254
60.6886
78.5512
2.52597
79.1903
84.7758
34.0639
11.0004
82.813
16.0555
15.4292
81.2003
70.9357
50.3458
15.847
28.1777
36.1845
18.0361
11.9654
79.0621
51.4631
85.2231
98.1834
19.1376
57.4836
89.2661
30.4064
48.807
61.3099
54.375
0.323384
39.0163
75.5042
74.1894
63.7749
41.8476
47.3383
74.2187
39.6296
98.6569
15.1148
58.4745
46.0622
92.2949
80.4985
80.9579
62.9465
27.7298
48.6665
62.7836
11.2681
43.9217
72.5197
72.5055
37.5324
93.7896
19.5164
40.3572
26.5721
37.2362
25.6194
58.7701
60.4734
27.1039
53.7542
95.5747
9.93154
55.0553
29.0003
39.7463
65.2355
14.9574
12.0225
58.6614
46.6631
36.5043
58.7106
17.5873
52.5205
64.9135
67.5064
48.7207
80.215
27.3051
98.7706
0.40861
60.1715
74.3703
28.5325
85.54
98.0604
28.2025
82.7339
48.9218
60.532
62.552
28.7555
35.6063
1.9798
93.8529
22.3573
28.173
70.0679
58.6907
14.7909
9.84496
43.3273
8.4427
95.4526
52.5481
84.3314
87.2977
54.2195
23.7317
50.7592
80.1913
0.8678
20.0136
56.4397
83.5442
6.77183
98.577
96.9104
76.061
10.9801
38.6287
88.0034
35.1319
96.056
56.7181
75.6309
18.777
48.018
80.7631
94.1169
33.5242
51.6035
35.1859
32.4882
74.3251
53.8106
99.3269
27.3283
5.70093
30.9489
6.16685
20.9639
4.09049
77.8474
85.4822
5.57349
30.7375
94.4389
93.0659
51.8647
38.6152
51.8161
70.1804
16.9574
33.8842
82.597
12.6832
48.9331
98.4973
76.4571
97.8727
56.3545
16.2154
78.0795
10.5551
69.1899
36.2751
16.8061
32.5764
79.2395
39.8972
18.3943
68.2844
72.2575
69.6042
60.4139
10.732
38.6217
98.4361
37.5789
40.1989
83.6631
4.38319
86.127
85.2785
67.9106
68.7503
52.3248
64.4844
19.8548
45.7799
29.4561
16.5404
59.8761
63.4747
38.5389
15.9949
9.96899
14.2649
10.9424
39.4302
49.5268
25.7698
13.4542
74.3083
41.3527
33.6319
70.5418
68.9647
12.2029
55.4918
31.689
54.2643
4.68668
54.5015
41.0368
45.3109
65.9429
33.9393
48.3387
31.08
20.4593
47.2341
69.7723
77.1166
77.5475
15.7906
22.9201
28.1354
75.6884
54.0392
13.914
96.3285
57.1763
47.7516
63.3881
5.78379
36.8277
41.0494
76.6362
59.7488
51.2425
99.5568
24.8468
74.1647
16.6113
91.8151
1.94027
73.1399
6.40209
76.6868
40.0026
20.1527
46.3541
91.481
89.9476
4.05411
21.8255
8.2024
19.0453
52.8969
61.2454
61.6439
92.921
48.1807
22.4857
50.349
11.8222
8.11094
42.2225
73.8128
32.0539
43.1413
56.3737
4.75989
36.2012
93.1434
81.3155
5.83831
88.1038
4.00478
38.2265
15.9912
13.724
77.7579
61.9068
70.5947
37.6993
85.1212
72.7737
28.9487
77.8971
84.4088
79.0468
11.166
48.2413
68.4061
40.4326
89.2143
22.3541
72.5141
29.8112
12.7662
80.7653
53.3573
83.884
93.2818
8.23926
21.4632
67.1442
10.3353
91.1932
50.8285
11.747
97.3063
40.0374
76.3101
72.9639
90.2769
11.6663
39.5653
17.2941
78.0288
6.42834
48.3467
76.4991
11.8728
9.52022
80.9384
89.5646
19.7273
4.30522
36.3412
35.9463
60.6755
13.8353
60.7491
25.8766
95.0461
91.6504
68.5636
18.0363
64.7936
54.0034
16.7756
64.7246
28.7314
28.7218
70.3519
10.7421
82.2748
87.1207
62.801
71.0559
92.1001
25.2859
71.8588
98.6673
80.4394
67.0117
88.5879
90.5506
26.8868
11.9699
78.4279
79.2728
92.3451
3.87067
32.3056
37.904
72.1492
77.9134
55.8911
20.4334
8.79638
51.1699
82.3363
92.3835
62.3231
6.68506
9.28078
53.4847
50.2917
27.4721
35.3857
3.9288
0.65355
38.0368
67.5478
21.0536
7.81489
40.9171
27.6161
31.6325
27.8648
30.4179
67.7614
24.7308
38.6755
46.615
40.968
98.3571
21.9723
30.9538
10.2653
65.746
46.409
77.2023
27.9435
32.3365
31.5354
2.27074
21.359
49.1494
65.9103
64.8865
17.5926
34.3451
44.2201
25.1993
8.08379
28.6481
27.5451
29.9336
23.1105
79.1693
50.529
39.428
54.0777
35.2429
30.6689
29.9863
97.2178
1.94315
62.9076
27.2974
54.8193
70.0089
73.6712
34.2182
1.78734
65.5768
37.4233
18.749
57.3238
62.3336
64.5089
66.2707
96.3662
77.8531
47.4305
60.1569
31.329
45.9788
2.52644
71.6529
86.1714
4.48821
84.5729
35.1648
14.2831
42.4417
12.9167
40.7709
56.6805
40.4856
26.7231
62.9005
50.2377
86.1417
35.1404
0.87516
75.4626
97.4171
64.0097
69.8114
91.4697
67.8726
9.70939
86.4998
23.9995
96.4485
12.6907
82.8411
95.194
42.9424
67.3324
39.8667
36.3779
30.8528
17.734
74.3502
93.9804
92.2782
60.8862
81.5032
18.4902
80.7912
55.7133
62.2808
84.5764
30.1449
99.9861
89.6507
49.9393
69.1592
61.2943
65.2352
57.746
97.049
27.6746
13.7773
44.7911
91.1363
80.5342
28.4346
57.7225
68.5756
59.919
35.2394
23.777
53.1683
5.77019
8.26766
22.0412
23.504
87.4624
9.3239
57.7085
5.65736
17.0481
58.5715
33.9035
86.4349
30.4422
46.3761
80.3138
83.41
70.5007
79.938
68.4338
10.8301
91.808
71.9436
41.8889
76.651
8.92075
42.6465
69.0874
23.0105
98.8009
62.0513
11.5869
58.8411
98.5047
34.561
74.9401
89.3
32.2828
79.0279
28.8239
78.7286
14.6925
3.33952
32.8888
58.2596
38.8101
45.7044
20.1311
71.5162
62.2815
70.8404
69.6645
84.4474
50.8197
61.2425
6.66186
10.8149
80.8934
60.3911
96.4861
11.2177
99.0721
44.0326
73.0026
1.98862
12.7805
42.6998
59.0547
82.6335
16.342
30.892
58.3448
71.1754
56.1433
96.1196
95.9436
72.1114
34.0341
56.2218
57.3664
81.8026
32.598
67.3695
27.2124
26.7148
60.8439
38.0574
32.3447
79.8393
86.9495
2.66051
41.7719
43.1905
67.0923
46.8424
50.2913
1.7153
1.46566
21.4029
61.3225
96.0241
91.1518
1.31238
43.4165
95.8379
83.0796
91.7476
14.9282
5.76361
94.3052
22.4472
53.0018
11.4038
68.8944
11.839
98.5155
87.1092
63.4647
60.0832
86.1641
10.2978
88.7634
57.426
98.2909
31.1919
89.4082
85.5345
44.9087
44.7726
36.8358
98.0668
31.436
87.6922
83.7891
62.5263
40.4797
36.3543
16.7062
76.4574
93.1734
70.4894
69.5174
2.85892
91.7126
28.1674
31.6454
48.6175
85.3982
88.007
9.16903
17.1885
46.7885
5.1362
82.1741
54.1405
8.80641
96.3332
58.152
66.2933
98.8197
39.5846
5.20316
57.194
87.2375
33.3068
0.467889
52.3905
12.8863
89.5526
2.43957
1.18553
50.3262
85.278
69.7526
33.3961
43.8043
90.1762
76.4168
97.1009
29.4472
70.5929
5.71695
13.8375
10.0294
13.5178
59.9989
18.1278
57.4037
59.6823
25.6973
71.5792
51.7508
60.189
68.707
28.0342
4.08028
99.5089
62.2848
81.6186
8.51943
40.3146
0.479224
40.5934
40.0985
3.87081
84.9798
66.1192
21.8522
43.7449
0.564615
60.7867
28.4751
76.8031
41.3749
37.0416
90.2384
18.9577
91.1451
20.737
30.283
79.4768
97.5224
82.2351
38.3948
2.06643
69.91
35.3909
9.72684
59.6737
16.6542
35.6476
84.6483
8.16328
70.6636
41.318
31.835
45.8116
51.3282
41.7835
54.1313
96.3499
98.6439
82.2903
89.0755
47.7331
51.0787
36.2359
98.3116
78.5222
72.244
55.7119
67.3372
24.7751
90.1022
44.8043
10.7891
73.9344
58.5056
78.0288
55.8635
77.3815
46.6651
93.9089
8.16937
49.8782
46.6757
56.9475
73.0615
48.9885
55.5328
97.0833
39.8959
94.697
96.8299
17.4846
46.2533
64.9561
83.3211
18.3232
66.6372
53.3043
15.4653
61.1946
96.2413
89.4266
43.1076
42.7449
26.8905
52.0923
99.4151
49.938
30.8399
7.31028
7.65715
99.3957
16.8471
79.2546
32.375
93.5428
55.4846
43.5989
46.2117
49.3119
86.3055
68.8858
23.8773
72.5345
77.3597
33.9284
87.1224
68.124
4.18533
56.6107
56.3967
13.6021
19.1219
12.3055
75.778
59.4962
4.02299
36.3802
80.527
65.4969
6.72481
55.4284
6.3044
75.5574
15.1866
29.768
31.3777
89.2999
37.4016
42.6045
92.539
63.8169
91.0814
25.1883
9.36074
66.5617
4.06746
83.4793
74.9989
1.19512
44.0399
27.0205
48.3927
34.1012
83.2483
66.9473
70.1469
96.5041
91.3525
25.9757
28.3071
17.9566
43.9958
40.0088
68.2975
72.6909
52.5349
25.449
1.52034
31.907
49.188
36.567
89.6236
63.0148
76.6699
7.78615
28.2045
99.0527
76.891
69.0601
63.9558
48.9851
25.7105
0.725537
61.8049
1.30932
8.21498
69.7264
17.2123
78.393
27.2709
92.6871
21.4448
90.3515
76.8408
33.0694
56.6109
10.6373
15.4706
63.3282
56.6982
17.5955
31.3464
7.55787
39.614
93.1723
70.394
0.208914
75.0228
71.2417
34.7374
96.6862
25.698
33.5938
63.6294
56.1531
94.2361
69.1272
78.5596
32.3163
73.1991
52.4983
53.3221
68.1491
32.4083
79.4043
90.6762
84.0341
70.7011
27.4419
93.1212
97.8995
7.14674
2.42028
56.5554
62.3223
43.8208
86.6595
7.35208
77.0308
70.2103
26.0826
65.3294
73.758
25.8777
91.317
13.8726
76.0281
82.8269
24.693
9.57581
34.3593
27.9859
75.1125
29.8924
8.03435
41.8512
39.7365
85.6791
96.4524
73.4904
78.055
8.90174
86.5068
13.3606
47.454
25.4435
95.8923
10.4001
53.414
95.1684
87.9508
71.6602
9.69331
19.9604
21.8554
83.0607
1.29201
69.7845
97.6217
49.0477
93.5742
34.5479
28.196
53.751
44.5328
62.1467
38.7265
7.77083
62.731
9.49823
9.58886
26.4654
80.6076
79.9396
11.2328
4.82339
17.9839
97.4828
50.0121
23.9925
2.23776
10.3797
21.3621
44.8904
58.2022
63.3887
75.7833
90.8845
0.0580577
56.2921
49.4385
43.097
63.0294
14.5833
84.983
45.2055
85.3801
27.4413
16.0931
6.17589
66.4695
59.3976
22.2309
11.2937
87.6342
50.3509
61.7058
26.3283
8.86128
25.7686
57.5688
7.38048
37.7578
81.4702
50.8169
13.1616
64.7361
2.47919
8.10397
1.07707
31.9156
49.3325
69.025
23.3702
46.7461
29.4611
68.844
37.3952
26.3994
46.1926
42.4858
26.7127
68.3605
17.5588
4.3724
63.2833
51.0791
86.4373
20.8962
42.363
39.5952
24.0482
34.546
39.6741
81.5722
77.9103
59.1918
19.2105
10.3346
30.0997
8.60495
43.5485
48.8365
54.6893
95.5201
1.17653
77.2399
84.6064
21.9589
45.8682
67.6862
98.177
11.5832
58.1335
3.61243
28.9873
94.4017
8.25244
58.6303
10.8706
42.4123
84.0255
24.8096
85.8822
77.1909
29.1554
82.01
95.9281
82.3045
94.0553
91.6294
50.0872
62.0961
10.5019
77.2037
52.054
27.6051
37.9592
76.161
12.0779
4.3816
40.5827
44.2606
35.8099
35.2374
40.2687
10.7858
69.7129
7.87001
92.6743
5.11909
90.0256
63.4307
74.7339
18.5389
51.4411
72.7953
49.4302
20.4047
87.6114
38.179
15.9245
19.4133
54.4248
20.284
24.1852
63.5826
26.5863
82.0892
1.20891
69.1187
86.5569
93.4319
57.911
50.2136
66.8226
3.42823
40.4624
98.7017
23.2844
61.5187
10.035
47.7373
30.9894
53.7443
96.8285
79.5232
30.4857
58.646
15.9512
56.389
68.8483
86.2126
85.4863
85.7549
45.597
48.504
26.0352
62.8582
25.8767
59.1533
94.0649
12.5352
33.0831
17.8657
15.9563
99.546
94.2709
50.1864
86.9382
99.9133
94.324
73.7366
10.5565
26.1005
79.4606
51.9613
12.6529
25.4642
23.0596
3.73451
49.5731
79.8119
68.4529
95.1187
89.8114
29.9405
41.1602
56.614
84.8335
29.802
9.32473
78.063
74.7084
26.7554
38.428
72.4775
65.4785
22.1398
54.4035
21.4852
85.6362
34.1333
10.1397
59.1169
89.8358
17.6157
3.71993
90.2592
56.4348
11.752
10.3662
56.0753
4.73956
97.1416
41.524
27.0829
72.3266
46.0445
53.9738
82.9768
98.9333
43.1112
1.45147
70.1988
31.7988
3.54854
86.107
2.15149
31.7999
76.2232
14.0133
3.51813
4.23397
92.0081
31.8417
4.11138
63.3052
38.9887
61.3774
71.4882
74.0543
70.6474
58.3018
36.1919
85.2289
86.3048
18.0577
53.363
14.5457
4.98526
40.8198
79.8083
73.4536
75.6895
97.5929
58.5202
26.3045
5.87536
90.5162
87.9553
80.028
12.4131
72.7667
2.2334
47.0676
71.3475
68.7164
47.859
21.16
61.5643
80.9327
62.4682
83.7624
72.1158
41.1998
96.6242
61.1897
71.0362
35.1097
13.9118
44.2019
35.9138
27.2944
79.0567
9.85362
41.6043
71.7519
25.9927
39.7817
72.2951
26.3584
28.0729
74.0084
37.4364
43.8314
18.5997
16.7262
93.3311
67.3246
45.6012
76.1876
12.9036
81.5914
81.5027
99.1279
42.1222
76.5521
25.1107
98.5328
21.8365
9.10603
2.37773
39.1324
46.4715
82.8904
66.0808
25.3301
37.2526
56.464
34.5138
99.9514
76.5126
19.6311
52.2487
27.1687
49.445
14.7484
89.5413
1.48043
8.22222
61.8649
11.5812
6.06248
15.7558
63.0599
9.26731
54.3713
33.3813
15.9035
92.7491
65.282
34.9655
59.905
68.2185
60.0955
44.6665
10.9313
50.6775
96.0002
7.85488
73.429
94.2726
50.8757
60.2877
96.6606
62.2814
19.5383
66.1303
28.76
74.9255
13.4406
30.9371
65.3766
98.5799
55.311
50.1041
57.6111
64.0113
5.00105
33.2405
48.1681
76.6236
60.4365
20.4815
15.1896
32.5233
16.2597
73.9121
31.8362
13.6065
8.30283
0.340752
72.963
69.5594
74.6556
20.2523
8.00637
17.2716
31.9277
22.1629
84.8338
81.9041
90.8363
26.0758
75.2073
70.8111
70.9185
55.391
98.9343
11.4499
11.3775
8.24279
86.6183
25.6609
35.8269
20.5381
9.92076
99.2527
27.3764
38.4233
38.9612
91.3513
54.1925
62.8002
78.6685
88.3611
57.0171
92.6671
95.7938
47.2755
69.6903
14.7192
24.1695
85.7844
29.4321
99.6699
50.426
95.0622
82.5549
45.8429
23.6113
62.0266
77.691
15.9233
58.7051
33.3412
88.3711
77.3161
34.4523
26.0984
4.94746
77.5092
41.084
79.319
62.2697
35.0711
8.62405
49.5133
76.0507
85.3327
63.5175
68.6704
10.4871
80.4965
61.0017
50.6226
12.1082
52.3396
89.2277
54.5292
54.7546
31.0984
80.103
24.7525
23.2397
13.1089
55.3353
19.9748
75.2201
40.9305
10.1849
11.5569
96.9655
40.755
79.1827
27.7373
86.1638
67.7928
8.80509
77.0137
26.8555
73.2131
30.1889
34.4156
26.3974
56.1105
98.6971
0.90973
98.0901
28.3666
89.8253
41.6119
81.0335
35.9177
24.3261
41.7309
57.4781
45.217
85.5674
90.9694
26.6545
77.1955
28.8846
17.7965
25.131
41.87
31.7272
22.2279
56.8597
79.5951
18.398
35.099
55.3812
38.9523
29.0398
62.9231
97.3892
72.123
26.2382
38.1657
56.2335
34.1787
91.5734
6.69885
40.2421
98.5563
20.8622
49.7825
94.4532
97.0896
23.4234
84.5746
39.8822
1.2607
15.8758
22.9543
50.5608
13.1315
67.0283
22.7372
71.7308
45.0979
94.1012
73.9947
70.0304
34.5101
88.2884
76.1379
94.4248
35.7079
1.92409
87.4243
54.8241
20.4306
26.1162
36.9016
80.7321
96.2228
99.4995
79.7588
41.8533
12.8009
68.4672
79.1979
89.292
37.3686
19.8321
29.5361
59.0961
82.4094
27.1382
24.8197
20.5157
68.8822
79.6883
46.7164
35.7676
89.65
48.7655
37.5584
29.9612
93.8506
79.1371
98.5906
40.0509
24.6042
57.0322
68.278
45.7174
24.1796
23.1201
86.9101
6.47882
15.8564
33.6126
86.8467
25.2796
95.1531
38.3464
73.0614
11.4074
87.4707
43.7813
28.6549
67.3631
54.3591
66.3141
49.8856
43.3723
81.5484
38.3893
34.8576
93.6074
56.9166
44.3031
71.0617
68.5076
85.7918
87.2294
81.1947
59.4625
60.3792
22.6987
86.3481
34.3047
61.0896
0.549737
57.9071
88.7418
0.696389
0.223712
89.9733
9.22573
61.2208
26.2801
99.88
23.0256
29.9755
22.4402
95.1275
28.8497
11.9531
11.0623
94.2874
63.2006
95.3996
89.8235
88.4437
1.63678
80.7705
94.4429
98.5689
69.8586
56.4181
77.4212
71.2953
35.7158
54.0732
1.75637
44.0147
83.8983
35.0229
55.8264
36.6347
91.731
66.0478
34.7056
29.5312
62.2825
78.2463
61.792
81.8366
78.2842
86.8641
78.6916
48.0941
18.6273
57.6579
81.9422
98.3982
3.61179
67.8274
78.4362
42.1462
9.19082
86.2939
60.4536
32.0581
6.02293
52.3397
28.9605
14.6354
77.9641
23.4531
52.7803
36.9503
72.0225
48.6098
99.7032
20.9675
34.9379
30.4966
65.3603
1.99413
41.3754
98.4836
59.0251
96.4489
83.4261
53.8136
48.0559
53.1711
97.1291
58.6971
99.0419
41.9404
40.5556
97.0735
32.7967
60.4396
35.9582
48.3225
53.4905
66.8754
86.4479
72.341
4.59324
62.7814
40.3232
99.6585
96.1217
24.607
50.433
11.8167
50.765
63.9982
23.7617
38.4527
51.5535
17.3706
31.5481
40.7605
47.9914
12.0752
68.1747
42.5293
66.5647
94.4814
54.2024
55.3579
77.7391
94.8494
69.4062
42.1193
32.7297
12.9041
91.0045
5.89509
19.8867
36.7681
45.2692
80.154
21.2584
42.0002
79.5844
30.3196
54.8265
74.5622
21.2028
98.8929
49.1193
61.045
24.5426
43.3747
75.3966
36.0452
30.5443
97.6564
40.2575
4.95368
21.739
9.48415
99.8581
58.4423
41.8389
83.5173
29.096
58.1849
37.7094
27.4026
64.1164
59.1946
53.9548
25.851
35.854
69.4005
83.256
42.1684
90.6888
15.5476
31.7086
48.7209
74.7357
76.0067
68.2143
62.5389
40.1661
67.059
40.0531
67.8173
39.9165
17.8526
3.22787
84.9246
44.9024
83.7163
14.898
18.9389
85.2356
31.9584
18.7402
42.9875
93.6097
49.768
41.8341
28.9892
84.4447
27.6251
91.4036
34.0789
63.9415
18.4748
68.5668
7.26391
27.9308
97.8993
12.2139
41.6504
32.7504
30.9384
70.7246
33.5267
25.2284
99.4196
70.4781
22.2804
77.6872
78.729
50.0458
63.703
17.3154
17.4356
60.7515
73.4458
67.5837
2.69927
85.5109
19.5626
93.5114
92.9408
13.891
95.1163
69.6341
51.42
17.1669
54.2234
77.4854
52.3348
93.0755
36.6172
47.4614
38.0298
68.484
54.4009
58.3788
46.0438
11.6282
69.5269
21.9337
74.4884
14.6905
13.5014
68.2841
70.4921
14.8169
69.2357
84.4538
18.7097
77.5054
89.8493
87.5714
69.9864
99.7811
71.6483
42.6288
35.8366
5.92358
32.0941
42.4411
45.9081
99.0747
83.0977
18.3838
70.3158
73.2703
90.7053
91.5754
82.8451
75.939
85.1973
87.0789
2.86259
47.5277
59.4243
87.8376
61.7201
81.9933
52.7071
18.1294
16.9862
63.7321
96.1597
6.80738
28.5691
50.6497
95.5579
63.0798
80.4361
60.2687
67.6055
92.6398
96.28
80.4175
84.4234
96.9447
96.4898
61.5165
29.3598
73.6395
92.6878
87.2914
92.5137
38.2057
15.0331
40.7474
45.4948
58.9809
31.8005
82.0719
58.1975
16.9038
45.5047
25.5224
8.44069
36.1123
60.4221
89.7434
31.3378
20.0945
65.7975
2.46789
83.9967
84.2713
97.3894
30.111
82.7255
79.1952
55.4101
50.6118
40.9402
23.6779
13.0841
83.205
2.13334
93.8665
33.0558
93.4017
26.4379
59.9525
98.3932
71.2719
31.7433
92.0687
40.94
0.119223
13.1968
7.37398
8.0151
84.7978
89.8676
28.168
81.9715
82.4863
71.1399
83.5455
17.9653
85.0037
95.6334
29.7287
51.307
82.745
49.3204
22.5453
34.5363
38.3556
82.4357
5.29747
41.2222
6.25571
46.809
22.5493
5.01539
11.5615
20.8993
53.8171
1.48926
38.6251
37.0187
5.6731
23.0312
3.14125
8.03474
0.965913
90.2158
2.02257
29.9266
43.7404
7.71356
64.7765
23.2011
37.4528
5.36349
65.703
47.812
49.3432
25.2007
60.2833
87.8716
68.0055
11.657
75.6914
51.9259
4.52621
51.8373
57.6896
78.1682
64.8971
75.2079
53.671
42.1819
44.565
97.6607
63.1578
6.52086
20.402
89.2113
34.0118
67.7751
55.803
55.49
15.4034
84.1153
28.1321
0.645791
35.2841
29.4992
89.9474
97
1.13269
73.9066
55.9513
80.2861
2.33313
43.5627
79.0861
37.912
91.9543
38.0088
85.4901
24.2547
88.9112
38.2418
97.2146
57.7599
10.2592
67.9508
1.15253
92.1992
17.027
27.3908
64.8038
96.5365
39.8535
61.7222
65.6243
89.9059
66.5759
99.5759
81.4584
73.7987
83.7406
53.559
16.0767
59.34
33.9813
79.4345
59.04
88.1015
17.496
45.9365
54.5657
86.824
5.73421
67.9805
68.2858
58.4996
56.0002
11.2453
22.3725
31.9093
40.505
37.3673
91.2257
52.2088
14.7705
71.2853
17.7671
58.0403
95.3764
62.2447
67.9959
99.7576
85.9397
43.3255
94.7657
77.2881
81.457
63.8299
64.3443
81.2104
90.8966
77.7296
47.4121
19.9433
15.1735
21.56
67.0552
62.2987
8.79273
82.2984
19.2441
78.0274
80.9136
85.3294
70.2398
39.4915
15.4535
86.1589
84.7818
28.6503
39.8374
51.8086
11.8805
43.6424
80.7369
44.8509
5.42053
50.1296
92.0263
8.40079
20.4124
16.6765
10.1595
8.07926
99.2299
67.244
59.2098
94.2264
17.1566
81.6268
66.7744
23.0078
68.4284
39.8463
95.5405
79.8563
77.862
46.5917
44.9045
5.59912
28.3812
74.2848
13.7653
58.9014
28.9012
94.9594
91.2102
83.1527
20.7346
63.7604
83.8291
74.4254
3.14149
44.0267
73.9574
3.24442
36.9953
38.2582
89.9948
48.7502
84.2111
74.9227
25.6573
90.3322
23.4791
3.74922
58.8893
45.3897
51.7419
91.4657
26.5714
11.9763
38.2968
39.4722
49.8225
53.1614
86.7283
25.8955
84.1412
36.8919
58.9398
88.1073
22.7301
17.7205
68.215
39.6085
67.3856
19.9111
83.1831
1.88006
9.87602
23.4746
1.51516
30.7284
77.6166
44.364
0.270023
89.0848
0.776673
97.3636
11.1867
16.3931
69.4307
10.8484
9.43342
27.8155
81.6446
26.2185
46.4385
16.282
52.2509
97.1619
48.5113
94.8316
26.0166
72.7101
93.5463
73.0065
45.0433
44.1797
31.827
54.0649
89.0324
13.0817
2.43018
69.7939
50.8971
61.9017
11.0719
16.7529
9.80439
79.6688
35.4366
99.2629
82.1641
82.474
80.1472
29.6428
85.9735
71.1037
67.2689
56.8401
96.5353
83.765
18.0831
47.2752
74.7404
65.1504
80.7026
27.1559
71.7289
20.9048
95.3511
5.03142
23.3463
90.5066
46.0296
24.9266
78.4056
99.0257
75.4594
18.9461
59.6679
16.4017
78.4597
73.9797
18.3827
56.7484
48.2933
11.8396
8.72394
98.4892
22.3791
75.6294
71.3154
79.0938
5.43186
16.8681
30.4586
30.7913
16.4932
9.82079
12.4084
86.3723
82.2602
73.4534
26.7392
24.232
96.6043
62.0631
75.902
85.7121
24.2269
0.519966
58.9256
49.0044
74.3248
50.6232
31.1871
35.5116
45.4549
77.7483
42.2428
65.3066
84.645
88.0674
92.7773
97.606
95.1749
27.5463
31.7735
50.703
78.4669
73.7949
50.3719
75.7956
8.67705
88.0541
64.0988
65.5655
21.7591
88.054
17.9336
53.4477
80.4251
79.1402
50.6179
22.8044
95.3891
87.6723
98.4892
90.3032
12.9484
73.2752
21.6288
93.3788
19.8465
84.7484
61.3438
7.87378
75.9568
4.58587
83.294
27.8357
63.7331
26.9329
61.6079
52.8286
30.8767
98.6763
66.0157
35.5756
96.7952
67.5782
1.10261
34.2163
65.6902
22.9231
40.2991
82.1272
57.1039
82.9753
66.417
13.3366
58.8628
37.2678
14.7892
1.52456
77.7218
68.3563
86.8474
29.0698
40.6064
39.3294
74.7793
95.6723
81.2579
3.74638
5.66916
93.8768
93.6344
81.7321
48.126
69.8573
90.7802
5.03667
1.41419
74.01
96.611
98.4181
17.3436
34.4594
68.4035
1.70423
79.3814
40.7971
95.9037
45.5969
50.5705
49.7355
7.46713
26.1062
85.2035
33.9804
81.0994
31.2651
5.54382
80.6458
14.0732
73.5766
61.4496
3.52901
13.5535
29.5296
90.5783
94.7422
96.137
92.4012
26.8563
75.8261
46.8585
3.51083
98.1021
68.0156
38.991
92.7993
92.2775
55.7503
92.4292
68.447
38.9291
37.8093
7.48238
75.47
94.3699
41.0148
61.9694
41.2415
14.1135
91.2682
60.9901
95.3655
5.19197
7.76596
61.4313
32.2342
1.69515
62.4597
10.4087
82.9557
85.9407
54.8717
43.8149
68.0926
20.6488
77.5847
38.8368
65.5794
11.7899
62.4992
12.6326
18.8947
80.0883
91.6789
92.1615
69.0091
13.2616
75.3211
68.4922
39.6929
67.3646
66.6886
77.9455
72.6835
57.3064
72.8271
7.70117
33.2331
45.3973
70.3819
1.54736
35.7444
88.189
91.9666
65.3426
67.6202
94.529
6.22171
42.8321
49.7093
35.0626
87.9379
77.9767
74.2223
37.9282
81.3162
13.9519
36.918
93.48
25.1007
8.08054
3.27927
91.7687
56.5702
71.6627
11.8282
95.1064
71.3931
29.5793
56.7548
84.2598
62.5721
98.6712
7.43326
54.8681
54.354
9.68177
30.2194
80.5075
74.2969
22.7793
4.47293
19.5688
80.7666
57.0408
80.1239
50.9544
71.4681
93.9595
30.9471
59.0833
32.8165
0.657669
19.4016
2.25183
31.1303
41.8418
35.7056
31.9579
86.9065
72.1126
57.4793
78.1861
9.89647
55.312
89.3789
26.5702
73.0836
14.0889
50.3183
96.367
17.2309
43.8759
23.3592
68.6142
94.848
92.4276
35.2446
39.5922
39.8314
83.1922
72.8091
40.4546
53.2486
85.0718
26.1325
98.2282
0.0646507
19.3746
77.8185
6.80202
16.1344
75.4539
16.08
95.8878
3.19659
67.2347
97.4074
58.2674
28.231
92.0786
47.5575
1.28214
98.1631
55.8078
18.1585
13.178
7.83679
43.0669
69.8754
93.1906
67.1749
32.454
68.1488
42.2164
35.867
97.6055
22.799
99.8554
29.8138
98.0697
28.8996
38.4774
15.9204
74.1886
22.0002
57.1745
71.0057
49.9249
47.5462
22.9029
58.2326
87.7048
19.6743
57.6546
63.3052
36.8914
32.8991
38.2367
84.6292
85.862
71.5286
99.3732
74.373
91.9416
78.0466
16.5703
98.7636
1.60582
1.31945
4.47369
89.767
45.9887
67.3581
33.0621
54.1042
81.3512
68.457
7.70766
45.7006
21.6817
10.6012
1.8045
98.7727
91.9429
43.7325
39.8161
15.344
18.3727
71.4811
38.2982
50.5092
70.2991
81.4416
37.8133
88.2714
41.7636
45.4324
95.5189
5.23953
56.1251
8.0178
14.6697
41.2559
67.9561
38.5795
3.39505
7.05305
45.3599
88.4132
87.8115
58.5781
26.6587
6.79002
48.3306
54.6525
22.4667
90.2625
92.6354
33.3651
24.1906
89.5661
9.91815
27.7103
29.8012
13.6492
5.76021
93.4174
76.3215
85.8544
14.4347
52.8145
99.8246
43.1462
76.2705
60.5895
81.6576
3.26447
75.7171
33.052
32.9113
0.914335
35.8975
59.6213
53.8628
71.2878
44.2504
37.9492
49.6202
49.7945
24.4132
71.5827
31.0371
50.2937
78.3211
97.203
83.0513
76.2466
0.106009
44.8241
58.0852
9.04529
9.60288
10.9836
61.0268
46.1601
22.9539
68.0732
36.7001
54.6877
49.6167
19.7542
90.561
74.1234
55.79
68.7955
63.7598
13.3355
0.4806
32.606
65.7253
46.381
65.1668
92.6125
34.4197
23.7637
86.582
11.6906
78.5788
82.9419
4.84945
68.3836
25.5924
14.8956
99.8121
30.0032
63.3489
11.481
69.5177
79.6438
82.4877
57.4546
32.9218
79.174
69.037
31.1471
24.7528
91.4064
67.5544
54.0514
67.8299
83.6653
52.8026
78.1956
76.438
40.9124
22.361
72.7255
75.0535
32.4283
94.5389
95.6518
33.3078
22.5891
48.3415
33.1925
39.2845
5.80071
85.1186
19.861
41.7957
95.7288
7.4769
28.6016
71.9441
80.8009
1.16246
27.3842
93.3279
32.2505
8.18551
89.6779
50.5941
48.2444
83.5783
74.8125
10.264
12.23
1.1492
43.6965
92.449
35.6132
24.7426
50.0444
22.939
63.744
33.8745
68.9281
84.2131
78.5101
14.578
82.4922
79.4075
21.9586
72.6375
70.438
83.5594
62.5424
56.9252
68.3847
28.1417
73.693
45.0851
61.389
4.35756
23.8451
69.3039
9.75906
36.2949
8.66887
96.9831
59.8502
54.0893
58.0213
29.3903
32.5521
78.9986
41.1259
99.6192
44.6395
74.6409
97.7425
37.5416
57.1077
52.0839
84.6594
14.2687
93.762
15.967
29.0362
68.5299
24.7639
36.3376
9.98508
65.6932
93.1021
7.39116
2.57786
49.5775
13.811
28.1222
66.3396
60.5604
73.6188
0.311668
84.3897
68.7673
68.0803
27.9422
19.8266
57.606
3.09235
32.3571
86.1325
40.5116
97.5416
88.3769
13.6817
16.45
69.2691
46.8271
60.18
0.272704
84.8806
49.4118
81.8666
8.33701
63.4713
57.2277
70.375
81.3131
51.5635
94.4928
36.6994
98.1538
0.0237142
28.2945
62.664
76.0081
83.1016
19.3033
97.8
13.9876
55.5657
72.5727
2.46658
31.3585
75.0544
22.8574
98.0011
83.6989
13.8334
46.7924
41.7158
82.3854
10.3141
81.6493
45.2049
3.16138
98.5213
87.5805
21.5761
33.3221
34.7233
81.513
31.3797
84.5002
17.7211
36.3571
84.8126
72.9274
92.1322
14.6287
50.5801
33.4189
64.8782
68.6886
91.6917
24.6875
16.93
56.1906
37.1779
81.7442
96.5786
18.1123
97.2919
91.3539
82.5402
81.6162
13.018
72.062
62.1784
66.9949
35.4657
6.97195
67.1571
44.2455
33.8703
76.7892
37.4844
4.63336
55.7834
19.8239
95.1593
6.66714
37.5644
87.0095
74.5439
14.3208
68.8883
5.52454
88.9074
62.4631
74.442
56.505
28.8032
98.6591
12.7961
53.1057
38.5248
74.7067
13.5384
1.91466
28.1112
7.01642
70.7036
58.9304
56.7308
89.707
81.4597
0.643879
50.5008
91.6055
60.6262
8.5231
51.647
59.6265
98.1984
16.8513
66.6165
7.72075
77.7427
73.1056
60.0331
65.1478
47.9789
0.765853
49.0889
99.5938
91.0781
18.7738
87.5965
12.1288
90.1739
45.8026
80.224
33.9543
50.8862
52.7556
70.1169
30.817
90.6899
40.9068
89.9704
83.9677
4.97996
81.7958
25.301
79.5427
84.0691
50.9484
44.5644
84.3044
50.0961
23.6857
54.1701
35.3889
73.0006
32.9538
83.2653
43.8657
43.8877
99.7818
78.6706
41.6596
77.3415
37.5676
51.1105
68.1746
94.7585
40.9622
3.5168
25.2168
59.6726
49.9949
94.0936
52.4826
40.073
30.338
65.3196
11.7516
56.185
25.3082
15.728
70.2277
60.4287
62.7183
99.2975
12.2898
58.0477
53.3091
56.1252
60.4118
76.3433
43.9162
43.1241
94.3399
34.801
24.8649
85.0965
56.7531
7.75122
66.1383
75.2647
8.44842
39.5115
18.7498
79.9047
58.2414
99.7569
56.9062
69.893
77.8992
47.015
83.9869
34.9839
84.6343
40.7624
86.6892
41.7569
20.6515
18.3471
73.6644
10.5764
85.491
92.4996
69.4808
70.9079
78.066
0.867385
42.751
52.5601
38.0982
36.7495
82.4824
13.7653
92.0021
57.9949
9.47332
52.7161
15.4394
27.9125
68.8167
12.1482
84.5489
24.7129
89.3174
66.1987
19.8392
15.4407
95.5601
56.7606
30.1503
69.0014
68.019
20.5556
14.1306
37.1818
56.3373
20.2704
93.4179
45.7605
18.3047
51.2246
85.6081
36.2629
49.4546
26.2502
90.292
82.8468
67.8567
52.0922
42.0386
40.934
71.86
14.066
11.4817
80.4253
35.0597
19.3844
58.8597
60.7785
53.6263
25.4834
38.9269
36.2058
38.9477
85.0378
61.8264
2.42363
70.2892
52.0254
30.8544
62.5896
38.3843
53.8961
4.5923
91.7612
27.0051
38.459
83.1022
76.9861
32.8491
64.1201
89.3091
0.260924
76.6214
35.7288
26.832
30.7889
92.0451
90.1852
92.929
74.2782
38.3527
83.6868
32.6777
48.791
61.2866
51.0123
88.0536
50.1248
78.472
75.4204
18.3526
31.9227
47.899
34.9305
86.3321
36.5401
99.6938
23.8023
61.0574
52.6583
21.8157
59.8409
7.41907
58.6591
77.4697
39.874
21.2124
92.1179
2.28678
46.9263
37.0048
63.0686
38.7645
22.4078
90.8586
25.8494
18.2384
58.0751
48.568
98.9188
64.4989
85.3375
15.9227
61.4641
1.80412
94.4775
71.9812
60.0981
9.87959
72.267
72.1515
11.2059
87.6825
39.7165
29.3678
76.4061
77.8458
99.0061
8.04431
12.1019
66.7207
18.3996
43.8023
58.7171
50.9539
54.0958
96.4485
57.7237
92.9638
1.56137
83.3539
77.567
7.16222
20.898
5.80178
58.8359
9.57866
10.7329
70.6655
93.4872
9.40194
90.0486
60.3031
5.71703
1.28637
61.0105
25.0557
25.3606
10.0256
70.3337
80.8292
2.75753
2.07164
13.1046
94.4669
17.661
93.7873
31.8163
97.4438
48.73
12.5279
89.8735
75.6177
11.9224
94.6092
28.5232
78.3155
15.442
58.2268
32.8069
94.0965
25.876
85.1747
28.1357
10.7599
39.3194
87.1799
28.0292
1.34319
12.528
18.3167
10.0352
46.7205
31.6515
6.11287
54.0009
24.0989
98.9292
62.37
57.1146
94.303
96.1732
32.6243
37.0479
76.849
24.1065
27.2584
17.5283
74.5812
61.7624
63.251
71.4641
13.4177
79.4289
81.3005
59.7644
55.7386
53.408
80.7203
68.2352
61.387
81.6467
73.9088
87.0568
28.8501
8.59381
1.71131
29.3934
20.2628
51.323
18.5585
12.1299
17.2762
94.0764
47.1136
30.0441
40.483
84.9069
95.66
26.4701
52.5025
47.5494
25.5192
70.3534
4.38984
83.3336
25.1679
54.7925
40.8511
43.355
32.5041
33.6747
21.2267
46.7709
3.29286
64.3694
49.0982
11.6219
98.4438
13.1687
80.5976
17.4249
74.6409
0.338139
67.0377
50.9268
39.2425
62.2765
40.2223
53.7001
93.2676
88.4686
34.9259
68.2346
22.0749
45.6857
21.305
56.3839
41.2122
31.63
93.3059
33.4166
97.0969
2.54044
5.93083
31.2853
10.5124
77.2909
76.7738
83.3645
23.4504
12.1224
13.9743
88.9487
19.7386
18.4621
61.8484
5.11482
96.7602
44.4848
16.0843
26.9836
10.6765
15.3481
85.7495
80.3272
13.1527
91.1057
74.3704
94.2007
76.1027
49.2036
41.6757
67.1154
79.4478
99.4397
43.9469
85.1885
72.3824
86.4675
16.277
66.2492
46.6724
28.1933
53.1996
10.1442
22.6761
22.1011
15.7098
75.1522
73.6474
79.6427
48.9049
99.1743
92.3835
81.718
23.3686
27.0491
49.9925
3.33657
86.3574
96.3627
70.2767
31.0166
64.3529
74.0765
56.4606
56.5136
15.4273
97.7544
52.6674
96.3378
17.509
32.5321
83.6856
78.9446
9.82526
39.8866
83.0868
50.2619
24.4495
1.13608
52.0841
33.146
90.8417
0.600275
83.5148
58.0578
2.63836
60.778
62.3522
80.1353
45.3684
31.6322
56.4806
93.9546
55.386
89.9915
14.8499
6.27328
36.0867
6.27295
41.8794
27.2088
47.2183
18.0432
18.1841
4.5935
16.7706
14.939
6.39204
89.9858
7.40518
48.3098
27.409
9.03316
82.5067
57.3531
60.0328
43.9753
64.6794
76.846
83.5556
13.5441
71.3928
54.284
75.9609
26.6507
8.48701
34.1582
88.2759
38.5058
21.6929
69.7317
23.8453
17.9815
59.4437
69.422
67.5881
77.9244
89.1996
69.7775
21.586
26.1514
59.81
22.7822
58.1596
82.4161
78.545
92.0399
35.1545
29.2297
35.6103
30.6607
92.8428
30.7468
5.36924
0.370197
62.0512
24.5719
82.1549
39.6183
18.7491
79.7391
4.30651
93.3969
84.5187
0.0328911
2.94827
72.5151
38.2258
68.7772
74.9956
9.05656
34.1751
19.2701
63.8658
71.065
30.1567
41.8498
43.1107
73.5979
71.7362
97.552
45.2865
78.9035
0.449157
42.6311
78.3372
9.12108
9.01399
1.09127
74.6898
55.9551
67.6118
30.5119
91.096
58.1419
17.2816
15.4404
10.4385
56.768
43.5194
99.311
66.9032
35.4389
83.1235
0.140517
35.3773
68.7498
75.6831
91.8378
79.3185
99.021
33.3252
80.7157
84.9427
36.9866
94.7147
36.9538
81.2526
98.8337
74.3963
80.2384
43.9414
70.9489
77.5497
19.2436
76.0469
83.1654
24.5735
67.4882
4.56948
80.7413
24.717
55.6023
38.8182
45.1556
95.6484
73.9988
55.6921
4.0939
26.9105
98.4606
97.7445
20.4328
0.226863
16.5026
83.7275
11.4061
4.72262
22.4277
6.03962
51.5024
45.4045
61.236
29.8912
70.4414
40.5688
71.2427
89.3383
45.6162
56.9553
58.0457
88.1789
45.86
65.6476
91.1468
57.5573
19.8124
