10
10
75.8826
55.7584
76.7155
69.1469
74.2486
34.2973
19.2048
52.0226
44.2709
43.4954
39.0533
48.9311
86.7715
18.7253
2.68756
53.2492
4.47827
20.8889
60.0997
89.4571
26.5978
54.3497
48.7081
67.4368
6.96129
32.7545
40.3418
30.9487
10.3429
45.843
10.8725
13.332
15.839
95.7447
28.5983
83.0055
86.6415
58.9839
77.0254
83.8372
27.2537
14.6149
96.2535
29.5978
16.0196
69.0882
0.222968
49.4872
43.1051
76.0987
98.0247
20.2024
95.7684
94.6905
21.5762
29.008
69.9395
46.9683
79.4311
46.066
47.103
62.8145
21.7331
93.7694
48.8007
78.7738
81.332
80.5601
6.03334
53.7767
52.2386
54.9575
6.32346
76.7008
78.8341
90.8213
93.9924
98.2879
21.879
57.4307
64.2608
97.1823
42.8427
46.9291
76.5337
35.3314
46.6403
25.8024
70.2524
40.0584
97.5478
55.4632
28.3835
58.0302
45.983
21.6165
28.2612
57.0937
41.3648
0.417031
