100
100
70.7019
95.2316
34.1486
84.6177
2.66734
93.0922
25.3503
73.1799
14.3642
56.7395
5.27711
59.7856
38.1273
63.1638
82.482
86.7907
31.9792
34.701
43.2468
14.4967
44.0502
51.8031
2.70108
35.5262
84.2228
99.7815
58.7533
55.0887
60.891
21.3199
79.2645
59.5374
26.0526
29.3826
20.4856
81.2572
95.8485
5.74504
21.0689
37.8338
1.08532
38.7311
97.3916
92.1953
60.7819
35.0977
62.734
62.6549
45.243
17.4121
81.7542
1.07728
50.7776
79.8856
36.8983
41.0115
34.3728
24.2167
48.7437
54.5898
96.4135
1.29732
1.10578
8.04932
6.59661
57.345
3.01281
34.3108
56.4719
14.1955
16.1195
20.8368
35.1725
10.5984
39.0366
92.3108
10.0848
9.27007
69.5971
43.9667
44.8609
61.2369
42.1257
72.6211
1.98707
66.8683
17.9274
77.5252
8.97101
30.746
22.6997
55.3684
64.4789
43.2366
61.5474
96.1662
27.3209
67.2102
6.924
16.5267
77.2907
97.0832
44.505
67.3141
88.5328
89.9579
38.0171
49.4301
6.03171
20.4795
15.8523
50.2337
10.4099
64.9278
27.9525
17.0775
75.8626
95.8769
91.2543
82.388
89.0363
66.1074
27.3375
43.7317
92.4303
68.0163
47.171
81.4622
87.2389
78.0389
0.697996
19.0918
65.4367
14.3979
10.3026
95.018
13.7655
29.7193
60.5914
27.1018
62.0799
80.5073
5.50963
26.8895
90.4684
9.35584
49.6111
44.8043
46.5601
0.904778
38.9688
60.2213
95.6414
49.7389
18.879
61.8053
48.7387
47.7389
3.04245
33.3222
31.2843
4.13887
99.7237
24.823
48.1962
87.8809
43.6035
3.57837
51.4924
99.6592
25.176
45.0747
10.3383
98.4505
98.2209
56.4417
60.5279
54.913
39.1497
2.82375
24.2804
15.3516
93.9884
45.7366
69.2374
52.9876
35.1907
36.9455
19.7269
2.42856
22.1086
8.94073
97.8877
33.9121
99.3741
44.1733
3.85763
24.4138
47.8596
47.3875
30.422
7.79246
46.4156
25.4095
33.9139
81.6523
77.8731
11.046
72.0757
46.1848
78.9168
75.9656
69.5102
65.5302
78.0254
9.0465
73.976
24.9982
11.9844
99.942
83.0635
33.0428
35.578
10.8089
7.43332
46.0168
21.756
4.23431
69.8363
31.6497
87.6648
38.6318
1.34607
99.2532
35.4488
27.9557
59.9008
49.2439
17.9339
51.9632
36.7479
21.658
47.7143
84.4779
73.9213
11.5406
39.0691
89.5142
77.2505
91.1779
91.0341
63.0091
82.1363
3.96719
12.658
28.9029
73.795
31.3948
82.9256
24.2346
57.1658
96.8283
68.105
5.41489
19.8581
15.4592
59.1969
25.6421
39.0361
73.3944
34.3824
63.0961
70.2259
58.8358
86.6846
66.9056
65.7805
53.782
77.8844
26.9395
94.7644
11.2293
81.1225
49.9346
98.9005
97.9767
64.56
42.1816
52.5873
58.0654
8.78718
92.8305
55.367
61.7978
12.7832
16.9387
77.7494
70.4301
64.6698
19.4185
90.9486
65.6599
12.4731
37.0171
43.149
29.1835
30.7248
58.6379
50.5703
63.763
19.4207
65.8306
53.4427
35.0024
26.6672
90.4909
41.7284
99.8165
27.7381
59.354
1.67859
51.2916
50.607
28.0498
44.9658
65.8473
2.12729
77.5531
10.4853
50.3117
45.8712
70.662
4.14262
0.353748
31.6779
31.3895
47.1786
36.1145
5.40559
84.0004
59.1591
95.4991
17.9813
39.6758
7.76978
94.672
12.2232
72.6283
79.1644
86.4759
40.9908
65.4487
49.9737
76.8252
0.690431
55.0478
75.4829
42.879
58.0201
13.285
50.0221
7.13921
42.0407
35.5236
35.4238
88.9514
21.3985
37.8316
43.9972
5.81571
10.8029
19.5241
5.27677
94.7491
3.50139
7.72007
5.61022
99.349
87.9185
14.5085
70.4771
92.1176
53.0668
62.0591
82.4628
22.5785
53.9423
63.8648
43.2927
4.36657
16.5905
87.4546
81.421
55.0626
20.1725
8.32887
85.2692
92.9617
62.2051
34.6643
7.15251
82.4734
3.08686
10.1864
16.1836
12.7824
72.2023
77.6062
63.7444
77.0135
58.4965
95.3359
68.3112
57.1987
28.1953
46.7133
31.0213
28.3888
73.2745
94.2046
73.5721
29.648
10.6608
21.492
37.8533
77.9546
16.9818
59.1172
69.1922
75.1669
25.3127
4.51401
83.7558
55.2007
61.6766
70.3985
99.3788
26.6625
39.9165
73.5165
93.0846
7.55748
69.3142
92.8235
51.0321
26.7823
22.6098
51.1287
58.0907
62.8841
73.8596
79.7406
45.6851
48.352
27.2891
80.9031
13.966
61.1681
48.497
86.6031
2.59643
84.0249
70.7537
93.9422
2.90429
60.7192
63.9906
30.7044
41.8208
6.16745
62.6363
96.6266
49.2065
29.8748
10.7851
63.5473
74.994
6.82163
63.7071
76.6441
16.0389
34.7539
37.7364
68.3157
48.5567
44.3355
60.992
52.1205
89.8182
18.3588
4.74873
71.0796
64.3605
12.9523
50.2714
19.7619
98.2238
75.6786
98.6288
51.3288
23.7974
17.6527
12.4119
40.5448
10.0363
63.0255
14.6159
69.4841
38.1122
81.0964
34.6688
27.5975
33.231
29.1054
70.0824
62.2908
59.5958
98.1715
26.331
84.7554
36.888
88.4788
58.3182
58.9688
12.0292
72.9708
75.2888
24.2608
55.4322
54.8092
88.6221
61.7898
68.6004
82.6554
31.9445
70.623
58.8959
31.9614
1.82324
19.566
35.2932
95.0937
44.4906
98.8399
99.0833
36.2896
47.5148
93.5646
41.3727
54.3248
51.703
0.134182
37.7376
87.9327
53.1155
24.4746
76.186
71.6462
73.3516
89.5469
23.9905
67.7882
73.9556
47.9336
46.9463
52.9295
44.0755
49.9935
77.2289
53.8165
12.6361
67.1629
88.4692
88.0516
87.3134
81.6847
12.0235
2.30686
25.0359
50.5221
8.60923
42.2227
53.4628
97.7302
38.3345
67.1873
97.5312
45.7322
49.3385
60.3952
22.9556
20.6944
94.0295
39.5049
28.1126
78.032
48.0307
28.0793
56.1679
18.1626
22.3885
14.8103
67.6936
70.7464
56.6543
19.9801
20.1963
74.9744
17.3133
72.1245
56.7881
35.7761
26.401
16.2051
31.9956
43.6917
27.0874
80.2697
64.307
44.1777
61.6019
87.4487
47.3067
5.49803
3.02464
82.2183
77.5217
32.4078
2.7051
0.35862
76.1114
62.4164
14.4769
89.0971
81.2375
25.6614
3.23789
16.7156
0.991074
47.6782
47.2474
79.805
87.7266
45.3861
77.0138
38.4445
45.2334
63.4129
32.9525
1.23042
88.0129
94.0121
40.0635
24.9233
21.7446
86.1321
81.1683
26.8901
51.5359
47.5472
99.9432
98.2772
10.1088
37.0001
72.4489
37.6823
45.5651
93.5412
99.7045
78.0238
94.3088
59.0298
24.009
24.8357
79.9427
83.6476
4.29201
0.637764
74.7378
64.3091
87.4749
95.2399
46.3275
99.4651
75.7038
27.8175
20.0358
88.7012
61.4772
86.3536
16.0061
67.0236
75.775
86.8072
55.3793
94.8223
60.2469
88.2438
30.4907
61.3448
16.1602
56.4773
82.0886
99.0876
31.0103
67.8912
46.8535
79.6441
34.6507
99.69
68.5409
58.0178
52.3617
9.29868
11.3523
31.9781
27.3002
43.2346
70.2015
59.1245
37.157
84.5652
73.2089
55.7374
42.1965
1.29434
53.2831
10.7236
3.56163
74.0924
39.387
12.4882
50.0148
88.8705
43.7311
11.6566
43.3773
61.0478
80.0439
74.3674
47.3507
77.7926
95.8686
84.0163
49.7676
82.3639
53.7417
83.0539
56.7758
35.2112
15.9628
28.6248
19.5903
77.0664
81.6671
38.8123
85.0796
45.6967
93.4702
21.1169
67.9708
15.7751
42.1508
37.3682
26.7655
63.701
37.8565
55.9788
63.4751
99.3195
37.5566
26.5705
79.6639
74.9329
70.5947
51.7792
38.7668
44.8198
56.2881
57.3994
26.7909
89.8255
70.3948
51.8011
80.1625
97.3741
58.6067
43.2047
95.6939
20.6687
93.5329
13.8748
2.69285
65.0176
54.7221
14.7105
92.811
56.907
62.22
26.9335
88.848
31.8692
96.0048
49.2798
13.8324
99.6158
79.2152
74.5439
30.7028
91.0537
66.2953
87.0461
66.6667
52.1338
14.4064
0.602101
12.7746
40.3917
70.386
18.493
99.6505
6.7756
1.73311
90.3814
93.847
59.5943
86.1997
35.9679
17.7683
50.7489
8.07663
48.3711
76.7972
24.1134
26.8481
9.20309
38.681
47.9594
13.9672
58.1644
87.5584
10.7933
15.3042
99.9051
79.8459
22.1213
2.85116
96.8112
71.3708
33.4462
67.1523
13.8907
71.3661
93.2631
40.9698
47.1588
52.2241
40.4153
91.4255
31.481
47.4561
29.0308
5.95112
13.0207
54.792
19.4776
12.7513
96.1188
37.0487
75.3282
0.926981
73.0198
34.4919
73.0026
85.5091
31.9452
42.7648
80.6763
27.9834
50.6094
27.8696
54.4206
86.1256
90.7528
45.395
52.2816
62.8908
80.3124
91.5459
41.441
20.3897
84.3129
43.3371
19.5265
47.5102
58.6577
28.2332
19.1388
75.3314
95.4381
87.7566
17.3984
69.2128
22.9406
39.0095
90.9106
74.0556
83.5637
52.6668
71.4686
72.936
5.37043
77.6272
77.1872
52.8352
45.6177
40.2988
40.2765
9.20913
11.7091
54.5844
46.3228
59.0855
88.6827
99.8866
47.1293
0.875155
50.3151
98.9313
54.2955
15.9685
71.849
19.3432
26.2021
42.0551
81.0283
22.4404
80.9517
26.8732
68.5185
71.7287
78.598
18.1742
74.0281
62.0598
54.4156
13.791
93.1297
9.51651
95.7176
74.7624
21.7197
53.932
90.3885
21.3474
95.1131
40.7214
88.1937
6.8198
80.4996
39.7377
16.109
11.1185
10.0009
80.028
98.8151
37.1631
82.5841
92.2017
9.88922
21.3425
12.8559
52.0777
29.9458
80.0387
21.7991
15.6439
2.80201
73.8577
77.4495
54.3364
36.8003
34.0102
9.95757
77.5897
47.1329
45.7879
23.9646
56.53
18.8405
34.4866
7.53133
89.6133
62.5881
12.9245
14.1161
24.0574
42.4909
40.9701
71.4958
48.8292
1.82375
76.4201
32.2109
18.2453
77.0252
79.2815
5.09867
19.3076
34.7079
33.4251
61.2267
96.9559
39.9781
7.00641
53.4932
80.8526
81.3049
48.0086
45.8354
63.2606
50.7563
30.9956
69.5665
93.0631
34.2524
1.60075
93.2579
16.7138
7.28257
91.6634
66.4052
4.45874
91.4604
64.5
34.1962
9.8624
96.2829
6.7406
85.8798
66.2571
35.518
72.7415
31.0995
69.0412
34.9345
7.3381
46.282
82.1157
36.9385
48.1303
54.9514
72.756
74.2152
49.5122
90.4808
90.7918
70.7109
7.97795
36.5405
77.7355
45.3029
23.4525
16.2586
46.0445
41.453
33.3045
37.9636
81.7901
26.7235
54.2283
87.2286
84.7101
27.7609
68.1015
17.9811
31.7843
90.4927
34.4954
95.8187
43.7186
44.4352
10.1084
24.6594
80.8633
47.4977
10.428
59.469
76.5622
28.5765
88.5001
36.6189
1.14135
5.40368
11.1801
56.8388
62.6622
3.71699
76.2584
88.892
50.0409
25.8867
93.3306
6.64226
11.5142
96.849
18.4505
2.40164
13.776
35.4192
51.4151
83.5574
16.2988
57.4855
91.3347
16.4216
97.0939
93.6996
26.0757
38.6591
56.4756
43.5109
82.638
48.3839
19.5946
35.3174
26.7408
82.4267
58.8269
41.1125
57.8977
75.1232
88.0502
40.3509
95.1064
79.4109
70.3972
80.8261
69.8222
67.126
93.3019
11.6857
79.9418
58.2945
18.866
91.3329
82.5999
60.9758
29.3437
71.1157
41.0527
60.262
7.21805
46.1544
9.80934
12.0947
85.1302
36.248
51.7506
8.97949
39.2092
76.5845
70.0757
51.3352
8.99189
62.1132
86.2868
82.8086
40.4312
43.3689
38.3144
61.7929
66.1425
25.6199
33.7953
35.5774
45.2416
70.9376
69.8337
97.5064
5.11878
83.4801
65.7219
47.8052
89.6039
72.2242
28.2098
13.9869
60.3059
91.4432
49.5406
97.6963
30.7817
23.0344
63.6136
40.0842
26.157
44.199
88.3521
73.3297
68.8874
94.0119
17.4534
46.2131
66.4821
0.0458235
42.1578
72.3065
77.5896
71.6135
74.258
71.1764
5.03984
21.2371
42.4173
45.7911
41.4552
85.1062
73.4382
79.0186
44.2213
20.0051
12.1799
97.9302
43.7716
59.4689
26.2284
98.2585
29.9886
68.2421
14.7728
86.8912
79.3144
8.82868
82.9906
71.1781
76.7315
74.2309
57.1258
27.1379
27.0763
93.2776
49.7298
44.3957
90.4485
22.5503
27.0765
86.6162
35.4315
31.8135
96.6259
42.1169
62.5557
69.5593
34.2349
68.0801
32.149
69.0244
46.072
46.1083
54.6694
92.166
86.4722
36.6277
26.6482
14.86
31.0764
96.7281
11.8856
49.8699
4.57048
70.9696
15.844
43.947
87.3738
70.3656
49.3136
43.7732
66.1715
78.2983
14.4387
53.2655
56.4939
52.6858
60.486
37.9671
62.9213
22.1017
67.6716
4.4998
60.3209
95.7198
45.1845
90.558
90.8518
9.83807
66.2948
15.2059
2.0606
74.451
82.111
61.1486
60.0004
63.7621
0.753023
63.9688
66.8795
60.7604
20.7645
23.5795
3.26477
18.3671
16.3455
54.1913
25.4856
74.4421
47.484
70.5807
52.9969
48.3853
99.5978
21.162
13.1684
0.765286
7.76476
98.1788
33.3255
66.4648
83.2398
85.715
42.9598
22.9154
26.6698
93.2082
2.87222
11.527
14.2872
96.7741
61.9691
94.2588
92.55
19.8454
55.7207
17.1958
6.70476
84.979
97.9343
60.2408
23.3507
27.3922
13.6891
33.7477
74.9271
60.4266
89.7268
94.5168
74.4428
92.0664
50.7003
48.5774
82.2376
12.095
79.4123
72.2434
86.9463
87.6116
64.294
29.2379
87.2645
74.4679
96.7943
53.6545
86.4989
13.3218
20.4543
28.4509
74.1963
65.6765
12.9948
86.2187
7.31307
1.66839
30.8493
44.3167
46.2948
97.2693
87.1538
51.1225
60.8907
67.7273
60.5327
25.4377
36.3544
26.7279
59.1514
99.0828
42.7652
71.2737
48.5093
57.6149
67.2064
38.9783
35.8072
71.9407
52.0801
0.573386
20.9886
80.4278
28.0216
86.2048
92.372
26.4012
18.2366
34.3142
65.3862
81.6714
12.8358
90.5337
20.7967
49.6152
63.7884
10.1734
50.8487
95.4391
92.5274
16.6406
86.7799
57.8353
53.3726
60.9844
30.3348
45.9733
38.171
25.6404
81.7793
27.9468
10.2851
46.0538
12.178
17.9054
87.8158
12.771
83.02
23.996
21.918
37.4572
77.4106
28.1856
6.44433
56.3222
86.1969
4.84088
56.9754
9.66096
22.402
32.1703
47.2713
99.0004
67.4377
45.5219
14.6405
52.4416
37.9213
27.6878
88.6834
1.87854
55.1343
82.9756
2.92506
78.7189
53.833
88.2951
49.3596
89.0183
5.24578
20.4493
59.9344
40.7607
79.5594
62.0576
1.56791
27.2778
27.9484
5.08372
20.4054
49.1805
39.0615
42.0188
44.5849
3.27769
49.7189
21.346
29.8219
16.9911
62.3149
71.4547
75.9178
11.6594
14.7272
24.0967
77.7651
12.3038
13.8028
24.889
59.3869
46.5286
97.1439
60.1317
29.1419
11.8419
93.6833
86.6548
43.2059
37.7798
16.5034
56.1399
78.0588
37.309
44.6065
54.7818
81.6221
98.5791
81.6508
41.507
65.1964
34.986
43.0635
70.8509
50.7003
76.893
29.3882
46.4893
92.7697
70.1885
72.5968
64.4101
79.2897
28.788
23.1609
9.1634
40.0834
34.6351
55.0318
2.41998
40.4358
95.6795
58.7154
87.0607
91.5122
50.7289
90.1283
69.1271
87.5382
61.3603
3.73976
17.9441
66.0831
32.7546
47.7032
94.4616
40.3036
49.24
78.5184
15.8279
61.4544
78.0244
40.8849
96.5532
62.5004
4.11407
47.0882
62.0447
30.3468
7.1506
66.5058
56.893
26.5158
27.5016
59.568
6.48725
81.3099
35.236
54.3777
56.8775
3.05808
3.2343
99.5476
2.43046
70.7951
26.8405
51.1563
79.7439
86.5137
80.6354
90.2311
29.1829
39.0444
41.8204
91.9294
2.95091
74.7155
69.4025
37.135
95.8262
25.4285
80.291
61.3745
38.0737
89.6447
55.5567
35.7484
20.6253
70.4155
54.3679
99.2245
52.2424
64.2159
56.2556
42.7414
30.7642
86.0483
66.2853
20.8119
41.4872
98.2347
15.9387
30.6624
61.381
82.8348
45.9834
37.0484
62.2878
30.5894
72.8907
16.9554
58.4139
33.4034
19.0479
39.6515
6.3784
86.9492
11.5466
64.702
93.5458
88.0003
52.0264
58.1211
2.90923
34.0418
51.9418
34.9522
32.885
66.2086
21.2868
60.8488
89.2927
11.9437
77.5287
23.1229
93.5608
41.3976
5.80851
97.522
62.3563
95.2773
61.6504
81.1444
68.608
79.0696
54.7054
73.5021
60.7086
29.0877
11.6783
1.70581
9.51373
89.6656
43.8028
84.0811
58.4821
66.1964
12.1024
25.1183
95.8796
64.5477
29.58
71.9302
93.0054
42.1333
13.5403
13.4561
42.0725
24.1179
45.7567
58.4696
71.8035
89.4345
29.1895
74.9278
4.30547
82.7287
94.9098
98.1933
85.2325
21.741
17.3109
49.555
0.556988
46.1989
87.4394
22.9471
34.3945
18.7504
29.5829
80.6214
16.1533
40.8907
65.9733
68.6877
83.4697
19.8973
16.0138
23.0987
87.6032
96.2169
45.5259
56.9763
26.3665
32.4674
48.7424
23.3908
40.2449
76.0529
8.03395
15.4038
64.1015
63.4077
25.7671
56.2254
41.3787
44.3053
87.5688
30.6318
82.3661
58.8339
64.3312
5.70221
39.5002
19.0523
82.852
48.0777
55.3989
38.3329
67.4992
54.9479
28.7123
69.3861
70.0159
99.6767
50.3281
45.9137
9.5374
61.1573
26.2647
44.6266
68.1032
58.5622
65.3348
47.6082
4.29136
52.3222
82.9996
94.136
90.4521
96.8438
79.9381
21.5851
17.6027
50.7291
87.1822
63.8685
18.1445
28.4667
16.8085
35.3945
82.3931
49.2709
39.208
19.2181
0.0390294
99.2924
88.2565
15.2957
98.4541
27.8198
75.0429
35.6181
37.6252
14.6905
37.135
75.4446
96.1364
55.0277
66.2123
5.4257
46.7795
76.1762
63.9285
59.3626
77.6188
29.246
46.4813
22.8701
80.3373
92.4411
63.5814
42.0408
81.9261
37.5044
85.1245
55.5779
16.8153
43.337
66.7081
29.4302
72.2519
43.0711
1.98244
21.6436
11.8693
76.7475
62.1139
16.7235
74.9467
35.715
71.1412
83.5882
15.4563
99.3675
99.7581
42.9287
19.7867
70.6207
2.65684
22.2973
77.5216
61.7219
62.0988
42.5736
3.67059
55.9832
24.1964
26.1959
33.5884
15.1393
83.2207
98.546
14.6034
58.9426
11.6467
96.0282
5.98421
50.6592
65.5966
47.0097
21.0626
18.7907
21.9357
5.43932
39.0595
81.126
57.8485
11.931
52.5235
17.8904
87.2372
82.0471
83.1067
70.3049
52.5734
35.6571
86.6109
18.803
69.5219
18.9645
67.571
68.0649
81.0963
90.2404
48.4512
14.0103
27.492
21.1719
92.6375
81.2682
7.80007
0.590316
66.1919
22.0848
7.57333
20.5879
0.422721
52.6133
76.2675
58.0709
49.8549
87.9005
20.9588
9.81824
6.39361
96.5627
97.9183
3.28817
53.2313
49.5223
60.0928
5.26941
10.9938
17.0704
63.5953
92.0912
26.2366
20.3263
8.21993
98.8885
54.0407
66.9835
30.8245
56.1198
49.3302
87.9314
60.5728
97.1601
68.8601
73.6879
71.9454
45.4082
74.0738
80.6166
94.4733
1.39947
40.4057
18.7938
27.5407
79.9651
9.1805
24.8373
26.5751
61.8762
95.3867
93.5453
70.9765
96.3384
34.7359
86.0893
78.0066
42.2346
22.2002
33.9662
85.2637
31.5315
41.4024
82.1017
68.487
42.5103
34.8839
91.7679
90.3968
48.4579
12.6663
89.9671
26.3611
33.8675
83.5843
48.1911
9.64772
37.9315
80.8933
24.3686
43.3772
36.4667
40.3792
59.1495
72.3655
57.4423
31.7227
52.4468
39.2205
2.67257
88.2888
86.7419
22.2484
8.15257
98.0436
43.6279
89.5938
59.5027
8.4171
9.33346
5.77705
42.6359
73.9192
54.2057
22.8644
23.7843
97.3931
6.79034
3.04939
41.5123
50.1159
13.4047
14.2518
4.9543
10.3279
63.1834
55.8054
27.9808
46.3011
94.048
47.7147
92.9407
29.1474
37.7859
17.3116
21.3501
71.3907
59.745
74.5911
10.9774
60.818
56.6505
79.5823
30.2379
78.889
73.5099
15.453
64.4062
41.9624
86.2049
42.7463
39.1118
55.7878
83.1226
97.8521
0.484809
14.5354
19.4278
89.2403
59.3263
43.327
75.0272
69.745
20.6283
58.9022
58.6082
43.3403
55.8558
58.68
15.7038
50.347
39.4865
64.7535
41.6301
26.2049
93.6364
13.9595
52.5791
90.4988
86.0883
84.1429
75.0536
22.1539
24.9629
17.1486
66.2979
20.1498
21.8361
14.6658
94.3168
40.491
3.08548
73.9723
57.4261
95.6357
2.56298
70.6979
50.2093
28.4677
25.6453
70.8825
86.126
76.6484
92.6174
39.5057
52.9358
34.9877
55.165
7.76522
20.4106
25.8427
39.2731
31.4179
59.3085
48.9982
45.8483
88.6667
27.3705
40.6899
72.0118
2.34386
9.26969
36.1096
89.1536
64.5187
71.9221
0.282126
32.4385
27.3966
4.36151
56.4251
11.4886
49.8159
62.4629
3.25524
16.5006
89.8681
94.1981
74.7646
35.0845
92.2494
3.92721
35.8115
94.2728
45.0599
46.7003
56.2405
15.4923
42.7898
71.4546
35.2924
15.0002
44.6164
49.9881
5.77435
93.5328
90.6498
42.127
91.1529
88.9889
12.7928
65.5929
11.6819
63.0544
62.7678
12.8881
72.3671
39.8561
13.1108
23.4795
15.3905
41.9924
71.5918
64.8106
79.1375
21.0423
90.4523
72.9127
15.5487
20.7805
29.0345
54.8129
65.9387
43.115
73.074
27.8679
40.4805
67.67
28.9726
70.8445
61.2111
97.8765
35.6969
36.1961
49.4442
22.1655
45.5734
95.2629
88.9664
92.8758
39.3105
60.5015
73.4586
66.9626
85.892
49.1434
34.1156
8.39953
19.4971
72.2594
32.2696
67.6528
1.38762
84.3252
20.3148
99.1427
72.641
18.929
37.06
39.2826
32.9292
53.4609
34.5671
89.4252
15.7613
11.9279
47.5021
22.5501
87.6122
8.67563
51.1094
90.0835
75.0607
8.26651
30.5169
15.7491
89.4821
94.6127
54.8235
34.6946
56.8641
38.9465
98.3793
33.2115
68.5526
68.2992
13.1786
32.2346
31.4122
85.6268
26.7931
10.7912
72.6385
45.9311
78.2558
52.8308
73.6255
43.1884
80.8146
41.2107
36.5248
13.9234
21.6036
98.9248
43.3327
12.911
10.6321
63.3724
78.4108
50.0885
95.5654
22.7918
42.3484
98.9475
49.1449
92.2074
13.5799
60.5799
3.74415
6.1482
3.09555
28.674
15.0389
40.3113
64.5579
27.5457
21.2146
3.95022
7.88877
39.6316
13.5278
90.6007
40.5988
29.2276
78.6654
2.91438
28.1116
19.3179
75.8933
83.509
57.6473
48.1549
44.0252
9.91865
1.07004
47.1945
52.0855
35.4318
78.1673
32.7407
37.0963
34.9508
4.30538
2.08504
46.8951
51.569
51.727
91.4446
50.6233
89.252
57.6883
91.186
59.8849
2.42964
32.4347
57.4175
37.0216
45.1938
57.5749
63.9898
39.8798
70.5029
1.08481
92.1535
11.9333
22.865
82.2051
31.0364
79.6952
36.5939
43.7721
80.2689
13.9413
78.7768
58.1076
14.7647
76.7518
56.5264
93.922
6.87415
60.7198
80.7716
19.8958
51.2405
25.2418
19.5292
32.5907
77.9789
53.5611
45.3695
22.3129
67.8713
40.1048
85.5861
58.5381
38.3726
75.9112
67.7653
1.48563
36.333
59.9205
89.6572
87.4918
57.0336
45.8065
59.4737
50.3192
38.8061
99.1712
12.1526
8.24754
34.8604
44.0573
80.0627
74.0527
26.3251
23.6627
73.4317
92.2947
29.8825
48.6221
50.5773
92.5008
85.1066
88.0906
82.891
83.1461
74.84
93.4539
75.419
3.82522
61.7412
15.7859
16.7666
59.8338
30.3613
56.3147
69.6124
95.9551
71.2031
62.6347
23.7658
74.7585
40.0574
86.2109
6.522
62.7256
91.9347
72.7592
44.0292
33.781
18.8172
46.2701
46.9632
44.0608
19.8018
80.8905
35.0795
14.1388
32.1084
98.3086
9.2508
16.7332
56.0561
83.5716
41.9618
90.6591
64.1727
31.0619
38.3778
98.003
79.3235
48.8934
28.0519
28.5371
9.29078
5.063
82.1245
15.1908
30.8761
73.2052
73.5195
6.0932
85.3564
69.8321
3.83696
18.4187
41.0597
16.3797
93.7862
45.4927
7.77149
17.6949
83.7164
76.2002
21.3265
30.7387
41.3433
61.1898
9.21989
72.1639
52.9354
51.6696
84.1863
50.7601
29.3295
39.2683
68.7149
23.0779
22.9129
4.83945
30.4733
9.99282
27.254
96.9831
93.3772
34.742
27.4572
93.5686
42.9193
46.6516
32.331
55.6615
54.2202
97.595
99.2425
53.8248
74.8001
74.8353
23.0946
78.3677
32.9945
74.8379
97.0573
84.206
22.2737
58.1027
16.1051
60.2338
89.3957
27.9152
23.8623
96.7664
7.24377
87.7019
16.4207
37.1624
16.8892
52.0391
85.4651
98.0341
94.6757
30.7448
53.5218
17.3478
86.9175
91.9314
85.0412
14.7905
46.1258
88.7911
34.7706
75.8389
47.2949
65.269
98.5712
91.6906
33.8904
60.577
31.6211
16.9328
11.4704
57.0142
64.6652
24.8414
10.4169
53.4731
70.8334
74.389
85.1633
32.1788
17.1164
36.5404
54.5559
10.2758
3.71857
53.0141
67.6356
64.815
51.2067
0.713742
21.4461
97.3166
67.7967
85.2773
38.5157
56.0222
35.2191
47.229
86.087
99.3877
18.6531
63.4022
17.9949
62.5631
32.7541
52.2022
39.8765
61.3933
66.4378
32.2304
71.7671
16.3449
32.9668
0.455654
5.85592
34.7968
29.1194
16.2576
90.5572
80.7073
3.89905
91.1415
46.9893
13.6585
24.6364
12.398
16.1455
24.3398
62.5887
7.01741
67.8884
7.5711
59.817
70.2057
35.6497
58.2841
43.8574
11.5084
50.5777
21.1897
73.8371
44.7895
47.8642
65.7991
23.8633
25.134
83.92
83.8701
75.7541
65.6867
29.9172
44.1224
12.7234
21.2993
73.1989
74.2211
72.6641
99.8285
70.6234
69.479
40.1104
66.4
16.4877
34.4154
66.5088
73.372
52.8181
40.6211
61.2422
14.0022
76.0504
80.9427
38.3521
66.9383
97.0885
78.1972
10.9697
40.829
72.2347
51.9449
29.7843
19.1085
67.3914
67.0374
73.1036
36.9389
52.2878
47.687
84.7994
81.6259
18.6132
49.7382
77.9403
23.211
3.19792
38.9399
95.1025
8.72045
13.7731
76.316
14.959
4.31999
81.8899
71.4727
71.3144
7.91239
34.3231
91.2526
45.2305
5.61525
17.9702
21.3911
60.754
36.3351
48.4782
59.7394
56.0217
76.6145
30.7685
16.098
64.6421
66.2339
93.0175
21.8205
87.2931
87.6895
54.1029
82.3825
22.2733
39.4717
35.7251
43.7208
35.5532
34.4932
14.5928
56.8324
30.9528
53.8196
76.8135
84.5954
80.2379
73.717
76.3467
3.28753
50.3314
2.6405
40.2601
73.2045
10.9926
70.2643
6.71438
87.1142
67.036
26.1429
35.9381
46.722
26.2825
24.2993
7.49213
68.1382
68.1153
38.3981
92.4355
90.687
49.4176
22.415
86.5708
14.8662
56.4314
19.5848
21.6442
28.5419
91.3574
77.5299
27.5779
34.6413
21.9966
84.2405
5.20041
76.3413
19.7087
60.3452
64.4474
70.871
42.5807
51.9532
94.3207
92.1587
92.622
48.3323
57.8089
69.3375
39.2331
51.1612
41.6198
4.38116
9.3856
67.2362
26.9489
6.45757
16.8815
1.84626
79.1388
16.8149
53.1723
56.0087
60.6127
11.6076
64.0568
41.2717
76.2474
24.4911
87.2276
57.7086
6.1061
91.6423
13.202
10.974
67.6108
11.0648
17.8919
90.1493
12.6563
67.9919
98.8359
91.3714
22.9131
41.4398
89.1553
87.865
78.2205
5.41454
72.0824
92.8072
84.1388
49.9071
85.669
32.1686
13.3982
7.59046
85.9083
18.1806
78.8155
41.2497
87.868
48.1157
56.993
3.75991
33.3996
28.3234
85.4535
45.1211
15.6093
1.69159
32.1664
99.037
8.43907
52.2296
86.3783
45.3999
75.1021
65.2244
29.7219
80.0278
18.6016
67.9469
83.1113
92.2661
19.0785
47.0763
2.04665
43.097
21.9565
74.3552
64.8692
25.8653
8.55396
85.7089
36.3702
79.3879
95.8838
53.4915
60.668
57.4996
22.573
6.03112
79.4225
0.373267
22.1543
71.4021
4.35711
84.5254
76.5242
44.4547
8.45711
10.3185
98.5401
43.6894
17.7271
20.1494
9.19323
61.9162
93.2038
37.7281
46.4779
8.11894
42.673
80.0781
74.3284
48.129
7.55786
82.5185
93.0084
86.3403
79.0824
51.7622
18.3843
72.4624
44.6542
20.3962
28.3066
86.4263
58.8251
13.9603
14.5963
26.79
30.8672
66.8682
69.9784
11.6186
34.4945
17.8033
59.328
85.1804
88.4259
57.4669
31.1767
79.7324
43.9514
79.6122
47.1785
77.8899
15.2289
0.462584
99.9803
72.4715
27.6445
57.9973
56.8389
67.7532
84.3209
74.4616
64.9799
35.5486
49.5086
51.9056
52.817
32.6917
4.23058
72.3571
74.0449
96.555
29.5534
6.02308
76.9972
52.324
80.0282
31.5997
61.1088
43.3378
80.6089
6.82961
87.4364
95.2296
61.0571
81.9329
69.5603
0.762161
68.2495
74.8903
66.2156
27.9348
59.0751
70.2316
17.1843
45.1054
49.5762
34.357
78.7978
24.4549
73.5814
33.608
42.5587
47.4629
49.9738
98.0569
52.3298
66.8583
71.8793
70.1525
23.4716
65.7963
58.5093
63.5623
6.26774
64.4153
9.13978
10.7188
54.7448
82.4849
64.427
39.473
35.5181
67.6356
92.3617
84.956
30.9407
5.77415
72.6237
72.4769
54.0999
96.2849
4.89082
77.9357
24.414
90.6144
86.1254
41.0006
65.6746
67.7648
78.0598
21.4601
17.4818
32.5682
99.6317
82.4622
69.2107
81.0144
75.0667
84.9776
28.299
98.2405
62.0588
93.3588
10.9073
98.75
62.7183
75.2901
83.4542
27.4413
93.9118
25.5813
55.8857
44.3453
36.3938
71.0879
26.0579
67.1121
97.5295
87.5844
51.5105
97.2433
27.369
54.9381
87.9698
35.9506
77.1862
47.6912
46.561
50.1549
49.956
78.0508
19.9022
58.6671
94.7505
43.2457
99.2822
4.75764
38.7117
8.53641
2.46785
10.7481
54.7878
72.6585
44.5207
59.3916
76.1552
18.1032
84.5657
0.82562
92.2257
81.7247
74.668
4.98968
99.8569
61.085
36.4928
20.8141
14.3418
94.2984
69.4019
77.6939
18.2982
23.7609
10.8718
1.62093
40.7036
93.7873
89.9739
12.8332
38.2991
38.2225
4.94476
12.717
82.5781
12.7443
60.3448
19.5601
26.6381
31.3586
97.7396
70.28
46.525
60.98
69.0513
32.9633
83.656
11.5525
88.0172
51.5216
29.2644
54.9795
19.6879
92.6986
5.02551
35.0538
73.8755
39.3155
72.4148
14.8667
56.6101
13.4122
12.9641
25.8674
90.5354
41.2079
82.3433
76.9398
47.7638
85.0629
90.7306
4.90673
53.7366
64.8554
14.6484
85.8278
40.4183
86.9305
29.6251
59.8967
19.1523
17.0275
32.423
15.554
2.8244
67.7284
41.8646
47.3548
79.9695
68.3962
81.3112
2.63445
48.0091
3.73787
85.3548
7.12247
4.40243
91.4539
57.4391
17.2216
96.9691
92.2226
58.0596
49.6949
83.3549
41.1288
42.1565
63.0281
67.3973
88.8142
86.1113
85.6027
27.3018
24.3402
45.3554
51.33
32.9129
67.9061
66.4707
74.7392
5.60673
63.2135
94.3096
45.7774
53.0745
65.4639
45.6858
14.3889
30.8002
62.3244
23.6774
3.35526
28.1809
96.9388
18.1191
44.073
28.4691
81.7325
14.2514
64.3628
73.1675
47.6632
0.950742
86.5814
16.5833
93.6582
48.7945
44.3934
78.9494
42.3646
57.1942
73.1717
23.8069
28.417
49.9733
53.6331
58.4977
46.9426
50.8754
96.1389
24.4691
74.9731
59.7339
67.7767
88.5131
62.4294
65.6616
7.42747
62.8706
88.2328
0.173189
24.6953
75.3898
0.476459
77.4611
68.9831
28.6796
28.5686
95.4848
54.7452
63.0812
62.6624
56.8909
49.7547
69.4276
20.3402
27.1991
13.0619
48.3478
21.3766
81.3069
25.9214
52.8731
9.62754
71.3597
76.9509
83.3259
30.4814
28.841
1.99209
28.2955
8.44217
64.5848
97.1211
7.65269
54.4612
99.1872
79.1613
25.3578
25.3596
12.5503
93.8292
38.2001
97.2017
68.8528
59.8622
1.06853
14.5972
74.9218
3.47465
54.7559
69.9352
58.233
88.3853
54.4639
52.2962
52.7433
14.2972
6.23726
82.1441
89.6029
84.5477
45.8564
66.0861
90.5825
41.3978
91.4685
60.6872
11.7734
75.3007
78.3803
11.6366
98.8793
23.6723
93.6514
43.602
21.3161
77.9461
85.4015
70.1933
0.168336
30.4009
15.3695
66.4802
99.0057
26.6355
73.0683
5.42821
22.9263
32.365
58.721
6.03296
8.47438
18.7684
44.8212
80.4023
40.5914
86.3361
55.5299
73.6261
72.8286
1.54693
25.3959
9.87544
14.4193
80.1344
0.0338964
92.1103
9.51397
87.5264
34.574
30.286
62.947
65.7471
95.4032
81.9674
98.9422
51.9255
16.3973
81.8046
37.6208
16.6826
21.2483
57.9203
30.1993
71.2014
59.183
54.0015
56.6456
60.4996
39.2157
32.4061
2.50211
57.1365
18.442
70.9322
15.2243
7.61736
61.8162
92.0035
83.2598
44.7338
56.8043
8.95687
12.5149
89.9878
10.2878
52.2088
97.2674
18.533
26.5677
74.5222
86.4032
29.1758
30.73
17.0801
99.9005
19.4294
29.01
86.2275
72.6815
1.31857
75.1707
71.5528
69.2627
79.6499
26.1253
73.3421
4.52245
58.298
92.504
81.5093
27.6475
10.9146
67.9517
30.94
48.216
53.7341
40.6044
9.58698
38.0516
47.81
75.0548
54.4964
17.8087
51.9925
51.6249
9.74561
37.0846
34.2851
47.5588
79.0721
25.4371
62.8845
33.6843
70.3914
13.0681
35.5778
98.3342
48.8259
10.1513
70.7373
7.17935
99.8579
41.3156
76.3187
82.1467
86.7471
57.3632
19.2507
20.8309
68.3191
83.03
43.6039
47.7902
33.5757
43.9919
24.9079
90.4549
18.7079
27.1824
73.2965
52.1517
4.09162
17.0327
38.512
51.581
27.5685
62.8447
1.22205
56.1282
87.7217
76.0409
89.3707
91.1246
35.8008
54.3797
35.6564
46.5617
75.29
27.1021
51.0513
77.2755
1.16543
46.0458
6.37781
8.39582
10.7851
24.4909
88.0242
55.6288
70.3527
36.3503
81.301
88.4984
54.4153
67.0843
52.2204
74.7975
68.1401
34.4803
22.8794
33.4577
91.6879
21.6204
51.793
34.0793
81.0814
2.1699
78.8713
43.6446
39.7808
54.0176
48.6404
99.0462
16.2367
2.73683
8.25828
22.2421
46.7312
73.7847
60.6263
5.2279
83.4796
70.1458
61.962
43.7669
39.9043
13.0805
30.8032
31.6217
57.4465
62.8207
77.9631
4.6967
75.2117
37.8639
85.0337
26.6151
65.2463
58.6697
20.0312
43.701
57.6752
5.6564
15.6965
59.7009
56.9574
68.7593
48.9498
36.6533
92.3104
67.5517
71.2467
7.28087
98.2948
44.1809
72.1791
17.5399
96.5436
6.6196
30.4354
36.6288
64.8282
33.0363
47.3494
82.7047
57.1439
68.7575
75.5086
21.3801
15.9997
33.899
89.9446
58.6847
81.2436
21.797
30.29
83.4485
88.2437
86.4099
73.5698
83.8851
45.5537
96.1418
40.7652
15.0346
75.7653
23.4187
90.0777
57.3523
53.9602
28.9867
82.3275
57.3682
13.0153
16.7338
45.0016
48.0581
88.3116
52.2392
81.1743
95.0629
95.9608
1.36767
4.94512
66.4625
67.5088
75.4805
51.9448
94.4191
46.3904
36.6156
91.9881
42.2081
87.9375
82.3081
30.0667
75.2197
88.5521
4.91707
1.48044
79.7299
79.4325
49.2771
46.3973
71.2921
81.1068
21.5551
83.6939
82.5185
23.6856
20.8863
59.3131
54.8575
43.4278
55.2074
55.8203
93.6422
54.7226
7.49738
29.1444
58.627
38.9808
84.5017
42.4252
59.6297
90.2818
35.8449
72.2818
71.462
18.7649
21.2653
24.7158
7.43238
54.9382
74.231
76.1863
71.8296
36.6137
26.2429
78.4724
89.8487
40.5758
62.1438
41.8244
18.0789
85.963
58.4688
80.0656
74.5089
27.4997
46.9927
55.9763
17.5252
7.22181
62.7391
1.18195
3.18891
46.3283
34.9628
44.868
94.5419
96.8895
65.6304
14.4625
86.4738
23.855
70.6191
8.07989
50.5583
42.3103
60.3588
77.1094
77.6763
70.0096
43.976
69.4229
6.23889
40.044
85.3176
68.4814
63.6399
59.6044
56.5761
61.3346
38.1488
75.649
29.5583
8.82011
1.11321
23.732
81.1103
8.64481
6.28626
98.1272
45.7471
99.4663
89.9429
69.9821
61.0072
68.5044
69.0843
94.0014
45.9212
30.0245
99.6556
37.8249
93.2525
52.4478
69.9473
93.8825
93.1308
33.6309
90.3386
90.3715
33.2644
10.5522
15.6474
20.9505
66.9394
6.5134
33.5803
16.0629
73.3111
20.0104
9.23408
67.0168
21.6703
63.4284
82.4328
55.7677
30.3366
49.1019
50.8148
15.7939
21.5136
57.3156
93.16
19.0665
3.29383
35.7129
66.6286
93.1887
98.2702
64.1734
54.8189
44.2841
63.8358
48.9002
3.37557
67.5266
63.7675
34.7568
68.1385
74.2453
99.6132
99.0693
79.5142
76.5204
15.115
45.0634
17.339
26.0887
67.7904
92.5099
89.5641
37.6752
76.0268
35.5714
55.572
68.6299
46.4591
18.3011
60.9472
92.0976
12.6494
45.7616
74.5019
46.1639
28.789
81.9092
57.4667
16.5236
1.56311
35.4406
38.3713
81.7192
76.9077
43.1804
31.1195
35.0208
0.345089
48.1056
74.75
44.0542
22.7726
96.9595
83.7194
33.0849
89.7908
27.6499
81.0029
70.2868
25.525
56.7843
4.01374
28.1481
43.5712
92.148
47.7818
13.9238
44.9093
77.0507
35.707
43.1029
84.7174
64.6778
61.2658
64.9364
27.2106
78.049
96.0627
66.9739
17.0087
47.6746
87.0011
0.192004
38.9608
8.07426
73.8102
76.8755
40.7606
26.9841
49.4774
99.5892
97.4641
82.9028
21.1016
70.6359
46.0066
42.9236
86.6436
53.6987
76.7674
59.0061
26.082
18.1917
48.8013
49.8759
68.7308
93.7922
29.7676
73.9609
8.45237
63.6075
75.5387
13.3439
40.2243
23.4549
2.37266
2.19462
3.47539
22.6201
77.8089
79.5775
0.114188
21.462
16.8889
11.1947
25.3231
69.7352
71.1374
19.6958
84.1337
76.7164
54.5903
0.980427
11.5332
87.6311
89.7958
7.7448
74.7268
70.8937
71.9623
56.7243
5.22934
12.3286
31.7685
9.34416
21.21
36.216
7.01044
43.7892
22.3706
85.3116
40.9148
73.2714
70.9136
9.22087
98.45
15.3553
82.4228
44.4502
3.9992
61.1078
64.1031
38.0138
83.775
10.6274
71.3665
55.5548
16.8911
8.5929
68.6899
43.0436
34.4226
30.3642
24.345
45.7763
73.7926
16.1905
25.2937
91.1145
98.908
43.0273
72.4042
30.6735
6.23093
90.7748
71.1126
25.5405
22.9984
15.0972
1.27936
14.5325
60.4307
12.1542
89.5978
87.3627
34.3196
26.8435
66.6459
64.6892
88.9919
51.0275
56.7599
33.9224
72.436
38.23
62.0673
38.293
62.2968
55.8814
97.3711
29.3431
65.5902
97.9931
74.5598
79.7744
2.11513
58.7587
65.908
90.1526
6.60014
61.6213
38.698
64.2703
62.0446
39.5609
98.0143
71.3411
66.31
90.1301
32.4683
89.4871
56.7272
65.5417
43.2876
15.3722
86.2446
41.5012
98.1318
32.607
42.0852
93.2799
80.9136
56.3253
57.5418
59.4295
28.9828
78.1527
67.236
99.3976
51.6813
50.4088
8.63787
79.7787
81.4888
11.4231
81.3969
52.8173
12.4214
13.5278
93.4315
88.6822
27.8888
56.9636
68.5839
47.8858
57.7038
11.2808
62.3436
56.5714
29.3482
81.2821
7.31998
94.1159
68.3142
92.4191
39.8754
11.8838
11.2075
93.2502
26.1463
65.6281
49.5329
7.29332
30.8794
75.1376
37.0172
2.09054
89.4221
37.7846
50.7014
62.9233
22.3887
7.63072
92.0913
73.3621
19.2624
7.56195
85.9718
19.3908
40.3253
45.2017
77.2593
25.2357
90.709
17.4187
75.1043
46.1246
81.9417
8.78496
30.1983
28.6609
13.4042
92.1991
89.0308
72.238
89.8773
66.7831
71.2711
16.4772
89.1378
87.623
30.2855
25.8689
82.8466
16.071
95.3097
84.7389
57.5776
28.3019
40.9752
90.9127
49.8125
28.3457
66.7036
56.0531
50.1316
94.7651
9.54438
46.4693
81.6018
57.2397
54.0152
84.5212
50.7653
20.6299
85.4559
71.8211
34.3553
58.0631
52.3397
91.1871
68.5605
20.9241
40.2494
51.9254
24.2774
35.1812
70.6162
32.8749
38.4496
70.9003
28.0712
70.639
84.5413
63.6438
96.611
15.7475
21.3294
9.26161
53.9523
20.1281
63.9989
69.7764
80.5734
99.6443
60.6357
39.2756
93.0185
6.95197
24.0151
1.16778
67.8537
81.4969
86.9694
53.9096
37.0709
27.6318
71.7562
96.5506
42.5405
33.8416
99.0648
76.1606
37.8154
77.9185
37.67
9.3288
91.1024
45.1591
41.2673
93.2022
35.9444
14.4746
55.542
35.7558
34.9879
29.3102
2.50906
5.06035
77.4935
98.542
82.8768
59.6259
22.3401
60.3934
50.5029
57.146
76.2314
96.8353
27.3211
70.0584
90.906
92.1729
24.8669
47.7351
3.05857
15.0381
94.5899
35.9544
30.1782
18.1694
87.8948
38.944
93.3233
14.3546
44.0241
94.9734
59.4369
98.6547
40.0639
74.7054
37.0136
2.82135
66.2639
5.16286
64.9286
80.6512
17.1188
68.4486
3.23394
32.8093
51.3429
32.7403
47.4758
37.7973
86.95
51.9742
83.5641
49.8538
15.1793
17.9467
26.7654
41.7308
60.0335
99.5193
21.4074
81.4416
10.2217
15.2352
80.2041
39.8926
52.8732
32.7658
38.1209
81.1955
25.2077
99.748
41.5924
48.6
90.2428
59.4489
69.4981
24.3731
32.3066
29.4339
27.5882
69.0514
5.63634
63.4811
20.874
49.8499
87.1715
94.5809
48.4247
28.4752
92.2172
1.96666
54.6961
5.04006
84.0983
30.4384
27.1571
14.7485
42.2583
5.35608
55.3692
49.9787
42.2387
14.1759
16.2371
20.676
48.1901
58.9689
3.90351
50.8901
43.1679
19.0207
73.1261
36.307
16.4095
73.7159
23.8282
0.518257
13.7952
48.5404
37.2236
47.9256
36.3857
41.4653
41.4602
51.6003
43.014
48.3503
83.7187
58.7411
24.5591
3.29413
64.2743
58.2269
75.8805
28.8573
26.1552
27.2629
27.3755
56.9359
34.1016
61.6328
32.9578
47.2028
41.2852
22.633
36.8476
93.7657
41.7948
2.86629
30.9375
50.5136
43.2032
36.5622
57.0451
28.7664
54.0458
1.16266
56.9361
21.2155
26.5913
5.29273
79.797
2.78452
95.8303
81.3279
49.4778
66.4224
45.9038
64.0327
14.1334
83.0602
16.2474
14.4873
68.5636
11.4192
90.9881
92.3995
4.31762
54.1562
81.2385
22.0956
1.60201
35.7148
94.473
22.3922
48.6171
5.88926
22.0799
41.6042
34.0351
94.4531
65.2861
28.2195
23.3159
16.3799
53.9908
99.4667
47.8348
44.5566
2.18059
39.4023
31.6715
53.1807
20.6468
51.2112
40.4807
78.8153
24.4623
4.05153
86.5032
8.90003
33.8268
86.0365
23.3727
55.7031
62.4345
94.8933
28.9186
62.1793
49.9792
76.9049
44.0499
64.9296
67.6234
5.77271
80.889
25.0738
78.5892
5.92304
54.702
65.7346
25.3884
90.4163
68.9756
27.6053
3.32888
28.2944
16.9368
98.9282
99.8947
25.0866
90.8492
10.749
12.8257
29.1541
31.4819
43.0258
7.92096
56.4252
84.5983
30.9011
15.8007
23.4329
29.3014
80.7384
94.366
85.8449
86.6019
38.0948
78.7221
76.8961
81.3299
73.0237
54.7053
84.0969
30.8784
30.5368
1.33793
23.2238
63.9005
57.6428
9.36405
61.1433
49.5007
75.6099
15.3377
52.0776
39.9664
2.29497
36.6687
48.7938
84.9246
97.3159
50.3053
32.0204
32.3903
42.6255
21.0552
63.6335
80.6298
32.2442
17.7722
38.3672
44.1396
4.72924
50.2316
11.2488
17.5111
30.0146
27.538
49.1557
58.2298
22.2562
84.1983
83.521
80.8112
19.8667
45.6908
87.7855
64.192
90.8937
51.1585
57.262
17.0479
64.5751
65.3488
84.2393
75.5672
96.3126
85.2961
27.1331
74.0023
8.19781
17.1245
5.78096
52.1889
68.1819
80.5878
88.8225
40.8183
48.6279
45.9359
11.9765
60.5182
3.15638
11.2099
68.4978
79.2588
91.3816
72.2416
82.3196
47.9681
12.7653
49.5288
30.0786
38.4967
83.8629
8.3665
5.52466
47.4827
77.4119
19.9185
76.5817
74.3307
17.0294
69.5306
13.0044
8.5428
57.1343
88.6138
20.4199
46.0289
87.1758
32.2843
40.466
73.8617
13.1936
66.1425
67.4002
17.5798
26.1492
59.8291
82.9142
55.6289
41.1202
82.3339
14.9068
53.1033
79.0491
91.3766
79.2248
56.4851
58.9202
13.4014
66.4905
73.9514
52.4162
1.79737
89.4596
22.552
47.94
92.8671
30.6805
65.8776
58.3852
37.4422
60.8023
54.4362
23.2615
43.185
62.7497
25.2587
38.1719
38.1551
58.1333
25.6007
87.1545
10.3478
7.21237
29.3648
23.8616
30.1014
45.9679
38.8114
5.88628
71.0994
99.5187
81.233
94.0622
51.864
0.36719
74.307
69.1531
30.1436
53.4788
98.1483
31.3259
86.6438
37.46
78.3921
91.5892
13.6339
47.2453
81.1263
49.3066
86.0896
68.0236
6.93493
18.9935
35.6695
88.9106
60.9062
52.2865
61.6906
71.8135
75.9091
35.7845
86.3797
6.14398
80.6564
71.8596
73.0251
53.5533
19.36
0.221074
29.9636
12.8221
71.6633
45.3122
4.35636
17.5965
93.5998
27.6736
55.2172
27.8565
46.6217
26.5541
75.0456
75.8745
7.8167
69.715
59.4532
52.2671
85.067
67.5591
69.0469
29.7085
48.9241
8.93803
62.8607
20.6747
83.2528
77.2218
59.6694
57.3782
91.6806
76.7401
72.7803
18.4972
63.4233
40.9424
58.0559
98.408
95.9128
80.79
33.2805
28.2547
70.9956
53.72
42.264
74.0373
86.7034
55.6007
61.0826
46.8907
99.1962
65.876
15.9745
54.7805
76.6315
78.0271
21.365
47.3968
27.1124
73.6472
28.5176
27.6479
76.6218
56.6409
90.2828
26.1449
22.5683
80.7575
29.0778
83.7971
21.7739
21.627
41.0896
10.0371
1.79019
27.7794
55.7352
97.5669
35.4813
84.4983
29.8446
55.7961
76.5048
5.41546
81.2045
60.3225
45.2269
67.6265
15.8838
32.3884
31.0295
45.4563
78.716
83.2656
35.7546
10.645
2.31442
4.0683
19.5325
9.92124
33.4104
27.6653
78.5313
41.0457
53.4376
46.2986
18.4649
68.8499
80.1339
64.3879
92.2529
68.6106
90.9826
78.7805
99.6489
78.2681
79.7795
15.5112
48.7251
27.8523
79.5535
8.33322
82.7077
33.0591
22.717
15.0791
5.7365
38.8031
48.54
47.9591
63.0527
4.00649
3.88995
9.6169
17.6782
94.532
48.3616
11.258
61.095
63.1432
83.635
30.2967
57.1626
36.393
14.4871
60.7022
22.9317
15.802
72.1985
35.5474
38.9323
22.7759
79.7326
39.7273
99.1442
23.7787
17.3671
78.5487
77.8968
53.8679
77.2925
61.7681
98.6901
89.8734
26.6937
32.9416
71.5243
70.5541
12.4018
67.4314
33.3332
36.7899
59.6574
43.5279
14.3205
9.33653
75.0236
23.6548
62.224
12.6701
0.875451
12.3006
63.3398
49.8637
38.4381
94.4219
73.0864
8.64485
14.0765
59.6586
10.427
76.8682
50.4998
19.065
60.9388
19.4844
44.0364
22.3385
32.8003
88.8329
58.9651
42.1939
83.4706
61.4398
71.3425
15.3297
44.2222
72.4083
54.0253
57.7769
23.4168
13.7506
12.3414
54.8397
40.5269
60.5437
78.5795
12.4971
36.2504
57.2735
23.2246
80.8801
21.791
62.5188
11.2739
95.2386
79.5838
46.5234
9.61831
12.0163
30.9278
78.7827
34.2648
38.202
45.9428
88.1849
68.92
38.7144
81.2814
22.4867
0.849821
86.5694
10.6616
64.6402
87.4903
50.3185
55.8905
20.538
96.989
22.4644
31.3029
26.6547
29.4001
90.0644
77.4425
79.2605
68.4343
13.4672
93.7593
34.5985
40.4856
69.5346
80.9097
44.3904
97.7777
9.90459
35.4643
95.4178
74.7701
21.5821
56.7105
96.6607
34.252
41.7514
30.7142
74.5888
7.7699
37.6973
77.97
29.2447
7.67471
85.6263
57.664
6.17572
99.538
7.05506
89.3729
69.095
97.0851
54.2066
25.18
74.9925
5.59781
6.18301
79.9488
60.1161
88.3207
52.0074
47.1798
75.264
65.5817
50.4473
86.3538
82.4473
79.8009
13.7329
48.6275
93.8858
60.6429
74.636
22.7979
90.4826
34.4082
53.4933
37.0627
16.1963
82.3233
32.6043
77.5082
31.1405
11.0877
11.6346
86.4285
94.0626
18.4386
37.49
26.5898
43.9299
89.0996
29.6301
34.7517
78.7226
94.4238
30.3665
40.1708
3.05626
74.7794
73.3547
31.6277
51.9311
16.8687
43.711
70.3632
53.4781
85.1927
93.8241
57.3241
58.2575
83.3799
24.4123
60.9181
27.9747
58.5481
58.4511
32.6147
2.22348
47.5609
80.9853
42.2517
56.8679
27.0636
42.2512
35.5644
68.2876
86.311
32.1291
73.2275
46.3541
76.0875
4.85972
40.5645
43.5627
46.5289
49.0966
82.9162
85.6278
67.6662
50.0904
53.3717
71.7355
11.8918
38.9027
46.8097
57.9889
16.8616
46.9334
64.0299
37.1484
34.8483
99.9594
99.0944
26.5526
68.9565
31.7169
49.7649
38.137
23.4863
96.7058
0.800668
17.7213
34.0007
93.8573
0.616101
48.6191
74.0255
46.7213
71.0783
45.1174
38.2048
14.2428
80.1534
89.5694
0.800833
85.1741
96.2116
76.1864
83.0677
68.7425
98.2475
87.9451
84.823
19.327
99.7781
96.6545
14.8082
41.3157
26.0628
47.023
47.4285
1.99976
30.0361
34.831
60.0097
58.9471
5.60953
55.1049
45.5217
80.118
34.7829
35.0886
29.0432
4.37041
37.7792
30.8663
15.8866
1.10797
41.7256
43.3427
52.1636
44.7279
63.7696
49.351
41.6088
35.1141
92.6896
94.7552
13.7055
13.2846
63.986
31.8744
19.5271
83.9683
32.6563
75.1371
58.2252
74.3441
53.626
39.0411
54.9121
2.31529
25.1011
27.1867
8.11525
56.1942
4.28752
35.6976
8.8911
7.23902
10.4151
22.3178
38.807
93.194
87.7085
93.2409
74.9047
34.8011
32.2358
81.0104
71.5187
91.3813
62.8738
16.0887
53.1724
7.35379
47.6807
41.7328
52.1889
20.382
76.4282
78.4268
18.4678
50.611
92.8041
67.2168
13.9784
89.2489
98.4279
95.2727
77.8096
55.17
30.2071
16.8
53.8537
4.95559
53.9316
74.7955
83.5338
22.825
99.4338
13.079
51.2054
27.1812
15.8391
10.2335
4.21463
24.386
17.3696
63.835
30.9684
83.4071
90.6728
53.3738
45.2422
99.02
2.59328
67.7672
99.158
17.6034
54.7913
37.9397
65.2561
28.5318
96.8665
7.38648
26.6021
6.10632
39.0131
18.3901
97.4738
36.9999
50.7307
15.895
88.7264
33.3913
52.4697
49.0055
89.0626
72.3694
52.3674
77.9388
96.3414
28.2146
96.6134
94.7374
37.2642
74.6581
77.0944
21.6227
68.4065
35.5416
9.28959
87.1594
20.3404
25.8943
5.76778
96.7427
32.7328
54.8459
44.2679
49.3945
29.5109
0.29214
51.9808
46.6667
2.62349
81.0274
46.799
64.7307
99.648
24.9045
75.3893
3.46024
31.2431
77.0655
66.0748
36.7645
80.9381
91.5132
0.115547
10.2517
20.7467
58.2125
6.76447
8.29
19.0741
45.1509
7.93594
42.884
6.49116
63.3027
50.1684
31.1725
6.42
55.8372
46.3324
52.3058
71.477
97.1231
49.4303
31.4226
43.5262
39.0313
90.79
50.4876
29.9271
87.3059
89.0528
47.1851
5.6002
19.4982
28.9498
53.4871
29.5083
22.616
44.098
38.8678
69.0521
18.4146
78.3281
8.17168
32.361
86.5008
41.8178
88.7705
0.192946
38.4405
7.31215
64.0319
76.9127
15.0621
3.04512
19.1277
47.537
71.2438
98.2076
13.9054
10.6153
43.7531
55.1398
29.235
66.9197
55.362
59.0439
83.6781
28.3034
3.72094
38.0381
25.4916
97.1298
95.3121
13.4772
59.1114
67.3094
78.1311
37.729
51.5666
10.7812
23.1644
81.2397
12.216
79.5618
67.8754
17.6542
19.1999
14.7381
82.6303
0.226009
86.5926
57.0138
45.5328
94.3573
15.519
61.8322
71.0274
10.2664
11.5956
90.4489
82.5978
49.9441
51.8369
42.4002
13.3544
72.8755
80.8887
41.6783
48.109
55.4035
65.4321
37.3475
86.8839
99.0824
26.6294
40.0834
18.1033
49.6725
10.7534
72.4929
84.5039
10.1753
35.4471
7.3731
6.93916
8.45371
47.7638
4.8917
16.3764
34.3293
77.5399
63.1776
91.4819
24.6489
89.6545
94.7043
15.8112
44.556
53.4842
78.7332
48.6706
3.08215
48.2672
61.2778
35.7826
23.406
57.6595
26.6778
73.7465
87.6567
21.5985
4.99444
18.3534
6.95802
30.1657
82.8195
71.6389
6.61299
16.3587
12.6303
56.6174
76.897
42.5066
82.8995
62.3791
82.7447
70.7026
81.017
16.6924
52.5735
88.186
47.1196
15.8952
85.681
30.9309
14.2634
59.2897
32.9615
50.7365
49.2024
71.797
37.9608
43.5324
42.7572
1.08273
27.34
6.76875
65.5054
75.4
61.4634
59.6758
74.4331
19.4929
82.1916
91.982
36.6814
65.0011
95.8356
85.758
62.1076
21.4521
23.6228
30.5122
53.8996
28.7783
25.5448
4.31315
48.9291
93.5542
0.512921
42.1678
29.3785
6.89699
21.6517
67.4233
43.1056
62.6439
45.1177
34.6803
85.9634
55.2597
56.8513
50.1005
96.3992
84.7561
79.8289
50.1133
74.7176
25.4708
9.52313
75.7683
53.8334
65.6122
21.7092
33.069
81.8361
42.7922
82.8622
81.7084
77.9347
75.711
69.556
14.6914
21.7825
22.4538
3.74062
68.1063
7.37367
26.0021
90.2536
43.6319
17.003
69.5905
28.7096
69.4562
34.0959
55.7042
20.341
89.1103
74.6487
30.9075
90.74
53.85
64.1067
29.7002
32.9464
54.6579
26.9215
62.1499
34.128
67.4292
27.8803
85.8608
48.0957
86.3307
32.493
34.1418
40.6282
40.7999
12.7956
28.8987
70.593
73.0573
2.94256
92.5868
81.8633
95.2889
53.2008
73.5282
31.9056
52.8213
82.539
8.0506
50.2293
96.9141
6.66214
80.8907
27.816
52.5505
97.7047
51.347
30.4768
66.5664
90.3591
54.1675
77.9676
70.9247
42.8399
19.9094
47.9934
29.095
13.0132
26.0284
42.1031
3.93164
50.4492
89.6181
65.1496
98.5759
18.4401
41.1839
69.2321
12.3131
78.6056
53.17
22.8984
48.7962
39.1779
4.03916
45.1088
30.7567
47.562
10.1572
93.1226
84.549
67.8861
20.619
23.4215
87.7612
97.104
46.9516
87.6188
13.2347
14.4855
1.69162
72.6939
61.9757
73.7125
44.5337
92.6685
33.864
80.7496
33.4808
44.1048
35.5074
41.3232
16.7365
5.97913
31.6003
94.3317
19.9533
76.4663
59.9737
8.26306
16.5519
68.2638
55.842
81.2388
55.3905
22.2244
76.2517
26.4593
34.5803
82.1921
82.1893
90.2223
82.9706
68.2024
61.5594
38.0352
20.1475
74.6169
46.958
7.01903
61.444
60.5735
65.8515
47.0691
38.2918
54.4463
84.1876
56.2563
99.3576
69.1574
90.3542
84.9269
49.3951
43.2608
86.4335
87.5062
66.8038
72.2178
9.93956
58.5053
73.5882
62.2712
8.80389
65.5407
44.8753
62.6473
53.1341
53.7682
24.0463
15.9716
78.6685
25.5486
16.1375
44.3482
41.4982
26.0147
1.85168
97.0928
27.3785
92.4143
21.7296
54.5795
36.555
39.6623
92.2153
81.6242
42.8089
61.7487
83.1725
58.5393
50.2315
26.3254
32.744
56.0264
10.4984
43.3984
73.512
13.4991
1.74028
32.1112
10.1715
8.56928
89.8383
43.7942
10.2869
42.2126
31.8743
8.71301
71.3676
74.5936
94.9807
34.0262
72.3526
28.0591
13.6753
80.427
41.8946
15.4126
98.5287
18.1186
9.60812
68.8317
70.0903
99.6702
80.0946
70.5684
50.7491
79.8737
68.0973
25.5575
92.3242
80.7013
91.5201
4.7286
67.0814
82.1692
72.2526
43.8167
78.3292
71.8766
17.3403
17.8972
87.4761
69.4044
66.5415
8.45275
73.3343
99.0694
31.8909
98.3371
16.3218
99.2701
72.0185
63.724
93.3291
21.9246
91.6577
59.2724
88.7963
97.757
40.2867
76.1225
25.5029
22.7662
38.3437
48.3771
7.96687
53.2418
32.031
5.57168
51.2934
18.8597
28.3307
75.0349
78.8027
98.6868
76.559
30.0502
24.3216
69.0633
84.5846
50.4523
19.5924
14.828
91.8708
26.0109
10.1838
20.3422
38.9842
74.5273
73.69
43.0783
56.7944
58.9126
62.6512
16.2868
42.6492
66.6446
92.8886
32.7522
63.2828
75.9753
20.0511
37.158
45.1106
57.645
10.6693
90.1066
6.52946
80.9974
17.1432
18.8953
37.3301
38.9542
38.8485
52.589
54.1184
93.9379
92.7899
59.2092
38.4207
46.7195
30.9739
41.8804
66.4699
16.0179
38.9019
99.1947
93.7732
82.4188
77.5832
77.7235
39.7571
58.5984
62.191
73.5496
65.2338
19.0712
32.7967
58.9642
69.2013
12.6318
11.3869
17.8429
39.7621
24.9231
74.6418
69.8321
95.7401
4.33225
79.2966
28.9355
20.3624
63.5411
96.2712
33.2579
85.8401
45.0696
23.3988
21.3119
7.98717
54.781
55.5201
23.0779
93.6264
24.3401
32.3825
63.3446
28.6689
82.3632
77.1361
61.4418
59.8825
71.864
85.6901
85.4762
67.3268
5.1702
59.0351
4.88808
77.4693
30.3905
16.9345
7.29324
42.4372
37.5443
21.4437
96.9796
32.5722
79.6934
99.4152
24.3175
40.2037
45.0657
16.303
88.4614
24.4816
15.1968
47.876
36.4821
85.9321
77.8943
38.3169
93.4212
4.87893
57.116
4.73496
23.3303
85.434
38.4255
27.6661
33.9452
65.0688
63.7881
0.937785
33.5648
71.1144
18.0861
64.3549
17.6487
83.7881
95.2127
62.2995
98.1203
57.2368
1.36322
93.0666
79.6316
90.5891
42.8048
93.7969
54.2791
24.2423
44.4498
86.0504
25.2628
77.8561
80.723
38.6003
20.221
72.418
28.1842
76.9163
64.9611
28.4411
67.1026
52.1795
55.0922
90.729
92.0705
31.794
74.0821
37.2601
21.4813
91.848
59.5886
59.611
56.3566
59.8466
44.1743
5.75681
75.6694
16.3943
51.4489
63.056
41.4627
94.3838
41.6363
72.1619
72.9646
82.4284
58.9482
44.4609
29.8017
86.6193
41.624
3.54326
29.2592
26.4156
0.853382
73.9592
40.9578
81.9549
14.7644
57.4397
11.3461
22.8367
80.3504
51.1193
41.6506
42.4976
45.4039
79.8203
58.0731
53.5954
65.3549
47.8672
78.3683
27.6056
40.6652
95.8804
44.9395
69.2262
39.678
63.7784
2.88064
89.3739
31.286
77.3987
54.0161
95.3539
56.1805
43.7547
32.4162
98.2008
56.9512
86.3493
23.8698
8.8472
16.6587
53.2975
86.5588
90.2397
8.8634
42.0107
63.7722
88.4772
26.3516
76.2163
68.2305
72.4023
55.0296
39.6491
12.2865
49.5998
75.1777
58.5929
22.8992
30.0914
90.2609
89.8027
62.5515
7.87223
97.7111
52.9678
67.2778
87.2946
13.6657
58.6809
29.2043
83.19
69.2485
83.6372
98.2185
11.1324
81.2525
76.8381
47.6983
46.2633
28.9337
20.0191
20.0739
5.11506
69.9447
16.2336
63.606
8.42945
53.2221
4.50246
33.2162
9.29076
75.6987
96.0839
59.3557
53.2643
63.6666
12.1076
79.5589
76.2272
21.8803
17.2763
54.6829
91.9495
88.8728
88.4258
55.5642
16.2068
97.3394
91.3082
54.5555
5.28979
4.18711
0.132154
39.5215
69.4808
3.72319
37.8788
27.7017
74.8215
2.31252
64.045
44.2249
94.9414
3.37363
73.0454
16.7201
80.9009
7.29092
51.6349
30.5736
51.5002
97.6931
61.7849
12.5356
72.4564
95.1477
1.58127
43.9117
90.8468
11.5391
5.27901
18.5988
1.12638
65.352
32.2662
74.5272
2.46421
5.46242
58.1884
91.5585
88.3021
32.4683
22.242
23.0253
1.66401
9.06767
32.8694
11.4329
17.7527
89.9049
74.9754
85.2555
83.8638
71.9428
36.047
29.8139
52.5775
94.2461
86.3545
90.4576
20.2972
94.6101
88.1272
41.6009
17.7314
50.7397
18.4083
44.7013
5.86099
90.5226
89.0016
29.8477
40.4977
51.3769
91.8669
86.3988
25.7413
74.2518
27.4189
45.0815
52.4263
44.896
87.3238
65.7758
11.2714
41.3619
11.672
41.5641
30.123
30.946
44.5815
27.9201
4.51884
58.8038
39.6805
64.9133
76.3818
84.9495
68.5228
56.8796
47.1064
70.8786
90.3586
95.0217
94.3539
8.36367
83.1487
9.94729
91.1217
35.7643
90.6898
16.606
46.8533
95.889
15.627
11.9037
77.3935
67.851
44.8256
14.5807
45.7692
18.5109
65.8944
56.0138
82.6625
8.23279
76.1041
17.9429
25.4398
54.1414
4.60214
9.55454
56.598
67.5222
34.9306
19.6614
16.8275
90.5034
92.21
83.5085
87.5842
44.2531
37.0754
82.749
24.2729
30.2076
90.5731
63.3011
51.3445
80.5658
91.9781
54.8223
8.27488
62.7007
98.7211
13.6276
13.1595
24.1434
23.6923
75.7264
43.3465
62.0993
88.7817
50.7457
46.8275
79.2765
52.3096
61.3821
94.9005
18.0498
45.0723
48.0842
31.261
8.05908
76.4682
54.4268
20.2512
32.1716
13.3699
55.3079
59.3682
6.71204
29.5238
20.5323
91.526
95.3606
68.3987
43.9076
12.2433
41.2717
60.8898
70.583
41.8516
33.9167
74.4672
43.7691
38.3907
83.1748
18.8477
83.5152
89.8524
25.3734
48.2166
39.3842
56.2299
13.364
51.6051
63.7231
34.728
45.0676
87.3344
2.37859
86.4478
36.6471
56.001
60.9403
39.0688
14.6408
18.5275
96.1726
58.3821
23.5778
32.5689
18.5275
83.8034
84.253
10.6896
69.2251
60.1772
49.5716
21.2035
53.0295
64.9789
14.4701
5.2242
58.0818
34.2546
79.4262
41.6802
13.9162
86.7911
85.8299
1.97353
35.9639
52.9551
3.35861
55.5317
41.0182
74.1644
18.73
71.5352
76.8029
72.2351
70.8786
0.631052
68.2286
73.876
30.249
52.3391
77.9988
27.5835
48.1979
26.0018
55.4127
84.3041
5.0594
5.25514
97.6716
99.8964
87.4314
66.9618
70.9492
1.25395
94.4138
91.2067
23.3399
76.2062
41.7352
66.9318
98.8778
16.7182
38.5693
84.3167
59.5289
77.9596
39.0564
12.5841
57.02
45.2103
50.5599
45.8449
50.1677
46.6947
51.954
51.0882
12.4551
65.9616
66.767
11.6484
81.7546
18.3517
52.5349
21.5088
20.8284
95.4022
56.5963
47.5064
99.0614
51.7724
85.6384
94.5264
73.0659
96.9335
31.6691
81.4876
81.3049
78.022
14.9436
6.0961
29.7609
30.6615
23.0509
87.1446
25.0859
66.2857
33.3477
98.783
12.7645
50.709
12.6076
19.8762
93.5206
4.60103
20.1079
2.20146
32.7602
90.8496
59.9263
10.4846
44.3018
2.59927
38.7056
4.38613
12.6283
86.2118
54.9241
98.9555
2.01541
59.1505
81.3734
35.6626
97.0289
59.1644
50.323
47.6836
28.6932
76.2499
87.8975
29.9565
11.7738
98.2433
80.0115
58.3205
41.7692
48.1322
66.1091
84.8885
43.707
32.4964
63.5909
94.4298
52.7741
72.8627
10.0979
97.8999
94.8732
44.5097
19.073
7.82124
85.673
38.7624
0.425943
60.9499
38.6044
12.8184
66.7578
21.5474
55.9833
10.2573
30.9799
36.6918
37.4341
92.0452
93.3778
69.9665
27.8603
42.1288
80.3526
50.4902
55.8218
99.0319
87.2759
72.1632
32.6425
11.0365
29.612
41.069
40.1466
62.323
94.9473
44.6913
73.2515
7.35294
35.1047
48.0331
14.4058
34.53
86.293
15.7577
29.805
53.3866
80.3271
57.898
39.2736
27.3963
65.0371
85.061
30.4578
15.4277
64.4292
56.811
6.82197
75.131
94.0899
9.45282
6.06461
46.0033
21.2334
9.29008
83.4089
7.01357
73.2631
23.303
55.4305
25.5915
5.37824
62.1259
32.5638
30.9944
6.69102
65.3202
59.3447
66.5729
55.2047
80.2304
41.2751
24.0741
92.0952
54.6323
23.9424
97.0806
2.70372
98.3687
88.7973
94.6375
54.3313
6.80601
79.1908
46.893
69.6747
54.8179
85.1688
65.5461
55.6178
55.5403
79.8639
83.1357
65.856
83.7613
68.376
94.946
5.04621
78.3498
30.6836
62.2634
2.53999
68.2566
85.2232
88.562
23.4183
47.6369
27.9462
61.1023
54.7476
42.7863
26.7991
81.9946
30.9649
52.4234
27.507
14.7603
15.8283
66.9245
66.5666
29.5264
65.5157
55.6967
80.7558
73.24
96.6486
14.9029
65.2233
87.6698
92.7753
43.7227
36.9811
28.4395
5.76548
54.3283
50.5523
94.0385
70.1396
7.85889
45.6296
34.8548
61.5285
11.855
15.2709
66.555
57.9674
31.9886
77.5204
53.003
70.0989
75.5769
94.4321
15.5556
67.9245
96.0955
81.0005
39.0116
60.6273
70.1137
70.4441
75.8345
36.8163
47.2196
62.6387
25.9575
52.8094
52.6166
78.9728
51.1064
14.5232
40.4119
22.2461
22.5164
29.2952
68.5758
80.7356
35.8418
70.44
72.733
29.1974
44.9304
10.2873
88.7348
67.8173
61.8583
31.1983
6.86609
84.0297
32.0572
26.0355
48.6531
86.1606
54.1693
46.4319
42.1435
36.7417
1.75193
65.1844
49.563
18.1986
97.9908
82.7574
70.2593
62.6764
60.9068
10.2608
2.80233
18.9271
95.6445
88.6073
43.3986
80.0068
37.2083
74.0479
9.94323
25.9355
90.5309
70.0748
18.0523
27.448
25.8376
93.2251
12.3346
32.0976
99.1218
68.3431
51.6703
41.8234
72.4421
53.0492
97.4872
15.2039
67.9666
73.6284
87.3397
51.5579
60.9515
6.4994
75.3883
11.4958
39.8555
17.2328
44.3367
8.90629
91.4742
27.6422
95.6416
16.9393
94.6788
77.4602
56.1616
61.7469
73.1771
17.2945
23.4999
61.0356
47.6009
86.7637
92.6977
64.8675
67.3861
49.9869
94.9164
3.38309
64.0956
47.8359
3.17144
72.5093
11.1092
44.7421
94.074
65.3088
68.2379
30.1056
17.8941
94.0819
28.3099
55.2312
46.8727
46.6863
49.6127
45.8391
64.3211
92.9842
78.8938
34.883
75.5366
74.3291
56.5565
92.6163
21.5855
15.7595
3.82278
73.9305
51.249
40.8803
94.5827
94.0681
15.6724
46.1018
41.9628
25.3848
60.5282
40.485
52.6825
90.6095
26.9736
73.279
64.327
64.8398
88.7314
49.1256
66.8447
87.785
5.4284
30.0528
75.2182
59.1055
8.7769
58.8854
89.5089
19.4607
81.6448
2.29037
4.14741
13.0262
30.6543
31.7204
87.4185
9.61363
75.5328
61.3985
90.5063
3.81824
22.9795
92.5441
54.5685
83.516
4.22623
74.2364
72.2643
59.579
81.9505
96.0882
29.8901
50.9031
80.666
77.4411
83.2109
44.6482
51.7631
66.4235
23.1127
98.9097
79.2997
27.3849
76.4364
79.502
63.347
40.7481
94.0729
69.0181
21.7303
89.1399
92.329
44.8398
40.9692
88.9031
75.393
56.3179
3.96244
22.3854
32.7189
98.3814
52.7595
69.6895
96.5469
92.6466
68.3508
49.8045
63.1419
23.4156
0.80736
25.112
76.9175
69.3302
92.6428
78.4214
17.9939
25.5651
49.4228
72.9947
16.7665
56.1946
74.1328
1.64035
5.49819
20.6936
99.3002
97.623
68.7768
36.1203
84.3195
58.5343
8.57244
32.6524
14.6537
49.6165
24.5307
37.1804
98.554
57.1357
31.0965
81.7797
68.2173
49.0206
72.076
8.98827
85.991
69.8605
65.2393
32.1443
48.8854
79.0261
37.4135
51.4675
59.1869
29.0591
36.57
96.1508
11.2493
0.748647
63.1963
73.9039
28.5736
50.1655
93.1078
49.6538
84.3793
60.7446
79.9182
78.8676
37.9437
83.0613
59.0649
47.5314
69.6638
53.5471
88.5744
25.6709
44.2068
40.8912
33.8567
28.8718
88.1932
93.6499
84.7732
35.1293
16.2776
99.2332
57.7436
94.283
63.7432
64.2018
61.3981
91.1807
34.3359
55.8804
94.2868
45.6428
75.4327
22.5912
70.622
4.04518
12.63
3.50826
32.8013
54.1594
5.81789
18.9882
72.5803
91.2902
59.0216
93.3424
18.6426
35.212
35.0142
27.6009
24.2052
73.8173
62.5769
31.0699
31.22
82.1389
85.2465
21.4591
66.4297
26.4502
14.4993
45.4093
76.0398
78.82
37.2331
79.6851
8.58136
97.2619
2.99433
57.8879
3.71872
62.4176
20.2741
20.7674
64.1924
23.5252
9.53241
23.3996
73.4337
91.1764
88.6882
73.4546
68.7613
79.8687
66.0333
8.86501
58.1279
94.4251
69.862
90.6247
22.318
21.78
91.2795
44.9715
41.9275
82.0807
50.9472
27.0966
74.2955
46.7237
98.8432
13.8685
42.0501
20.7082
66.9568
86.7152
71.0518
27.7563
17.1036
33.8282
5.87342
2.78332
25.8968
32.8843
92.8728
1.4282
0.216297
15.626
48.5813
98.2969
80.3288
54.6633
75.1309
24.7138
65.8101
75.3454
20.82
53.0653
15.5001
4.27787
20.4533
65.9521
30.29
72.3192
12.0271
52.4763
3.20567
34.9967
1.58134
26.1448
56.0935
45.1362
64.9679
28.2619
8.77122
96.9834
40.0016
98.9861
13.5504
58.1042
67.1839
63.9828
77.1403
32.6506
12.4157
42.6204
94.2926
75.3029
24.9469
18.4131
61.4487
19.8944
58.1534
50.6785
51.6428
39.393
95.7098
63.0138
57.6471
79.5099
55.1018
35.9524
14.2719
72.124
81.9419
89.0643
19.9609
90.4835
87.3724
48.7033
96.1395
93.2049
16.3524
86.1066
46.334
91.2822
55.1749
69.7861
64.5766
4.1564
25.6486
71.681
13.8259
23.6954
46.3877
1.18936
52.3227
58.1343
52.5617
58.0758
84.0007
76.3515
31.023
25.487
72.1031
2.68833
91.5114
89.601
44.9363
39.4857
22.7717
42.6625
23.1043
32.7334
13.2428
31.378
68.7868
84.1121
41.9781
22.7895
78.7192
26.9928
35.5741
67.15
54.3374
31.2251
85.6089
25.7534
97.2945
46.4448
34.8226
85.3007
82.1151
89.6213
32.1165
50.0627
3.16829
78.3274
76.3256
74.1355
79.7739
31.2014
15.9592
35.8371
14.3352
18.5435
65.5997
97.219
49.6065
47.0053
65.8797
83.2689
60.7036
35.3383
73.338
85.5428
55.4149
8.96033
99.6141
89.0078
91.7193
37.4985
80.6606
47.3278
77.5697
84.6806
74.2005
82.1853
21.947
80.4958
99.6683
74.1976
0.644578
46.5578
68.8811
32.4811
31.1406
71.4094
79.7067
1.07959
59.3531
89.1228
72.8012
18.1161
68.2762
19.3514
82.6152
28.7268
84.4227
19.768
53.9887
71.2551
57.374
82.6904
71.9813
4.10222
57.2345
63.5697
85.3069
38.6846
56.6173
50.6219
46.7013
50.1387
54.421
72.1991
46.6879
77.8169
95.5327
36.3937
4.6454
20.9807
28.9457
98.4689
62.1586
69.847
79.1059
43.4625
13.1189
1.83289
72.3307
49.3647
52.5087
3.82736
10.2125
45.8036
18.6377
45.196
18.8571
6.64577
14.9167
31.0987
47.2538
56.9465
28.6851
56.3849
3.81704
72.0688
53.7254
94.4088
57.7433
43.2656
7.76152
61.9064
91.8965
31.7919
89.5429
63.2832
5.6532
12.1422
87.849
70.4283
78.3245
52.3994
40.4816
36.0913
5.37455
85.458
36.2061
7.02357
14.1436
6.04499
15.3154
71.8386
44.1851
3.70016
9.74915
65.1156
84.4913
44.8573
57.6284
99.4885
47.9059
92.5236
60.743
66.0658
43.374
22.4644
49.5943
28.9918
66.6067
11.1246
78.0901
70.9711
11.1923
50.1323
51.3301
30.3695
84.3367
46.1667
58.0738
56.768
20.5897
47.4805
46.9879
59.5743
49.4892
9.97343
33.9214
69.0638
59.2366
64.3714
99.1961
96.9396
63.7922
14.0363
41.1102
18.6623
9.27647
58.6951
53.6086
5.84189
40.935
27.4742
28.8272
31.6064
18.3857
3.52079
87.5253
91.6202
94.6833
98.6873
70.1043
84.1507
64.4648
15.4093
95.5254
90.0789
18.3214
70.5418
25.6162
30.8807
10.9411
89.438
80.4757
55.7102
36.0149
86.3396
34.3217
73.6206
93.8909
32.0862
16.9421
11.826
58.6251
12.1627
57.9482
25.7515
55.2811
18.1376
66.7032
85.3902
58.5819
42.8723
27.6508
22.8245
34.1852
28.1761
57.7127
56.534
42.6442
45.1022
57.9013
92.2709
0.242803
29.6358
55.1586
32.5119
82.0202
11.8166
84.5358
63.5406
83.3233
77.7603
45.423
9.93833
69.8108
77.655
81.9532
97.1281
24.6147
85.4222
18.3191
40.8027
51.374
75.3805
85.6133
96.9432
79.3251
46.4147
31.0047
27.0502
63.8046
65.934
60.5636
17.4265
72.9987
6.32443
11.5306
61.9793
34.8908
19.5194
50.0437
98.6131
8.41008
19.0978
65.2273
13.4292
45.4545
53.2809
71.3121
79.8861
71.0299
69.1191
54.7081
72.8383
20.3871
27.1261
90.3284
6.50825
37.4603
51.5518
38.8682
31.4243
12.5643
7.1056
14.4662
51.9086
24.5574
73.8204
91.7585
19.4022
43.7479
22.5792
79.3193
91.3479
25.8013
15.175
70.0913
15.9302
82.6402
62.1388
66.4728
79.0402
50.8973
75.5886
94.3662
51.2648
50.7691
3.94137
87.0952
9.8602
65.9963
15.1352
76.1225
81.3731
36.7428
58.4381
66.0365
34.9116
55.752
51.6319
63.7208
63.5752
92.0569
53.2443
85.6198
73.1733
14.3465
84.8135
53.8245
55.4361
22.7402
48.1598
4.59591
26.9541
53.5328
20.0265
85.5959
23.1595
0.957278
23.158
67.2544
83.4022
96.4957
42.6673
98.9951
82.7175
83.8893
67.6028
98.5453
73.4357
96.7762
14.3619
25.162
24.749
8.44571
4.05042
64.1222
63.1469
60.6689
37.1251
55.6014
83.9655
40.4575
95.5717
2.39096
40.2514
90.426
65.3123
66.8247
70.9598
5.85059
42.5188
27.0882
37.4703
84.8786
24.3514
38.1928
80.4221
78.2537
4.06675
18.2433
29.2158
0.628827
14.7791
46.243
48.5248
47.1515
23.5826
13.8449
30.9934
72.3403
47.7956
39.434
69.2106
32.9712
3.55067
96.7512
2.32975
14.1684
27.8639
38.6626
77.7071
15.3294
61.0933
70.2813
57.6492
91.4981
98.7442
25.9438
49.1504
55.2206
33.7293
13.5053
90.7966
89.4715
16.3364
66.7429
8.3615
37.3674
69.9455
72.9582
81.2026
5.3284
53.2008
85.3591
80.4532
36.5689
84.8237
59.9233
36.1571
96.6997
77.4482
58.0589
16.371
75.3944
54.8547
92.2198
50.047
30.2402
91.7544
10.3343
88.7434
49.5596
94.2719
56.0593
80.6011
95.5855
63.6777
88.0883
84.3059
69.7454
5.71029
69.244
43.7725
33.0102
90.7846
53.7881
14.7546
47.0221
28.5634
90.0898
48.0981
21.0541
31.0843
5.68531
84.0111
93.5158
34.2623
49.9211
91.138
68.0681
1.4765
37.025
48.7309
24.1666
55.7096
55.7073
72.2081
83.5059
39.5057
18.7322
30.0865
76.4413
75.9275
98.6818
1.28879
86.8192
49.8006
16.9978
3.12232
93.2607
37.4061
93.241
5.23899
66.0935
24.8364
18.1845
81.9871
99.4155
79.5689
94.354
31.7445
35.2068
86.4934
74.9777
95.2821
68.2856
26.6804
23.8375
74.004
79.0018
88.9012
14.8267
55.1088
74.6512
2.03784
70.9063
22.6765
10.0444
62.6819
84.0505
52.1
83.157
85.2648
96.2789
14.8458
96.927
64.9199
63.5849
54.9172
62.5481
34.2454
4.34321
23.3397
36.3013
51.6064
34.3694
98.9254
14.0743
7.9742
66.259
33.6698
82.0545
41.2581
43.9984
34.3853
40.1274
0.850889
54.2662
70.2351
26.5543
91.1927
98.7356
55.5816
31.132
31.9251
98.6852
72.3271
42.1031
48.8842
73.9052
28.7145
54.378
57.9092
71.1136
84.5286
44.9732
34.5139
65.3743
31.7501
71.3971
43.4261
23.8612
2.98185
73.8659
25.2743
21.6543
93.152
74.9203
29.9439
30.4574
45.0581
59.8095
88.2319
63.7728
37.9982
92.581
80.7553
10.752
55.0717
32.6585
83.4854
31.6058
53.0385
97.6147
91.0842
5.87576
2.30993
88.7842
42.7952
38.3324
52.0653
4.45065
94.9486
94.5872
81.2284
63.5912
75.6047
32.4075
14.2166
83.5928
8.73501
3.79604
36.5903
64.5993
5.05981
92.5906
9.95727
31.6265
59.4486
33.4357
23.0284
44.324
38.3113
53.1788
42.2202
44.0551
33.7376
62.7625
18.2968
43.4149
31.4126
81.8177
86.6235
10.911
11.7071
62.3361
95.9398
19.4545
86.5813
8.19676
41.458
94.9036
38.5801
79.7851
15.998
12.144
38.5984
52.2653
15.6997
70.8136
1.06527
80.7626
85.8317
55.3364
3.24658
29.9981
79.1214
15.4493
13.7565
33.6285
5.33042
87.8543
22.6842
76.0381
68.7691
18.0739
41.9341
23.4656
61.2427
31.9955
65.0871
7.84571
66.5481
68.6758
46.1253
59.8198
21.5117
88.2909
5.85694
46.0227
84.951
98.1958
50.2605
30.7413
78.3695
2.94757
0.0873504
19.2603
12.1979
32.6628
93.0226
7.0605
85.0943
65.3596
34.5802
42.2075
81.0458
97.4341
63.6185
49.3076
80.0215
19.3977
80.6258
80.2025
91.0595
19.1635
77.2755
66.9896
2.58802
1.51919
52.1942
82.3552
70.9305
53.8594
8.58936
35.3535
99.3441
16.1479
69.5944
51.2263
60.9822
20.8396
1.92596
13.2114
60.0067
44.9021
67.5314
92.9825
58.8741
11.7788
83.1847
96.862
64.911
23.3535
17.9073
96.2262
53.9369
39.8571
9.43259
4.8663
37.105
60.8176
55.3669
19.2025
64.236
25.8821
20.8403
24.4813
98.793
30.4476
28.642
85.046
15.9711
68.5576
29.7169
76.564
94.4872
86.7494
27.7076
13.8685
65.4652
99.6029
8.98101
59.5532
61.3036
55.2839
32.9524
39.7945
17.8318
1.00969
73.0008
7.57911
61.1328
91.598
89.0429
92.4972
31.8655
27.0338
53.8261
28.0687
5.11012
0.0960368
38.1515
11.3519
2.16424
99.1199
13.1404
66.8615
41.5604
87.6826
10.4924
1.88588
19.3154
25.7521
35.2634
95.0528
32.4869
18.4805
40.5078
13.8384
75.7809
57.5452
19.2938
63.8106
54.2472
10.4795
10.1511
85.2773
45.3464
94.3315
33.1233
87.235
9.13404
32.4281
25.4546
84.6569
35.0179
64.8841
3.20886
44.5942
30.6794
95.6541
21.5151
53.5524
38.0704
77.8071
86.7109
26.1037
66.1911
57.7867
13.8292
50.8666
32.958
48.3176
82.5342
13.1522
33.1902
52.2764
53.917
54.4439
2.58987
20.7689
22.5395
66.4851
35.2352
26.6967
11.5125
18.9064
57.7254
76.8729
47.0832
19.2735
52.5706
53.5964
63.2281
25.3399
1.72727
32.1675
26.3266
53.1657
97.1488
67.8452
51.6685
5.71216
25.0142
14.5078
15.4235
9.7647
29.5279
81.3017
78.8904
19.279
77.752
95.448
81.9848
18.315
27.4041
16.6717
60.6581
5.04617
52.828
97.5069
66.2019
93.0175
45.6729
78.2073
38.4193
16.9277
54.6097
39.7135
72.8583
0.700805
50.1236
51.8213
16.2642
80.8683
7.90774
94.9672
22.7441
98.4485
40.3861
56.4581
42.1284
69.8512
46.81
14.0385
61.9585
14.8548
94.0175
97.3258
57.3625
97.6819
97.2332
39.2353
27.8577
83.0732
44.3655
85.1198
96.5113
49.632
5.35173
76.9284
15.8195
84.3193
53.3079
55.6897
20.1661
56.8251
36.7353
80.9049
58.0025
25.7477
75.723
40.541
46.4588
41.0586
90.3636
49.8211
26.7521
11.253
16.2374
68.2583
70.2078
31.7162
32.8667
55.855
8.9616
5.74342
0.892369
64.6377
58.3894
39.0201
69.2116
79.7487
64.1647
57.9729
37.6695
73.9004
46.3713
35.8519
52.8913
68.8396
64.9359
32.9061
95.8327
60.3251
77.4985
91.7531
47.5537
64.1246
38.3145
54.1999
42.6356
73.5355
86.6898
3.3825
68.0406
37.3874
88.7731
31.6505
52.6173
48.2861
3.63221
2.47679
90.2613
41.8503
46.897
77.2492
29.0595
79.5962
57.0525
44.2089
19.9426
65.319
33.6745
68.76
50.0023
29.1509
13.3834
87.4446
3.50788
16.1034
81.4264
97.9238
25.0602
13.0207
77.8916
15.6087
76.6136
48.2405
23.2725
27.4726
9.13524
68.1022
88.7428
24.9228
0.144923
1.32198
65.8059
27.4126
44.0499
89.5822
0.173423
1.15642
44.8297
64.2291
67.3095
89.637
73.6823
53.0945
9.24749
43.885
12.3396
25.3532
47.9435
31.0573
13.9466
98.8042
15.0421
59.9712
82.6266
40.9356
90.1498
54.2911
93.2793
30.2525
58.6195
55.3476
14.6796
31.5556
70.3676
28.3887
68.1347
13.2855
93.4865
25.915
36.0959
21.8635
20.3972
8.62368
79.1708
12.8875
72.967
91.4276
80.8307
39.2522
65.6086
14.9317
76.057
75.3537
26.6268
46.6202
16.0449
93.9133
14.144
19.6839
39.9807
83.228
58.1136
63.7663
14.0012
7.33506
48.5666
33.6697
40.9712
92.3138
0.848863
60.1024
16.4651
22.4838
42.7283
82.8963
90.8342
17.1334
98.1371
11.1415
85.6593
25.8343
88.1885
55.5712
27.9699
77.9273
95.722
42.2374
72.715
61.0905
2.95514
52.4941
59.3248
83.5803
31.5512
82.5077
86.9436
87.598
55.6617
1.45688
88.8716
69.8397
57.1405
19.3896
14.2132
18.4792
20.9489
66.6314
89.2757
4.98833
2.54996
36.3372
70.4057
82.1727
31.1988
14.7016
63.9264
31.7247
73.207
66.526
78.4324
51.2964
56.5102
22.2111
1.74782
38.3722
77.3309
4.42478
0.491206
55.2285
8.37897
26.2929
84.3275
82.9792
86.0964
37.6636
50.0444
90.5962
13.9588
41.235
90.4537
65.5589
78.7963
2.17116
86.2114
40.2146
4.03595
83.651
21.3556
42.7224
12.037
4.5021
66.7921
55.9598
55.9848
40.9018
46.1585
30.9895
91.2744
5.47441
47.7444
42.566
66.4259
1.78885
85.5609
52.3528
10.4698
42.412
75.1838
78.4994
90.4001
63.5945
57.2332
20.7409
19.6573
65.4315
49.7716
76.7258
91.6536
84.3285
39.1509
72.0327
88.8188
35.213
21.3242
47.9712
42.2439
80.1029
67.5567
72.2509
68.723
23.1448
13.0916
42.4767
65.2984
40.5659
3.72439
2.53805
78.0261
14.2456
50.7855
40.957
42.8438
1.93786
76.8287
74.0514
65.2498
15.7419
96.8341
94.721
10.9561
7.31274
66.6625
68.2108
47.0552
72.9328
81.3232
60.0392
75.4086
94.5457
19.8719
72.4371
70.8501
50.1208
85.2895
86.6729
48.5359
39.8879
65.2277
42.3558
50.7794
94.5139
1.08532
3.07816
65.7015
3.05197
46.1243
94.8108
67.2098
77.1006
85.2065
45.1442
44.5789
49.7573
63.5066
12.5926
20.0757
62.1411
62.7524
15.6871
36.5424
75.4313
75.8571
67.8455
76.3526
79.6915
39.7654
68.8476
0.167019
62.4939
35.3501
15.5186
26.5021
83.2171
63.3985
71.4505
84.8719
14.6928
69.8231
9.72567
64.5512
96.4491
43.7976
62.2265
57.2785
30.8015
76.9563
10.8518
28.0318
84.279
11.8345
0.178335
23.6497
99.0402
93.9568
98.7012
31.3705
49.7607
67.4604
26.3751
50.7671
96.4974
18.2919
96.3495
78.676
92.9047
46.4827
54.9861
87.8252
51.5522
40.2283
19.4253
15.4784
38.166
16.5427
74.0861
10.3487
36.6036
52.2028
71.1683
75.7632
37.4008
78.574
69.4709
43.5768
21.4249
75.5171
16.8351
72.5923
20.7117
8.6509
14.6154
59.5981
13.4554
61.3598
89.6062
93.232
2.55825
54.5571
66.0351
82.0255
13.0071
41.3574
5.30203
58.0243
49.9872
73.1292
31.6389
0.444476
56.0807
18.9154
93.5024
27.0102
24.9824
91.8011
69.5049
49.864
33.9341
63.7302
1.63127
48.3534
85.6342
57.074
92.0462
79.2003
34.8062
63.1644
9.80846
99.8251
50.6148
54.2441
42.5177
91.0752
14.5028
63.2036
79.132
86.5274
77.2021
83.7284
93.3965
28.1889
66.8711
81.9705
97.8838
4.19168
42.5721
65.2672
36.6263
80.3287
3.12352
22.3407
90.8354
84.0241
41.3292
90.0775
99.3793
19.3448
72.7496
26.6145
89.8688
28.4999
56.8072
8.25396
77.1346
32.0641
24.6755
16.3222
94.495
77.3134
68.8801
31.9772
32.4836
2.25814
54.07
0.176616
73.7389
77.8002
16.7319
85.6749
89.7444
82.3788
86.4505
45.1233
7.64356
40.7219
90.47
17.7598
97.3369
94.9162
99.595
60.2685
94.0886
39.3724
3.91953
79.6825
14.0832
46.8869
19.1162
22.2737
77.6824
12.1196
94.3992
91.7011
8.98129
76.35
81.2955
67.0475
60.1868
42.6684
10.6911
24.5496
21.2631
99.1373
91.2814
60.8601
71.122
94.7759
37.501
85.4623
72.4226
44.9834
59.16
93.7135
18.1097
90.1128
8.33103
74.0388
16.8503
39.37
91.8051
80.2374
76.7078
7.05409
42.5888
98.3564
81.2515
81.0628
15.4693
78.1263
71.0862
72.2633
58.8834
10.434
94.2691
51.5629
18.2528
32.3107
84.7764
41.8829
81.2426
45.813
52.9234
16.6348
87.7635
19.0289
99.3182
72.7207
46.6693
57.9158
26.4185
46.6905
94.0694
55.9315
62.3861
13.2918
69.6609
16.7376
28.5664
20.1292
18.1773
1.23469
30.5751
7.99333
0.513789
95.2688
15.2353
34.4819
28.055
75.4397
47.891
33.8545
56.1089
5.84039
72.2499
92.1641
3.68949
28.8853
70.1964
68.5312
79.0948
87.758
93.056
94.2716
37.8819
82.3936
33.6245
36.1547
53.1226
79.7132
44.0474
23.4733
56.4896
74.7978
47.6119
58.3701
36.9159
26.8739
28.2916
11.3146
12.6079
26.5298
61.8807
50.558
81.3576
57.8383
32.5459
96.5419
22.1148
71.0155
32.239
4.80621
31.2732
57.0959
23.2361
98.577
55.9432
66.2247
3.42789
82.3592
44.6832
25.5724
98.4892
94.7045
44.7765
1.43371
91.598
59.4888
61.6508
76.8421
71.1697
25.1246
62.3006
90.8668
0.518298
11.7247
14.9891
33.2126
10.2094
97.1892
74.6332
96.7613
49.5735
66.9105
85.4737
81.463
65.505
3.58825
59.7003
25.9657
99.9633
13.0383
5.30127
83.8326
41.2248
41.3232
46.0388
0.250961
79.0323
3.79678
30.2207
65.7769
35.5628
59.8266
79.6642
42.5574
75.9377
7.44154
63.9821
44.6171
92.8979
30.3427
73.9558
18.2363
61.6862
25.201
64.2338
37.2659
0.00760569
31.1316
70.9433
34.9763
47.3594
15.6246
23.9538
4.75823
63.1181
6.73106
4.29852
86.6683
76.2067
90.5947
2.84535
85.1517
15.5889
0.236864
81.8615
81.8422
3.00647
75.0381
51.0614
52.9417
65.855
55.0693
38.6578
72.2281
11.3995
65.2766
32.4629
81.8488
11.2394
17.1851
55.7245
56.7442
72.1407
49.7687
85.5553
43.0381
77.9058
25.3825
42.9389
34.9454
34.0378
95.8038
81.5842
45.3728
51.3846
30.3441
55.5314
55.605
10.7369
46.0862
54.3472
51.3749
64.4253
12.6444
15.9064
64.3367
68.5172
78.6658
19.4453
21.6108
62.854
47.7481
34.6582
12.002
91.0371
78.6172
61.5459
24.3715
30.1554
4.62242
82.3101
31.0202
15.4783
80.4413
32.6424
69.564
26.526
82.885
20.1736
50.8369
60.8143
77.293
32.8727
98.8634
50.2979
7.85043
41.0535
54.7382
74.329
32.8312
6.04287
59.9513
99.5144
66.7327
0.653736
38.102
36.3211
69.4435
73.285
3.34676
50.883
98.285
66.5707
95.9693
56.7325
13.5315
12.0048
55.0259
40.9652
88.0949
14.4503
28.8591
54.0919
33.995
91.9648
57.1541
66.7162
23.6659
27.8343
43.445
58.5932
38.0915
30.1299
13.4491
25.2404
88.7139
30.2909
44.6715
10.8433
91.7029
90.1339
35.5939
84.5796
6.13074
47.2329
73.2335
10.6235
21.7888
69.3883
57.9609
16.4649
65.6525
4.77978
71.906
46.4853
0.133983
48.266
37.0905
40.2875
84.8951
70.2702
28.2769
34.0311
76.486
92.8946
2.14276
80.5165
46.2151
60.5392
74.7485
73.2858
80.1759
84.0347
52.2868
85.1583
17.7903
70.0682
79.2276
34.4056
1.47157
49.5895
79.0094
56.0124
37.6319
2.04334
80.0821
57.2353
2.4924
95.3134
62.6765
90.4576
79.8573
86.2039
80.7449
82.562
39.6521
87.09
80.3278
25.3603
64.245
73.0434
13.1336
14.6872
29.7084
25.1332
25.8649
2.76864
48.2245
78.51
12.0756
33.2598
39.3373
54.185
70.855
58.1061
51.3515
0.998566
16.1953
29.9795
1.36757
94.8065
68.219
52.4908
15.486
41.6509
50.2043
13.7256
49.7401
40.274
60.475
26.9496
14.3461
82.2953
91.403
3.6603
14.628
86.4697
88.6642
16.0271
0.0189384
93.5728
55.2161
80.4728
99.9402
49.0098
45.8563
94.0169
25.164
38.4801
79.8516
22.7314
39.1544
30.8269
26.6965
69.4541
40.2118
0.25102
97.0631
43.5877
53.3088
39.2169
55.8278
28.9594
78.8273
67.1685
88.3048
0.938395
89.2597
6.42719
70.8435
86.8336
88.3918
77.3217
41.0516
25.1159
59.9448
19.5469
70.1401
5.72011
88.7077
21.6956
35.2815
4.2808
82.7859
40.4226
41.8872
51.1943
76.7614
12.6492
24.7251
80.0237
89.6282
66.2835
84.1815
79.481
36.7007
90.3976
45.4705
66.8571
71.3005
55.9107
33.0006
19.1259
36.5472
87.0705
17.6162
51.1269
72.7822
13.4409
80.3801
27.1797
73.6976
77.5492
70.1132
10.9854
85.0994
31.9041
27.3335
72.0871
35.5342
72.0715
24.8297
79.3673
3.11751
71.2354
13.1281
80.4052
29.0542
46.4153
9.12216
9.60969
87.4855
36.8585
29.1794
97.7488
89.1464
41.3101
98.5075
64.5369
3.74384
45.9642
65.6076
14.1515
13.5409
74.0326
69.3898
54.122
93.613
15.3412
89.975
73.6869
8.09024
31.184
20.5505
9.97756
53.2433
85.6228
45.866
0.53961
8.63765
62.2194
49.086
17.3931
79.9222
3.20102
78.0024
27.1981
7.87009
2.63537
90.8593
46.4912
45.9666
45.7906
93.2546
67.8752
26.3155
7.80921
53.3052
50.1746
24.6963
87.4251
0.964903
31.7119
44.0473
41.0718
22.7861
31.0285
16.1012
29.4643
26.5356
56.8982
36.6488
86.137
62.53
62.4055
87.4093
17.2807
76.6184
91.6053
87.514
97.9924
48.8241
87.9402
22.297
16.8606
35.4415
27.6293
23.999
78.5748
7.53387
51.0151
37.8065
36.0515
99.6925
94.6113
41.2332
86.8264
57.3384
5.01013
32.3198
9.39173
32.2328
27.1373
50.7151
72.8657
64.445
18.3511
54.2395
79.3345
41.138
20.3781
50.6271
2.58631
8.59682
26.8217
32.6256
21.1377
56.2106
16.1223
10.3017
91.2603
0.945913
16.8459
80.6579
49.6972
78.6959
68.812
13.3474
57.6904
90.4293
38.7069
88.6778
6.44379
80.9737
79.3547
11.5669
66.0187
26.9954
15.263
70.1506
54.134
0.219629
70.0781
6.29988
45.4721
96.3889
66.8711
36.6728
80.8364
69.3585
61.413
21.7767
1.76608
3.02649
3.56661
62.4916
75.9291
69.7502
23.4072
31.3193
90.0872
30.3862
47.8793
24.0307
27.7846
54.334
84.6542
47.5739
47.7397
7.57245
77.7813
45.6331
97.4753
22.1068
94.234
81.2162
17.213
11.2738
69.9418
92.1651
77.5622
71.9374
54.3677
94.6217
1.51494
10.8143
71.2915
5.10411
25.6164
82.9541
23.6184
34.359
48.5388
79.2187
41.2548
61.2988
92.1202
51.9596
20.6693
17.9735
41.6598
64.108
68.1178
27.3898
19.0444
18.0553
58.5511
64.3208
86.0432
78.9859
92.844
70.3598
64.9578
99.6358
79.7644
32.5709
11.9095
42.8056
20.6292
9.57348
50.1707
22.7383
15.4035
19.6016
65.8373
36.3597
86.2269
8.67244
26.0643
24.1046
59.8068
21.9033
55.0998
56.9041
60.0272
3.51288
51.5956
77.6288
35.5658
8.13111
47.4918
18.5285
27.6805
92.4548
80.328
12.4482
24.6307
64.9862
49.7737
32.9427
75.6152
39.1375
24.1492
20.3281
77.4255
21.3269
14.4474
88.1899
50.7924
36.7919
52.9566
43.3406
80.749
37.2127
60.6737
74.0589
64.5642
32.0693
72.0174
31.4371
9.54747
10.1605
57.8095
79.5421
47.8797
80.6083
2.64098
86.7422
27.7469
41.8835
97.7622
66.9173
93.5931
80.3163
25.4612
0.790979
69.9747
56.2973
3.29332
5.75353
75.3963
13.0819
33.7791
83.4772
62.5905
48.8225
66.6321
72.4011
59.4215
37.9128
58.5193
61.4768
35.3683
64.0578
10.3042
27.769
98.9327
25.2267
4.79733
32.7
42.1786
6.01303
20.6619
13.4324
8.43837
58.3715
1.48726
48.079
85.7404
56.7733
10.943
80.0778
19.3757
71.6226
8.2872
48.8159
95.8022
7.52922
2.13235
75.8049
75.6604
44.0541
84.1391
23.9091
65.5093
94.2616
59.7873
64.596
72.0748
85.4405
34.4545
19.9646
18.0241
48.1508
77.077
8.25144
79.5372
85.8689
30.2189
39.0572
72.493
1.37926
30.0947
98.3139
73.1303
23.9871
7.70558
40.7366
17.1363
95.6455
88.6791
95.3788
22.9186
67.3872
17.278
64.5213
97.9603
14.9791
46.1826
65.1049
41.2148
96.1777
64.0967
1.58643
74.9896
44.4293
62.4911
27.1783
37.4502
37.6818
44.687
0.778178
39.0284
34.7521
82.8221
2.20844
39.2777
5.75355
96.9265
60.0687
72.5239
58.6349
31.4537
56.2888
42.1177
40.2945
38.5988
42.9768
99.5366
5.38569
6.32525
63.9019
8.62485
32.02
50.8878
79.3886
24.4472
84.0004
9.99602
64.1889
7.52269
75.713
68.872
41.9445
25.6047
45.39
71.8467
68.8182
35.9985
3.8223
95.8613
21.0538
19.0473
13.4181
40.5467
38.6223
79.2966
57.6492
60.2896
29.1349
43.0931
1.30606
92.6555
35.8977
78.3102
13.5823
25.1692
8.36884
50.9256
67.1795
13.2984
50.5427
17.7617
34.993
21.722
84.2864
96.8276
48.4465
79.0797
49.3701
19.7335
63.5459
49.8983
69.1356
88.4551
6.19865
8.42557
33.3411
17.837
84.0934
62.9499
40.4841
45.7792
18.904
72.2943
73.407
92.4755
33.2469
86.5021
7.99839
38.7312
84.2375
10.2937
88.8646
15.7815
37.1995
27.4704
42.2536
6.63358
29.5992
69.6075
65.3152
24.3342
22.4821
43.6438
91.1669
21.7817
60.9259
24.6484
70.2301
95.7815
67.0015
59.5753
8.83064
82.3238
1.44538
54.4432
46.9069
65.3606
91.2251
49.0127
99.2127
16.1509
41.7956
53.5744
4.34824
74.3089
94.1259
39.4298
59.313
50.742
9.63339
92.3541
64.6729
64.8254
63.0288
27.3372
7.23482
77.4402
16.3955
25.3017
16.8282
24.8563
25.6662
11.8406
57.5931
95.517
92.0814
33.0779
97.3677
83.1098
77.3338
80.6913
62.2824
22.1531
36.0767
82.59
84.3198
0.885986
67.4758
14.0648
73.7331
7.91089
33.7299
4.40207
4.54342
79.263
88.9286
46.8543
35.6465
73.9839
27.9348
18.7867
74.6594
84.2315
0.517729
61.3404
57.8645
5.61039
21.9608
18.5028
98.9584
36.2893
17.0766
43.8094
39.9149
48.3254
0.445306
66.9634
36.4833
87.8972
40.8441
20.0729
82.0821
16.1363
65.8315
91.203
10.1605
75.3837
69.8297
58.8645
21.6648
36.3794
7.11541
7.45577
31.7559
22.3981
83.8043
18.0536
21.5818
42.3207
79.6485
63.3055
48.9929
18.2872
29.5783
39.8722
69.0497
74.3243
3.13609
46.1891
54.252
79.091
1.03889
38.7437
33.5344
53.261
75.779
98.8358
2.83954
50.0374
51.6426
55.5167
74.961
20.2933
73.6425
68.0423
6.04639
17.729
34.2937
63.946
50.1767
94.9525
66.0548
23.8428
16.7405
91.8978
88.5297
41.1439
36.4322
45.7741
14.4982
59.9735
60.7255
12.7289
56.9002
85.7447
17.4054
24.6915
64.4133
85.5609
34.4878
58.436
70.3969
99.5934
37.5466
48.113
66.6045
66.0606
9.49723
45.226
30.5767
75.0251
8.60124
61.8651
91.8044
69.5639
71.9349
24.0024
79.6753
20.7362
21.4143
71.5717
53.5478
71.4473
10.9533
40.1038
51.7208
47.9345
30.2893
90.7778
14.3763
62.0875
84.3438
45.2489
7.10568
23.3979
37.4391
40.2525
56.6088
40.3315
89.3855
82.427
14.7588
20.0304
76.2563
49.2209
31.6891
87.4574
30.1435
90.5762
86.0828
57.2913
49.5139
54.4523
72.3922
37.7206
11.3199
51.2069
47.209
78.7673
16.9511
6.11209
47.2238
18.8544
53.017
11.7869
35.5583
70.9476
70.6883
82.911
87.2088
8.72747
59.1774
69.9414
54.2963
63.321
96.4604
31.6401
20.7616
90.5401
98.514
75.2089
75.165
13.7238
55.9168
2.79651
18.6848
7.89054
15.8986
35.7908
66.1735
60.0416
85.8847
73.2265
16.9654
89.2649
56.2048
54.097
39.6888
24.4076
95.2848
11.8357
0.301831
89.9599
14.392
14.7217
42.5284
7.38967
4.60124
66.6062
10.2322
99.511
14.9747
52.7762
99.1828
87.3194
68.2241
93.3736
58.4225
19.5064
33.1004
67.3647
34.6635
76.1171
47.3375
43.7245
74.1272
81.0848
2.06649
54.4036
30.3393
52.2565
14.2494
76.3097
77.6845
80.1529
32.8632
33.6072
2.87814
33.9345
30.155
13.0656
71.6077
10.4884
78.9519
27.2101
90.9787
99.8666
29.3355
4.55845
25.8869
49.0843
28.2913
63.9686
3.73575
58.5907
59.9332
96.0148
22.9454
36.4313
8.82636
91.6838
3.19414
44.0807
8.16648
97.2884
86.67
93.9984
42.829
54.9682
83.8698
64.6184
24.2519
46.7759
59.1169
57.2273
58.1379
58.1062
93.8365
8.5126
61.4764
76.6194
92.0896
34.9534
56.5029
74.8167
19.4663
9.51431
76.8697
46.4568
18.082
74.7641
31.3005
43.8835
25.2166
74.919
29.1596
41.8552
56.3789
89.4578
30.051
11.8733
56.1153
37.121
2.92487
32.0224
58.6181
43.4012
28.2931
42.3347
77.7393
81.9285
98.075
85.0389
25.6298
38.2579
27.1948
98.2532
0.382137
36.4966
24.5235
85.712
90.0713
60.5759
96.1095
22.4582
2.08566
72.4616
57.177
87.1975
38.4671
88.8497
18.2024
0.455765
24.3659
99.7754
42.8129
90.0374
19.4461
83.3952
58.8452
34.9335
64.2511
38.5522
13.5356
90.6154
32.825
90.1296
30.5701
28.3118
49.509
28.5448
81.1372
67.1726
8.60436
77.2856
20.5171
33.5112
32.1952
82.7592
50.4029
90.3404
1.78754
1.94003
7.43838
81.8346
25.9445
91.9436
52.4933
34.4168
12.3872
35.4349
53.8285
58.2371
56.7038
27.1072
53.5778
87.3929
87.8409
52.5204
75.8476
39.1593
6.946
57.6995
45.6122
80.0909
82.1796
25.9171
71.5615
62.0517
13.7314
17.7172
55.0084
76.4721
21.102
47.1428
8.58608
59.0273
20.2937
79.8477
80.1306
33.8687
92.9881
70.2154
41.5918
60.7429
70.1128
98.8619
63.6566
51.0439
49.5649
47.6054
99.8914
20.8867
85.1468
88.2065
7.14689
59.0166
7.27621
44.9414
