20
20
6.99583
5.41327
6.85753
59.0541
2.11358
94.9188
92.0128
88.3493
66.8506
65.9345
63.5261
18.1122
57.1547
91.4186
5.1218
44.7154
61.2098
88.4882
92.9207
2.20588
76.2942
97.0448
29.8589
39.2238
29.7556
72.8337
67.3306
26.8848
75.276
30.5324
11.5356
38.7411
57.6437
89.1917
82.6287
61.7626
1.70831
93.295
34.1641
27.9199
73.1141
91.7928
64.7777
63.5057
30.2703
87.3601
16.7123
6.18214
90.0179
92.7426
27.9492
23.8947
22.9794
60.6684
75.0382
85.3073
69.665
30.9472
91.4642
99.1543
94.9239
63.246
29.4064
77.2981
3.84792
66.9547
25.9385
33.449
71.0557
26.8645
97.9954
53.7203
38.6219
17.092
33.1687
51.0831
16.9717
85.4024
36.7001
35.1768
86.4296
45.2968
31.9166
7.73882
6.867
46.6767
89.9832
98.393
55.3577
57.6998
59.8017
55.9833
61.8729
56.9611
94.1904
94.1826
9.32929
94.0816
58.3543
93.4187
45.8499
72.2386
14.2454
19.0055
17.3138
43.0463
87.4826
52.6139
92.1159
60.6188
14.8685
57.899
2.9819
36.0306
7.63275
23.3344
63.0891
8.38805
46.3431
80.3635
44.917
30.0608
41.7379
81.9716
50.8791
70.9071
67.6031
85.4158
21.9374
77.7777
30.8576
44.6862
77.7889
2.56714
17.1988
19.3238
29.6947
76.5069
74.6621
77.4771
55.5317
96.7916
40.4845
22.1038
56.2169
34.7652
31.6413
87.215
78.4857
72.3498
60.6818
65.3413
26.721
39.5991
63.6511
29.5845
52.9809
2.50091
5.87882
22.0067
72.5967
53.58
18.3843
19.4222
34.4181
40.4703
40.2245
49.9248
65.121
96.098
87.2035
13.8408
60.762
42.2505
84.9135
39.1504
59.0804
3.0277
20.5458
91.2674
6.4408
41.9498
4.68955
42.1769
94.7019
15.3441
31.3714
93.5995
7.58439
60.3321
50.9349
14.1378
89.3057
48.7241
66.5702
14.2855
82.0168
31.2626
42.2087
72.7582
69.6537
95.401
85.3186
9.06539
59.1469
41.2379
92.7216
10.4551
42.084
27.2243
11.4867
39.8203
87.667
9.44055
46.9526
25.7484
38.8829
95.8338
92.5538
9.67504
77.816
60.5758
23.7976
26.2798
93.4722
42.5839
35.1433
41.9377
53.4702
62.9486
53.138
77.3669
78.8742
99.4052
76.3321
44.2722
3.79579
64.2375
9.03397
84.188
22.5489
18.244
1.73434
72.0358
33.9257
45.0998
4.20504
60.93
34.4692
35.6081
81.4672
25.6734
28.0469
6.36775
55.7618
96.9142
43.7794
32.9709
35.5037
6.92222
2.05769
68.515
77.1114
73.8431
22.6526
71.5082
80.0817
27.1674
48.2661
17.2422
4.22928
67.7695
11.5617
32.42
7.62097
0.786584
24.1902
65.4988
23.501
1.13919
49.4677
55.4998
87.0435
55.6862
70.7703
46.4318
2.098
67.8762
86.9193
34.0043
80.0025
75.3623
32.5946
38.0271
93.4241
77.4409
54.8789
81.2092
94.4363
20.8881
12.3315
4.67357
47.0312
3.95247
41.6645
51.9668
50.8818
50.9132
32.8622
90.9659
39.167
85.4751
84.0301
68.2407
12.723
91.1046
37.9621
42.3002
29.5853
65.2765
8.56791
14.3649
49.3499
88.0884
41.6581
88.822
23.128
14.65
0.880073
9.35801
64.848
82.638
69.4607
35.4019
43.6516
8.41933
47.5246
28.5879
31.889
47.4823
4.13892
0.416729
17.1043
97.424
52.7419
97.3109
73.0051
35.4793
72.335
55.9417
57.7801
6.21985
77.2808
15.8161
95.9913
94.6396
74.2027
10.9039
70.9432
95.5502
62.9517
60.2053
43.8228
44.437
63.7683
8.18369
85.6469
82.5544
20.0773
69.4516
11.5168
46.1569
49.3714
94.9617
52.3221
54.7557
67.5466
95.2811
32.0862
71.1553
44.8341
86.9616
2.92992
6.47272
61.0803
23.2401
63.5983
54.8745
50.8049
74.479
60.9461
69.8415
83.3015
96.1639
85.9021
93.3329
86.675
87.6684
34.9167
68.028
