20
20
37.7589
30.0595
74.2309
20.0919
88.488
40.3806
68.7538
77.4651
30.2551
81.7016
68.5933
36.9543
56.8449
72.4382
1.1252
99.7658
14.6159
1.11968
92.9902
46.0788
63.7091
87.9545
97.4476
89.865
66.1479
88.4178
80.3446
6.79248
56.844
11.3217
15.3491
81.2727
80.877
9.19164
69.7922
12.7041
51.6892
73.6448
37.011
37.8299
77.062
8.98898
40.2533
36.4319
65.4495
13.0519
96.1226
7.91636
99.5121
55.3695
21.8948
44.1726
66.2784
44.9478
40.0734
83.1772
31.035
50.3857
99.5014
48.8821
73.2626
36.9817
37.0849
57.2145
48.0795
62.8072
40.6444
36.6601
70.8557
17.1818
54.9914
62.1949
38.4606
11.9038
1.62
93.4823
43.7446
82.4133
7.36627
45.6132
87.2101
89.0936
50.6177
71.5309
84.0891
48.9723
21.9296
59.8573
32.9348
49.7187
34.8684
12.6304
90.5217
35.0862
49.9763
97.9742
14.1643
31.5238
36.6092
68.5428
71.4983
29.8771
20.0776
72.8808
9.86968
36.5452
29.9771
97.88
48.0787
49.376
68.5167
72.7317
60.2446
30.2519
68.0248
95.2854
31.7234
30.3194
11.3992
32.2408
2.84789
2.2582
93.3576
81.5472
96.7646
35.8515
84.066
79.9441
60.4285
74.5915
1.24679
20.3703
69.795
86.2378
14.7452
77.7206
7.95951
13.6832
19.7166
59.3119
19.0991
36.5759
84.1513
24.6952
31.9074
29.6043
36.3954
22.7918
45.5708
18.0928
52.2677
92.0667
49.5424
29.4976
2.89209
43.4888
6.8913
57.4276
31.4928
30.9792
42.4416
25.4273
77.379
12.1776
56.5481
53.3962
45.3787
84.6082
32.4967
27.4484
95.0827
61.7194
28.8022
16.8027
16.3465
77.1885
18.6496
24.9982
1.01751
23.5589
34.9341
73.4135
71.637
24.979
82.0256
93.0471
52.1827
55.1356
79.6056
68.3966
70.294
24.1165
19.2221
12.8396
19.9371
11.5013
1.67199
47.8451
75.5557
79.9019
54.0158
4.60394
8.95226
20.3011
5.15308
87.6153
63.0389
42.2744
11.603
31.8455
54.2752
3.99975
36.0115
18.9916
17.5273
17.8057
16.421
99.678
3.56479
12.0653
44.6475
63.1863
7.43847
86.4085
76.64
41.8842
85.7593
53.362
9.96181
57.7035
76.7844
30.3127
65.7565
73.6476
88.7847
78.3137
18.4154
39.6141
2.13719
16.5491
62.854
37.1226
59.5915
22.4266
71.8906
59.195
40.6005
35.4802
86.3981
25.2406
81.6157
39.4656
0.494798
93.7166
29.1287
81.2936
14.3761
99.5344
49.2004
16.9129
53.1701
81.666
17.9412
60.5544
41.585
53.0648
76.0908
38.397
19.5193
31.3577
9.64474
25.8946
80.1841
85.2701
62.4751
57.879
99.5982
30.713
53.9505
11.5667
79.8243
36.4489
44.4202
23.4933
33.8545
89.9636
48.5665
94.0064
46.6219
28.5592
93.9661
85.304
27.9514
12.1081
0.688432
79.9337
11.8977
83.3587
84.5505
23.9154
56.2727
24.3327
48.6851
73.0443
43.4215
43.284
89.5728
57.4097
46.2554
58.1754
31.3344
74.334
13.1252
84.2383
64.2149
31.2699
12.3503
13.6987
80.7243
53.5221
33.5336
53.1643
47.8183
80.6321
14.4658
62.9345
12.636
68.3741
17.3993
79.4363
59.0207
94.4113
52.9158
45.5146
92.727
25.9038
94.8836
62.4364
84.2698
22.9659
57.3013
39.2968
46.6784
16.8509
15.4017
86.7282
84.418
78.0724
26.566
88.9877
68.5576
86.5508
48.3217
81.9031
86.9262
94.6788
89.6183
91.3182
98.2336
43.6319
78.2794
43.4318
85.261
57.1956
68.1167
75.1915
19.1771
93.8051
69.0472
3.74616
49.4271
26.6018
5.19189
33.7807
93.7125
34.162
55.8391
20.59
38.1519
85.0149
24.801
95.6059
73.2457
58.011
26.6434
19.4826
66.0322
13.7528
2.00749
11.933
86.4691
89.4941
14.6352
74.3169
9.52967
42.2503
72.072
81.086
9.26802
23.9834
