20
20
27.3501
89.7711
65.4938
6.25374
59.4017
48.5923
74.1778
21.9611
72.8144
12.1618
59.2397
14.6831
96.7218
82.4493
43.1607
8.05082
73.2621
27.3901
10.6925
5.21933
78.3783
42.4923
95.9172
30.4898
35.5637
10.6396
1.02355
89.3935
33.3685
32.6653
71.0501
0.0857982
77.7682
95.3531
87.3228
41.8581
87.9598
62.2737
56.5583
16.1081
92.8982
81.6495
11.9897
50.5719
98.8166
17.4704
87.5054
5.69881
27.352
95.6862
40.9494
39.0234
86.1844
65.1292
62.2762
42.4685
19.0903
45.7303
14.159
32.404
8.66933
12.5661
99.1052
1.43964
16.1477
32.1002
69.4221
56.9373
34.3331
28.722
82.927
5.28692
45.1029
92.0359
86.837
58.3977
55.8242
98.2312
33.4871
71.6517
77.0361
72.9169
90.4011
34.9341
59.3735
81.9902
88.3693
21.1518
60.6238
64.8864
65.7771
42.3035
46.0435
17.2635
84.9387
44.6139
16.5872
62.0649
8.98209
89.7826
81.7221
86.7164
59.6019
42.939
90.2003
42.9153
74.8452
69.3115
43.8912
18.0211
86.2874
86.1272
9.9806
18.3691
49.6747
83.6684
87.1631
58.9667
3.24273
6.51022
25.5397
98.0624
19.703
73.6616
45.8107
6.00929
99.6004
51.287
77.8421
33.6516
27.7662
56.5145
58.3704
67.3994
72.8168
54.7881
55.6498
54.0109
0.895647
54.6712
41.7072
89.2808
19.4942
21.1004
69.8999
12.9427
18.6541
43.1105
30.7943
71.9527
29.8156
28.4124
32.3399
25.4612
68.6819
57.3502
63.5836
11.5308
45.0743
50.6202
52.0942
56.3477
89.0465
60.8459
79.6465
88.0633
35.8467
78.7349
66.4397
39.9563
82.9125
11.0731
67.4284
99.3751
93.5876
83.2387
22.6353
45.0199
47.1146
36.2662
47.587
16.8076
14.2537
87.5908
64.7544
99.4126
50.8791
15.5367
34.2938
57.2353
15.7158
38.5364
43.5905
72.5786
87.2089
83.5183
80.9365
78.4725
25.6544
1.27435
81.988
11.546
42.1604
59.3609
36.7739
32.9417
9.78482
44.7157
89.0282
14.8657
72.589
80.961
58.5925
16.5714
63.4982
37.515
9.9552
54.5842
64.4051
34.0931
73.7292
83.6978
78.8176
26.3397
85.9002
47.465
84.439
52.9128
88.4007
12.7707
95.0742
70.3129
82.1115
96.097
76.0369
26.3994
30.6861
18.282
74.5047
46.9587
33.6114
95.1859
56.7461
83.5079
95.2442
34.9762
61.5187
16.5602
23.6873
90.6038
48.3811
9.58651
43.6763
50.3469
82.5621
70.841
22.7946
66.4324
87.9281
57.8327
94.484
4.44428
23.8099
71.3506
87.3458
31.7584
27.2552
32.2211
94.727
42.2177
68.2753
21.9103
97.6159
2.75575
28.6274
99.7912
52.4237
73.6745
10.1354
48.2521
47.6122
92.3672
91.3837
25.4449
87.3399
63.6127
16.5392
22.3349
45.338
47.1038
23.7962
53.2399
87.3984
41.1999
68.0727
13.2364
89.0838
74.1062
72.7359
80.4458
20.5978
72.222
29.6629
73.9091
30.1783
94.3498
43.509
4.92957
44.8391
51.2276
13.2674
75.3636
85.9798
96.3904
99.8256
55.7798
67.4085
83.0195
49.993
66.8148
29.0931
86.1663
10.5263
30.9525
30.2848
21.9587
70.1706
7.0663
64.0385
86.1089
86.2963
8.19772
83.7432
12.7363
46.9964
49.4659
36.0922
60.8376
69.1021
51.4948
29.4446
17.9069
89.4462
45.1479
61.0015
9.4234
22.5485
21.9353
96.6251
24.9459
57.4478
81.0061
43.9129
99.5703
35.4722
86.0532
43.8718
29.756
26.7468
81.3414
94.5507
13.9292
18.9438
93.4033
51.2787
64.2496
56.4517
23.5837
87.9496
82.0219
85.2201
5.17919
14.3922
28.7302
25.2868
24.4616
24.7587
46.6031
61.5238
11.8891
22.6662
38.2605
66.874
19.999
91.1307
1.60516
58.2338
42.913
42.7734
52.5486
26.2527
91.1102
94.8163
80.1647
46.3716
43.0534
19.3309
83.4729
14.122
98.6094
