50
50
42.9556
63.9474
6.58173
34.1723
77.4263
13.987
26.4316
41.7863
63.6251
10.5711
1.13174
50.1584
9.49411
49.2224
63.1585
20.8721
99.0896
81.2868
26.7288
37.6202
18.4738
80.1206
89.8382
19.0563
36.1263
45.0448
7.92836
35.8556
1.69718
63.5825
18.8164
33.3091
35.6415
50.1875
71.7301
48.8096
27.2545
19.2677
93.0209
22.6218
83.8766
77.8964
50.7136
48.1387
36.5901
91.4909
42.7536
56.4092
57.5064
52.4814
27.3204
24.1929
95.6591
74.9488
15.4759
37.795
11.9042
19.6615
44.6181
77.1258
14.6803
44.4684
72.8677
75.719
73.8861
61.6003
7.94453
85.79
6.74709
91.3441
43.3813
39.4076
39.8232
54.4255
58.3325
60.1834
66.1142
85.1518
64.082
66.976
3.3439
4.00255
84.6085
32.7166
91.4615
83.3627
66.2721
83.8409
18.8732
33.6191
57.1445
57.7638
92.2544
28.5122
94.2943
14.3676
31.9076
40.0625
56.4683
66.595
43.632
12.0643
41.5977
38.9427
67.9085
9.34339
91.682
35.7644
34.9897
72.1666
71.71
29.7997
94.7688
47.5265
85.6017
85.3851
74.4697
12.562
51.0898
84.3735
59.2131
48.0084
46.9932
41.4703
76.6684
87.4391
63.8731
78.2583
97.4402
43.9181
63.7231
26.3043
3.80917
50.3322
7.88363
13.3063
68.4199
59.7013
44.3918
91.9688
65.591
87.8069
55.5112
12.2353
36.5755
91.1295
87.4513
51.9132
30.5051
80.6229
37.5447
5.00459
10.4037
17.4023
67.943
42.6843
84.9891
68.1155
98.5113
14.0956
90.292
37.2439
31.0002
13.2262
69.1086
14.3244
84.3503
49.0952
96.0716
8.92628
75.3082
14.7395
19.6223
23.4923
50.0446
50.812
26.93
71.8977
6.63954
60.1371
41.7924
4.83092
76.2712
73.2752
55.4115
53.6791
9.66099
74.1682
55.9177
23.1717
10.8745
3.35456
73.1519
69.9618
25.2012
81.8761
87.3967
11.9682
14.1207
18.5111
12.8249
16.8908
0.259943
10.453
42.8027
31.6275
91.749
21.4488
79.3692
33.7897
69.4085
11.2307
84.3608
74.6615
83.3234
52.3407
22.4202
1.01628
37.5869
26.8986
76.6894
62.9699
96.1296
12.5803
90.681
97.7267
81.8409
88.3419
44.17
86.9128
36.4214
1.9969
5.89233
30.1026
55.1139
25.4807
49.816
86.6729
9.73641
55.0021
79.2033
42.3276
64.3581
6.78098
58.9016
24.5893
62.4072
20.8047
30.4716
44.9799
37.1972
1.2686
33.3291
89.8846
93.532
74.693
20.9195
41.6366
94.4819
40.9485
16.1211
19.362
74.7821
0.0458544
40.5038
73.5037
76.655
15.0852
69.9895
97.6717
74.4964
67.3785
89.4404
77.1091
91.9587
75.7455
17.3078
12.4933
64.899
26.3016
45.0584
2.33491
2.60595
86.0385
50.369
57.9129
87.262
72.2258
93.4285
52.4597
90.7094
70.063
62.669
10.9294
88.1915
24.8186
89.7931
24.0557
20.4176
97.0638
97.7865
67.6472
35.578
74.9252
25.9264
61.2595
11.9194
47.4896
43.5003
3.65122
41.3726
74.704
67.4553
14.3728
11.1646
54.0493
58.3801
75.8669
54.849
76.7665
42.6526
24.54
5.37767
18.3611
91.2491
41.7802
51.0681
0.708276
90.2466
64.0786
85.9286
11.4365
37.0413
23.2327
26.6428
9.84894
31.229
15.14
11.5265
66.0856
80.9698
95.2751
95.754
60.4792
38.3475
7.86869
49.0476
63.762
22.7781
24.7983
5.74439
94.8475
68.0576
15.2303
56.1313
90.1319
83.5255
52.3411
32.7788
10.7641
2.68057
82.2268
52.5214
59.2345
19.2333
54.9869
51.5851
39.3204
73.9963
18.7074
32.847
2.23419
91.5678
46.3274
72.7884
54.8742
15.8248
85.3699
39.7689
46.0433
7.74894
56.0007
11.5377
15.9063
27.9269
54.9889
37.2998
37.0759
38.9813
7.36292
99.7544
77.8372
47.0552
12.095
11.6177
6.17206
32.2295
87.9703
86.2338
91.7157
7.45737
52.8423
22.9929
93.7928
87.1866
2.77189
27.6577
97.8289
66.1535
88.0551
50.8431
31.8206
11.3917
82.2215
15.2419
21.0459
68.8142
31.6873
81.592
83.1589
6.82928
49.8239
33.3087
41.2702
4.60298
53.1569
98.4382
29.8265
95.5131
64.7184
59.2631
59.8656
50.0853
9.40385
76.0972
53.389
64.7977
30.4115
94.4614
94.1063
20.5171
61.8099
82.6271
63.7042
24.1857
36.2583
10.0283
52.0052
32.8605
9.44949
81.0079
44.3757
22.2206
66.9568
55.0419
95.0731
57.4266
42.8822
85.3251
13.4015
77.109
14.1591
80.4753
58.0541
29.078
98.7235
94.4358
58.335
16.7609
87.1929
13.2989
15.9041
61.966
90.1126
44.715
16.852
62.3348
71.1864
62.1095
16.9829
58.2378
71.0561
84.8549
54.7575
88.7742
38.2034
94.2772
26.9073
76.6581
52.9697
24.0396
39.9887
56.6971
35.2739
82.0197
34.1696
7.23593
54.4731
35.3738
26.5297
19.8916
60.815
91.5014
88.081
0.705412
23.161
82.1888
74.4294
42.5071
1.51433
92.9786
57.0254
48.209
49.0165
95.2079
25.2038
47.1096
95.4612
89.3961
30.9053
90.3229
75.8221
8.77531
71.9271
35.3793
50.4338
41.0491
32.7488
9.30179
45.8943
87.1788
7.86322
5.47456
92.5292
54.2123
52.2216
66.4015
31.1326
51.1617
84.5246
5.14859
92.5883
80.7486
80.0081
79.6532
2.51216
87.6765
68.3016
28.8117
9.54999
48.2296
93.3412
55.2774
26.9713
0.519471
12.7619
66.532
94.9466
32.5412
3.73915
95.7547
41.2263
52.4714
51.9294
29.0185
75.0477
22.2585
33.9716
33.8145
70.9234
76.6258
40.9951
11.3156
72.6405
40.7132
39.1771
34.8919
72.0419
63.9562
70.5022
36.1061
83.2093
96.513
96.3059
34.3898
45.5749
96.5412
10.1813
94.5483
11.432
48.3467
79.094
48.9294
99.0377
19.7578
79.3054
6.01198
47.3542
95.7285
96.4877
43.3808
64.0599
72.8106
65.5701
18.3297
6.31306
16.9207
64.7065
68.9361
86.7769
23.4165
54.7459
43.6537
11.2295
96.214
6.55628
51.3635
39.8926
59.9595
24.3481
21.5654
25.7419
98.675
51.7023
17.2372
28.0499
18.6463
49.5929
69.828
71.5844
94.1295
49.4922
65.9777
21.9238
1.09321
38.288
6.13511
65.9291
61.0574
32.8746
89.7313
68.579
95.5365
60.7823
73.8306
97.0606
56.9152
87.9377
4.37871
85.7674
89.6035
54.103
39.138
56.5908
20.2282
71.6661
18.6471
8.42195
71.8969
36.8827
60.4024
46.5042
88.3649
11.6663
46.9015
69.3069
4.2344
59.5465
90.5858
49.8502
39.1429
92.7914
65.3904
37.35
52.3956
4.326
26.4568
46.2418
63.9864
9.82737
33.5847
63.0696
3.41397
53.7605
13.2142
40.9158
78.8658
91.4614
47.183
80.5595
44.1618
64.484
72.2059
40.1755
76.2009
93.1466
57.4911
80.5405
11.4521
83.8526
86.1818
77.4722
99.6262
1.74758
52.795
90.6605
14.7496
83.7463
34.6934
54.4129
12.8329
22.342
23.3508
16.4061
90.3215
14.6513
61.0878
10.7257
98.5991
9.77786
30.7958
91.3795
37.3308
51.004
18.2937
1.86569
58.7846
78.1305
10.6577
73.7262
56.8672
70.2761
69.245
87.0172
43.0146
45.6443
41.591
58.3711
54.3366
73.1496
68.145
61.9692
3.03854
89.8824
27.5651
58.9281
93.1251
30.1545
10.5097
14.031
18.5285
21.2888
28.4052
74.587
99.0199
85.496
19.0991
71.5199
20.6626
58.6636
83.8195
85.6248
44.0761
95.4051
76.5761
83.4976
22.6156
5.80055
52.2534
57.5749
38.7582
10.888
50.1234
32.9143
13.2518
89.2925
25.7698
54.9294
49.4443
32.8254
90.1583
69.7206
51.9314
65.3614
86.6874
93.784
71.672
14.6118
19.6248
68.6973
78.5948
8.04374
37.7305
59.4425
35.6033
85.1528
88.4705
8.79894
85.3518
59.1259
40.1159
60.2158
3.66536
25.3605
50.2041
62.9739
86.7329
34.1635
22.7355
51.6203
61.6159
5.3916
39.7516
58.677
73.2567
96.7334
13.6999
46.052
92.7919
6.38206
14.8616
86.45
84.9755
98.9025
81.9922
48.8992
9.59117
41.5757
7.01295
17.9304
66.9034
54.6974
3.35029
20.8841
2.31864
84.724
16.8109
1.60615
29.8772
86.3308
38.1772
15.5829
5.99071
64.701
79.5297
42.6826
51.895
55.1866
14.8972
88.6268
92.4492
98.8003
45.2436
9.8529
94.9552
62.091
37.6603
93.4654
78.4822
99.5686
70.8596
19.5788
13.5922
55.6649
51.6704
94.7587
73.4208
64.1347
78.4688
18.6217
82.6376
16.2604
30.7245
18.8079
72.9832
56.513
58.4228
1.52688
69.8524
41.8492
3.92994
2.40123
44.3118
80.3344
37.6778
96.0828
44.5537
93.8229
86.3506
28.2956
40.4031
35.5537
27.2107
43.3962
46.3019
26.7422
5.05684
2.74789
49.3466
51.9919
44.6881
76.3041
51.647
19.1819
54.6352
90.6053
82.5371
90.2528
19.8787
74.0507
47.8738
57.8761
19.2025
47.036
71.311
71.6035
47.9171
30.0886
20.4142
45.6506
32.7175
38.6866
26.1119
19.5039
27.6275
41.7841
74.6736
11.3339
29.7688
84.313
50.2657
75.8776
49.3215
45.8402
95.5142
75.9228
47.0579
94.5236
93.3323
16.0465
33.5439
28.4782
75.1996
53.8568
57.8552
11.5924
27.8946
78.7078
30.0869
55.2624
2.47917
72.0731
63.0402
62.1879
95.4102
10.413
44.9506
43.4305
25.9153
99.1368
73.5935
66.9595
73.365
58.209
58.8463
43.3931
78.1523
84.1426
34.3184
36.9102
9.28762
12.9556
6.79473
52.0228
57.9162
66.2608
47.5997
52.7345
35.4094
65.8023
46.2654
54.0742
59.2873
99.5455
7.32945
56.4591
9.74488
49.0508
49.6473
31.0835
39.5554
66.4363
17.6127
36.2817
94.9534
3.83626
52.471
62.0622
6.31259
79.6347
68.5468
27.5857
43.7033
40.9511
30.9082
20.7082
63.3428
30.8423
20.0998
10.8778
16.9414
67.6586
35.6542
6.3154
95.2407
90.1079
6.79965
86.358
90.0258
9.05764
17.6383
47.9705
73.9421
19.9204
68.943
15.7633
11.2179
23.3615
58.8737
5.48525
15.7111
93.7895
79.2442
23.7369
41.7449
22.6184
0.905432
94.0724
48.7761
77.903
6.7674
29.6554
13.1927
79.537
28.7429
18.742
53.2468
85.3696
40.1887
22.8133
69.4437
12.3274
19.2645
85.9974
77.2074
50.7566
41.0481
66.4122
61.977
74.7629
25.3296
7.23648
8.48797
79.1422
24.1001
88.7874
71.942
48.8124
46.9099
50.4872
13.8697
79.7842
18.0044
68.0596
32.1158
38.9908
40.4293
30.0732
81.2798
97.9101
27.356
40.2725
17.7678
11.1739
59.0985
46.8358
60.6472
68.7126
93.9471
40.0537
41.4627
72.9524
52.6574
4.9681
15.381
20.0518
1.48821
55.8526
29.2951
86.7728
41.0571
3.82193
83.23
90.5167
28.6973
58.5575
26.3293
34.8862
3.52448
89.1602
87.0855
21.5061
64.0037
5.95006
93.4524
85.2607
67.8085
69.3428
71.3061
56.8344
34.6189
29.784
4.43608
13.9184
5.76722
19.0016
36.0421
4.94236
96.5546
22.976
71.5218
40.6298
23.0876
83.6814
4.86942
82.4065
54.9005
62.8968
0.549899
26.9979
25.4582
22.4383
21.8231
88.6111
90.3852
44.6431
55.5591
56.6143
66.0296
99.4544
92.6979
4.60083
35.5042
27.3268
93.8325
79.8448
1.78731
34.7511
56.6639
54.7282
66.7623
11.4931
98.9426
9.43725
90.7404
14.4757
15.2263
30.8398
35.5545
33.3081
23.5623
56.3064
58.1548
32.3485
37.5433
15.7268
3.19012
80.0879
19.9368
33.0775
97.9944
21.2838
97.386
63.6525
42.118
83.5439
2.83204
90.8632
21.3829
22.0588
84.5638
72.1037
78.2688
64.6073
10.2216
30.4996
80.7422
74.0033
78.385
89.3632
89.2043
91.7314
50.9419
25.6234
65.3496
29.2375
5.87219
59.4923
68.7818
44.4111
89.5623
80.0133
52.5194
54.9021
88.1186
2.18529
2.52323
18.8996
13.2982
15.2833
19.3701
42.4471
35.6388
15.2902
88.3065
53.4347
34.235
67.4587
82.3836
81.3353
76.0306
98.7968
35.7063
42.4854
44.6066
18.8421
12.5245
49.0367
60.4909
25.1184
82.2561
7.15784
98.6942
51.6159
33.6891
2.34184
72.1425
89.9125
16.4409
22.6619
62.6426
25.1743
57.5229
57.9834
18.5752
26.9303
79.374
44.989
89.5556
51.0806
37.4601
36.4551
1.14669
42.056
39.7248
74.0298
26.7716
58.7774
67.8402
67.3444
9.80048
85.7554
94.8688
41.2044
90.9682
24.1381
28.8105
83.6071
3.94157
44.1362
6.60555
60.77
49.9575
71.2313
56.1699
21.568
40.9719
55.6087
42.9139
70.0953
91.9205
22.6021
90.5174
13.1463
25.9926
61.6509
51.7938
8.65749
6.28721
30.7261
77.9567
67.7977
4.77732
13.3286
58.5044
91.7765
30.8923
53.4095
76.9744
33.2721
70.9961
68.1605
84.5729
35.9099
2.64621
29.1649
38.3042
36.4094
91.8088
56.1576
39.2643
95.4382
33.7471
82.1074
57.1475
33.9839
97.028
95.599
59.1305
71.3275
54.0038
5.64537
85.8038
72.813
29.5082
87.4838
50.403
29.2449
52.3609
20.5512
35.5097
82.6971
5.31405
52.7161
81.5828
69.8223
67.1656
55.7622
46.7357
66.4229
51.5737
89.6638
3.90817
93.6546
28.0789
6.73825
56.1923
71.6715
47.1066
34.722
12.4586
36.6096
82.1756
74.7381
47.5422
92.1593
16.6021
11.6025
85.4871
32.3328
82.4454
43.8683
64.1612
12.6443
77.4114
81.1304
17.3332
30.6141
38.4167
14.2047
57.5307
47.4794
23.3654
25.7282
95.4761
77.5357
58.1857
1.03288
41.6465
29.8078
91.7469
19.9581
52.7747
35.9942
11.4397
20.2352
27.9495
12.443
12.3857
43.9028
76.7286
86.6426
92.0315
29.1155
33.8136
45.5071
95.3927
41.8247
9.75029
35.7364
39.4551
13.02
43.6813
17.9135
44.6743
36.0557
82.4681
61.9119
10.4264
70.6463
91.3641
56.5884
71.7515
53.466
75.0717
11.2667
70.4781
71.8629
52.9043
72.3092
59.6197
47.8137
31.5248
62.1315
28.3545
63.0482
11.7673
65.1316
86.884
43.0699
44.7137
60.9431
74.7947
43.6723
26.3009
58.1884
90.7111
12.5957
1.73139
76.8949
65.9676
23.4438
72.8507
44.5741
33.0291
98.6633
22.0883
9.72826
90.7502
90.298
74.7986
95.6876
89.7821
75.9747
70.2169
95.5245
56.1408
15.3998
12.1979
57.4759
73.5879
17.2075
25.5997
62.5908
95.5596
25.2243
47.3789
69.5328
99.851
79.4299
51.8625
93.9369
76.6228
26.2853
97.2327
29.1016
94.0567
12.1804
77.1617
5.39415
14.7511
33.6935
67.913
68.0355
96.3401
55.447
80.3313
42.5779
17.8343
92.8291
40.499
32.2845
33.1785
13.3329
9.99003
38.8743
97.1177
66.3878
15.6841
44.9116
9.40571
41.0797
69.7079
13.7766
54.0018
53.4442
2.28436
52.2225
87.7646
69.7965
91.1713
78.0069
31.3702
36.1102
86.0202
36.4536
42.2155
68.4431
5.78379
76.843
23.3437
46.4277
86.9021
58.2926
92.1858
31.7435
79.7698
0.0869654
17.3257
27.8295
17.2842
66.3023
35.3335
95.5721
43.0471
95.9837
95.349
62.868
87.0382
95.2307
19.6842
50.59
98.6133
63.2878
11.24
59.4941
21.8243
83.611
73.3754
46.3075
40.5868
63.1784
53.1754
67.1359
7.83276
56.9277
81.5577
43.1986
37.1552
8.26651
9.83786
36.7089
61.5897
72.5222
11.198
56.3115
78.4065
7.71852
54.6015
35.8917
78.4361
81.1228
67.1663
12.319
0.084558
11.8579
39.0218
84.3993
79.905
65.6917
28.5903
38.8394
25.5084
91.8109
62.891
49.6792
33.4646
69.0049
59.2378
29.3764
93.2879
47.6366
68.5098
19.5228
48.5051
36.4583
33.9925
29.3898
35.3684
67.4238
89.4789
40.156
62.6498
51.6936
44.1031
57.1248
64.0853
1.18977
18.9449
48.82
16.9692
56.6151
65.4229
17.0163
53.8922
85.4077
13.493
54.6846
63.933
46.4059
55.2064
97.9394
61.2313
59.0019
88.6942
12.4644
60.3288
96.0213
96.0349
39.0133
71.8956
91.4573
60.1674
96.5477
90.6344
69.8146
12.2389
82.6404
74.3026
59.4241
84.1309
44.3488
74.7763
52.2756
77.8986
48.2176
88.7997
2.15217
50.6738
17.0782
81.1157
70.8794
64.4767
61.303
39.6036
38.8293
76.7541
64.7845
38.8544
54.17
50.3844
26.0152
78.3635
77.5805
62.6886
23.8927
6.08857
46.7014
3.22401
20.7611
87.0668
72.7319
90.7113
8.62478
0.0694524
45.0498
48.1898
59.7883
61.7175
19.7983
82.8752
54.1091
90.8447
7.80736
79.6227
87.1132
82.8003
14.7812
17.5433
75.8536
57.2289
55.5946
9.01694
80.6901
79.1829
2.17844
6.81342
51.7265
71.8867
60.4031
30.8788
0.422357
84.1756
80.3621
76.9413
71.2522
65.9079
92.2939
33.2268
17.1928
85.1461
51.4485
81.212
96.0146
61.2426
7.12354
5.33647
79.6163
61.241
96.0288
20.2285
85.9537
43.4376
85.5941
55.496
65.5369
48.6828
58.5675
35.8227
88.8635
39.4647
42.194
98.6602
61.7727
88.0922
31.5554
20.8613
80.9731
73.3584
47.8874
6.11285
64.5274
68.7697
29.9758
91.3078
68.0858
25.7415
50.8386
14.7376
1.21351
58.8874
51.3866
47.0107
26.3551
27.4265
9.46548
86.5055
2.20604
56.5318
75.7187
93.6586
19.5851
61.5525
29.5966
44.5732
83.1344
95.3339
43.0265
8.10299
33.3187
91.6278
99.9363
67.1236
89.1045
43.8082
37.9451
10.1448
82.6942
5.77132
94.0153
51.0989
33.7848
24.5255
3.32872
49.536
94.4039
74.6461
3.44509
4.77419
4.40404
21.3281
45.6174
8.10532
42.1602
71.4305
22.9107
9.71915
43.7887
45.1557
58.0267
97.2367
90.2414
39.2588
61.3489
80.1074
12.333
53.409
79.8697
8.84388
51.8418
24.8808
93.3937
67.8039
54.6895
54.6473
99.6382
23.3964
59.1948
68.123
47.0627
32.1252
75.0668
93.3172
94.6633
50.4385
2.96269
35.4518
32.014
55.146
72.2581
73.5845
24.1721
53.5137
18.7368
67.8141
11.9317
72.5934
38.8369
37.9609
72.9174
55.0153
23.2418
44.5949
55.6154
5.10933
63.4379
18.7328
99.2161
15.3871
64.0543
72.2514
75.1264
51.6309
94.7349
88.1059
25.3014
24.288
68.1608
88.0757
93.9593
27.7987
75.9884
86.5896
14.3757
52.4916
48.9038
56.4045
80.3245
51.4876
60.1074
6.15701
97.3902
80.4788
8.82682
82.1388
75.3859
79.9118
73.7075
47.3492
54.9491
20.4345
37.4691
94.4142
22.2519
26.4397
39.424
69.9088
44.7351
96.1366
72.6857
11.8572
59.3748
36.8274
45.2061
47.4391
58.2177
9.26699
3.17977
47.5164
11.9776
61.5679
33.6134
99.5321
85.5896
46.6597
64.4524
38.0906
41.5265
30.5281
94.4261
26.5056
21.8192
53.1203
75.924
17.3616
38.0086
11.1588
28.3964
47.8719
79.362
99.3768
55.9371
78.6613
5.01081
71.7351
92.934
47.4446
19.7701
44.7527
1.37823
50.8534
11.622
71.5807
15.4238
61.1537
0.575951
6.87559
91.4154
91.008
96.1197
28.7855
98.4597
31.0982
35.953
58.6171
25.6826
37.3769
41.6176
11.3092
46.0818
48.0798
22.062
50.6505
43.5703
95.3493
33.3789
22.2233
11.557
90.4359
35.0006
31.7101
43.2176
1.11254
95.9598
59.2503
52.7951
21.8346
89.0212
63.6361
11.7811
91.3882
34.9324
43.4025
4.06711
26.5357
56.3517
0.249534
62.4255
49.6074
66.3643
94.1017
85.982
36.1409
82.441
91.9998
48.19
82.6217
90.8421
70.8214
82.3669
36.0232
67.6175
66.8155
22.5722
60.1512
58.511
76.1594
42.0983
0.71216
77.4558
49.3603
89.2855
32.1062
52.7891
17.1839
24.0249
18.7238
26.4957
4.8366
81.1523
41.0976
91.8925
48.5557
4.48831
97.2067
65.7557
18.7393
51.5109
13.5971
77.0903
64.3948
68.4463
65.3337
63.5843
70.913
13.5893
74.189
0.614774
24.0072
7.91879
44.4741
77.4578
51.1113
57.5258
8.45938
73.5936
77.1448
99.2082
31.5104
99.2154
31.7489
20.1899
28.3288
33.2871
48.1445
81.3787
91.4557
77.6092
90.0235
13.4919
54.5466
90.6388
47.741
34.6061
41.8676
89.6562
85.2002
36.9877
19.9242
25.3313
16.8285
97.6414
61.8956
47.851
52.7409
88.4424
52.2079
61.1452
57.1737
25.2564
86.5556
63.8003
84.1359
97.54
25.9474
45.1556
13.8461
50.9026
95.9144
85.9028
56.002
4.21036
52.3293
95.4318
40.8069
3.08811
94.5521
59.7171
19.8196
5.66969
77.0151
91.8009
86.3756
62.9243
59.1366
38.4445
3.90883
36.5642
43.8504
49.8209
43.8345
63.2884
3.12185
95.4997
24.3677
8.42661
44.4818
45.5286
24.2504
5.92408
8.33591
84.2127
12.4281
68.6003
99.9635
91.9722
56.7265
61.0632
27.5923
82.2833
27.4944
18.1417
39.9156
0.373035
60.9254
1.92661
96.7908
72.6068
44.1558
77.7963
42.4483
65.0761
85.0703
81.4787
11.7576
27.4954
88.6337
38.1963
66.5499
78.8546
79.404
31.6774
39.626
88.1422
78.4809
64.8241
93.0801
6.80482
69.6482
64.2327
72.7768
44.0314
75.7599
64.0185
13.3979
30.5812
70.0873
66.3883
64.7961
5.50038
62.6629
17.6344
47.2306
56.1906
14.4439
93.8057
37.3856
1.10381
83.4252
48.6747
58.5243
17.9385
31.3114
85.5081
72.0062
51.8773
80.3241
66.5438
85.0646
40.7934
34.2055
46.0368
46.6478
18.3081
82.29
70.6543
34.0599
87.1458
35.8891
84.9829
21.3524
74.2928
67.4668
89.8779
68.3728
53.0448
10.1028
86.0312
61.9203
50.3746
14.949
37.143
36.1059
46.2724
88.7691
58.9631
89.4346
96.5342
10.51
75.1815
55.9714
90.4327
27.286
85.201
5.13644
92.7684
78.6647
7.38699
21.1601
35.0837
20.1403
26.8699
87.5499
51.3005
39.1616
86.0714
92.7119
42.364
43.0974
66.4623
0.163816
68.6944
24.5352
35.6073
17.0078
96.2347
52.0432
40.2576
31.2717
89.5223
63.1969
69.2731
86.0018
64.6719
11.9316
29.105
18.6584
20.3104
78.5438
4.23383
56.6674
85.6304
26.4726
11.9058
14.6892
23.0779
5.56959
56.2543
22.8495
15.7019
39.1317
75.5923
49.7589
19.6043
18.2572
93.8379
15.511
39.1937
38.25
56.0095
84.3616
88.4178
9.16052
87.3902
3.93998
47.5709
38.3818
30.9779
98.4924
50.9459
10.5933
27.0453
88.1088
71.3611
39.3227
86.4234
81.7589
68.3507
77.0596
92.8856
97.9325
52.9662
68.0312
62.7292
77.5008
50.3201
12.1792
78.3247
90.3109
22.8963
56.5963
29.6562
19.836
59.4236
89.974
14.0788
92.7029
72.1889
17.0495
63.0753
1.42113
28.5224
97.3541
89.1049
27.6957
83.0982
63.1554
56.0332
32.8695
81.5
48.6826
87.6591
83.2428
50.8695
58.6936
45.6613
51.9962
81.1556
4.68943
9.49076
12.8003
54.0806
84.3783
77.7506
17.8933
55.807
22.5305
95.9448
21.2409
44.1087
61.4683
34.5087
71.1321
15.2384
18.5768
16.0186
96.8357
20.1946
84.6558
1.99498
76.5649
42.5346
75.8575
4.94945
62.0258
55.6965
3.13449
42.5862
3.30187
81.5636
70.8329
76.8827
12.2615
84.1035
87.1286
41.6676
88.2559
48.9627
28.1731
53.0141
87.0437
81.5673
90.9002
72.1846
41.4802
70.7954
9.52283
43.9701
72.9746
52.7931
38.341
84.2773
30.5259
0.308352
96.5375
38.9173
3.93821
95.4442
46.1688
78.149
55.6461
68.0734
31.2455
74.5248
6.88684
91.196
56.3187
13.7759
57.026
3.80247
27.527
5.20914
40.0648
67.5707
66.3596
17.8366
78.9904
20.3891
1.31832
34.3237
21.7694
91.8527
80.4834
38.4121
91.2404
50.3509
73.9339
40.7205
8.10237
97.8587
88.2915
90.819
53.4723
67.7246
41.6178
43.6537
82.9354
24.8008
84.843
79.2415
50.9964
62.599
15.3195
14.7573
85.6247
13.1656
86.8157
71.0986
26.4063
44.8775
42.6206
29.2704
19.6782
81.9112
32.136
40.9254
94.7163
68.5775
10.1896
96.9471
4.47011
87.5323
39.0385
6.45959
61.285
85.6823
40.62
2.27747
37.4637
8.7259
34.1386
67.2091
23.4659
8.60883
55.3232
24.8823
37.829
67.3671
62.6383
65.813
98.9483
63.5367
32.5644
96.7097
54.2078
21.5841
99.0541
75.6792
98.0217
25.5373
46.3442
82.5588
59.5779
31.6074
75.7485
67.3995
50.425
74.6525
51.3278
99.3711
