50
50
22.0065
5.56577
11.4951
5.42927
52.676
27.4243
83.8111
89.3564
45.4885
77.5444
75.3811
96.7836
55.7231
79.9646
72.2342
40.097
42.0312
86.7786
30.8494
4.45091
53.1601
27.4675
47.3018
73.7102
43.2805
57.3341
17.7711
92.4253
40.5615
5.20452
34.0693
22.4916
90.9342
2.29092
64.901
27.9649
63.4819
98.1732
25.5032
73.9569
40.8493
24.6166
92.5878
22.2674
69.2445
83.5951
0.0634086
95.6537
67.4363
2.26553
37.2524
27.2697
52.028
19.4555
6.14582
27.6786
71.453
41.1789
82.831
14.8344
56.1888
16.1172
1.10005
51.4636
33.2515
40.1055
81.942
35.156
8.6865
76.5732
17.6985
38.2409
21.5061
33.2088
53.3003
79.8442
40.4797
99.4349
75.6966
59.0037
97.2649
74.6949
93.6156
2.60567
85.0543
52.2271
8.84643
96.884
81.4612
47.4353
0.50876
40.5567
22.4919
18.8121
58.9773
46.8603
7.60258
65.2435
46.1544
18.4252
69.3008
86.3268
11.2684
55.4486
53.121
22.9477
37.7991
53.2232
97.2173
52.2968
3.64823
40.8417
49.9282
5.53282
7.25381
59.2791
5.14531
49.1407
30.2389
80.8575
31.7739
3.36528
0.933485
94.3641
18.6054
89.8164
52.7828
80.9159
68.0572
39.3872
69.2604
67.9604
2.59471
24.9798
82.2372
91.6147
3.2103
83.7907
57.9005
61.7145
47.6105
39.3734
77.0641
13.8543
33.6368
17.0826
83.4246
72.5739
21.0648
88.6283
87.8561
51.7331
53.6732
29.2832
28.4275
44.2118
24.1185
53.0161
83.7031
24.9477
17.8998
47.413
42.9666
54.6156
65.6667
79.171
12.2554
75.4045
44.9406
62.547
20.0704
13.8021
29.3093
22.4263
70.5868
9.73788
43.8828
81.6894
9.9617
58.2246
89.2158
21.536
42.507
56.2179
6.45668
2.60504
90.5876
78.6266
31.3635
63.6711
8.76827
91.5371
81.998
25.4208
92.006
52.5078
88.5986
75.9517
69.0728
1.65533
93.823
39.0149
90.2707
73.3063
36.4816
99.4165
46.7944
21.1634
91.8237
2.06219
89.2796
2.19811
44.3904
45.0059
47.7755
60.2855
39.5799
17.9318
77.5015
52.0217
50.7436
97.2405
49.1895
23.1258
55.7225
10.8811
78.7089
98.4404
18.9095
51.761
18.4978
44.7363
12.9237
24.7551
4.92474
56.5157
90.4463
38.1579
67.1355
41.5445
79.7927
4.54082
26.381
38.2273
5.864
88.3119
89.3246
33.2989
95.8125
80.1602
27.039
98.4434
83.5133
21.2032
39.4538
29.416
12.0871
40.6338
73.2699
66.6191
93.4969
74.4376
41.8411
92.971
54.6677
30.9842
72.4583
67.4759
98.0208
34.6759
47.6261
27.6702
25.3428
9.34105
88.15
32.5578
70.6276
68.1868
66.3908
75.6331
20.1763
23.2648
28.3576
18.3938
13.0552
72.3248
6.26378
77.4504
30.5467
98.2712
23.6194
3.61235
54.9713
6.96981
24.0883
0.978202
15.7919
58.6541
53.5907
5.16427
77.2721
75.5702
62.2322
61.8013
9.99164
78.7331
56.9229
94.5576
91.6696
67.8484
57.2357
59.9767
87.1845
39.1835
13.0225
16.5963
66.7343
92.3049
93.0762
96.1166
26.5254
71.1484
99.0115
0.159744
5.17442
32.2125
5.14034
98.7328
11.6509
58.3784
44.3971
97.227
81.303
16.1157
80.8848
71.5117
94.7104
1.34786
28.5192
3.09604
82.5085
17.1483
15.5953
44.184
44.5093
12.625
82.6534
55.6793
8.80089
76.651
44.4076
37.7256
55.285
74.8822
50.795
46.2665
31.5434
18.6274
1.3045
26.6719
32.4801
36.6904
49.1326
91.685
99.9299
78.1541
7.9066
55.1447
40.6541
94.2608
40.5264
82.9593
62.5875
3.77595
30.2944
89.5083
86.5992
75.3941
55.825
86.8216
84.1657
14.3515
7.33589
23.5856
25.0843
30.7637
17.9224
34.5007
19.1958
62.0131
15.9033
6.18461
65.0688
12.5097
63.4311
46.7992
25.3631
57.6871
73.6727
96.9524
31.552
58.9598
6.88044
74.5277
81.1384
92.4641
57.4225
33.1241
14.336
74.27
84.8968
5.43994
8.00458
89.9716
97.4144
93.4988
75.735
65.4072
20.6918
99.4685
72.6172
0.847404
73.4218
18.2439
59.9342
20.3148
9.98212
75.0005
57.6774
26.7512
18.2324
94.2042
36.9122
9.86581
68.4314
65.7253
9.17121
80.3749
82.2298
8.7953
92.761
62.5594
62.1105
49.979
28.4142
93.306
84.8755
98.8499
67.6987
23.3423
1.72195
58.425
39.2178
72.7115
31.0339
56.8859
20.0617
18.6324
44.3947
36.0935
51.117
91.1346
81.6529
82.5142
42.3976
91.8095
27.0288
64.7413
99.6803
81.7956
72.3708
64.5141
27.3291
63.6317
1.36824
98.4376
30.9824
72.6777
16.6114
19.6635
63.7328
89.2931
2.60526
65.1964
60.8094
33.8304
12.2868
55.5154
14.2568
37.7134
11.6272
6.47435
13.4695
68.4591
23.105
46.2567
48.6366
18.7938
48.6446
80.2293
45.7007
25.6172
83.5604
60.4452
42.4034
49.4704
27.7732
59.1337
85.6053
50.8394
42.1685
6.85641
63.9762
92.072
24.4959
56.4305
33.247
27.8204
97.6367
19.5516
15.6019
78.833
1.92585
96.3433
33.4947
81.9386
24.537
35.0391
59.4864
14.3564
31.282
32.9624
97.7233
82.0539
52.2129
58.5575
90.7205
2.11463
18.6743
66.3308
5.16043
7.15369
13.6113
11.9882
39.1399
51.2457
76.9059
21.2737
79.3125
83.4455
38.4228
62.847
11.9937
41.4157
44.0832
21.5985
4.62183
46.9128
79.3233
22.6993
49.0769
70.2192
31.5564
0.321706
45.7057
99.6161
33.8066
21.4422
1.39371
74.6247
29.6898
37.235
89.6406
91.8302
27.3953
6.6706
26.9389
74.6596
74.1164
33.4731
34.3094
37.556
40.4395
89.9236
22.6517
23.3744
47.9401
1.85174
38.5826
77.6362
79.626
25.5357
49.7744
39.9275
27.7793
92.7052
11.3951
76.5674
78.401
11.3406
2.82854
63.2864
21.7693
95.1169
57.5055
87.7147
10.6248
26.5183
86.4762
49.8272
22.5427
97.6736
72.905
81.568
51.7372
39.2569
27.4203
79.2089
93.0631
98.3239
22.667
11.0399
83.1143
74.4055
71.2722
7.94317
14.1587
64.3938
13.9973
21.51
88.273
15.4285
46.3991
5.2114
43.025
61.05
57.8282
73.1648
98.1676
97.8339
14.7029
36.6497
35.9603
85.3221
23.968
49.1328
98.2148
81.9717
84.1421
51.244
57.3054
50.7612
39.1055
98.0361
53.4673
58.8201
51.6816
71.0931
11.0851
57.8379
66.6912
33.2113
94.9371
93.559
0.525458
67.9584
98.693
82.4381
89.7752
53.5289
67.2505
92.4053
79.5051
10.4167
69.9038
27.6691
42.3191
35.1638
62.5827
17.5877
37.4019
48.8383
62.8056
34.1378
81.9471
71.4056
15.7457
78.575
15.0368
52.1098
41.8529
8.63152
2.71044
33.9585
33.6607
14.6696
75.3089
92.463
50.1957
16.093
56.5698
36.0349
3.4338
19.5721
62.4767
3.85382
74.7688
98.5008
97.5339
68.346
65.5537
38.6466
95.95
60.6
99.5299
12.9872
51.1574
82.6226
31.2363
80.0199
67.6199
5.39651
9.22458
66.3501
89.2204
11.6318
33.7122
27.1014
71.4714
8.25213
89.7737
50.1683
11.9273
72.5762
1.85173
63.2608
78.3238
26.5389
78.7261
4.37757
28.2054
36.1225
76.8117
6.93995
40.9986
25.7413
54.9972
37.7096
61.6771
20.4036
76.5821
56.0038
56.0538
71.1955
13.2603
46.9709
45.3997
58.5227
81.5739
47.264
18.9161
22.1125
11.5701
23.5884
15.6924
52.3709
6.98279
5.93193
61.8504
59.7929
35.5103
77.6361
52.7016
14.4885
63.6025
88.0356
7.07278
99.9926
93.0725
33.3183
71.0378
30.7796
11.7289
87.7334
81.4584
94.7264
5.97452
81.4019
60.7051
89.318
81.4497
75.5934
49.9883
84.1831
50.2518
44.0149
0.300886
33.7482
95.5913
91.3314
2.04601
69.7282
33.6655
25.8978
37.8375
4.65145
75.0065
29.8469
57.7283
56.6601
93.2762
48.8458
28.096
39.4364
21.5609
27.2617
24.4244
76.6358
99.8456
65.0078
70.9209
56.7211
54.3249
73.6796
29.4387
29.1222
70.9824
13.9975
64.1194
39.7285
95.2829
83.212
72.6242
99.1454
36.4365
89.1785
97.2866
45.4817
49.5573
5.02425
20.0898
89.9021
96.3504
82.3099
66.4089
83.9575
62.0239
52.9768
54.3777
44.5531
36.4894
36.2619
93.3173
81.2418
2.07336
25.563
74.3318
62.1758
56.3782
87.2625
48.6497
0.57101
34.7811
62.7195
46.325
81.0259
99.4923
16.2612
28.5548
83.4358
40.2259
21.1841
56.4788
66.2127
60.3866
4.74303
73.0432
50.1709
37.0132
49.422
20.8711
82.9568
6.67988
83.5863
99.4456
16.2023
81.0322
57.4898
96.32
61.6656
75.0561
70.3287
7.46134
28.9237
61.1878
82.8656
99.5776
14.6438
3.60731
83.0573
30.6241
25.9934
65.9086
9.50625
30.8163
16.2188
58.9078
47.4499
71.229
36.3703
83.1379
3.78706
10.2118
52.7933
18.8312
78.5075
3.14159
99.3893
22.9425
14.3381
44.4701
70.7576
93.4373
53.583
56.0925
73.3024
32.1994
40.7317
70.8806
56.7774
12.181
90.5279
74.2858
51.5583
36.0076
9.28745
25.6326
84.3494
24.5905
9.32118
51.2926
97.0455
81.1646
98.6394
20.7197
83.4064
15.012
68.1781
62.7198
40.2197
37.139
33.1028
65.9511
9.04444
97.0899
1.27775
44.5979
20.1441
22.9989
56.7868
46.5331
96.9604
97.9453
34.4463
34.2814
86.495
28.3099
78.74
65.0606
17.1407
68.8519
61.5633
12.104
99.53
92.7496
60.8696
89.1539
79.4303
41.0502
17.6942
39.9854
1.75137
96.7944
71.489
14.5113
32.0357
9.59127
30.3107
18.5784
77.1345
60.3397
87.0759
96.1751
95.7301
11.6667
16.6764
95.5381
38.8537
16.2469
46.6859
64.0087
68.0409
42.1606
49.7919
16.1977
28.4106
66.3589
83.2733
48.3466
20.515
6.01565
47.3922
79.0521
72.8435
83.0917
46.4791
41.3261
25.6348
91.2805
7.54359
12.3004
9.58887
4.5804
39.4972
49.7966
57.7885
32.689
83.2224
77.5554
48.2692
78.7197
33.9777
95.6366
31.5086
6.90525
37.5752
49.4658
97.612
94.2887
1.18348
30.702
97.2959
0.670384
13.018
31.356
68.4042
37.4639
76.4534
44.3874
13.4098
4.58059
97.7049
34.1883
87.0349
21.0839
16.5006
29.3019
56.4389
79.5166
69.8714
83.4533
36.5786
99.9882
63.6511
4.48415
47.0416
91.1099
19.8754
48.776
68.5636
35.2255
36.25
98.6872
20.0067
12.2142
59.9375
55.7635
12.4533
21.3664
96.848
72.9877
14.0089
26.1357
17.9886
55.7532
84.658
79.1211
99.5837
43.9912
43.5812
58.8488
30.1249
18.8152
26.5653
59.6466
45.9028
75.9797
51.2446
48.6421
37.7526
46.1673
42.1782
23.854
75.7515
16.7875
40.3074
63.6596
38.2145
47.4033
42.5188
50.6294
87.2435
74.651
93.4325
39.0739
70.2242
88.6259
14.0913
58.0961
66.9103
86.3347
82.0075
48.7161
27.3063
52.4037
26.1117
89.2641
69.4002
53.0201
55.1464
99.0444
51.5727
53.9269
41.5557
74.6401
27.1057
80.4534
5.86035
89.7142
67.9189
66.9205
89.4102
3.15339
22.7615
68.9127
88.5352
80.298
1.63643
99.3898
28.1311
11.7452
38.2427
53.8508
30.3358
71.7378
75.3414
79.9845
8.99264
87.2278
33.0908
86.081
43.2903
93.5423
14.524
20.1801
57.6379
82.7759
68.815
75.4485
33.0451
58.9997
27.6834
89.917
2.42225
31.0369
38.2292
99.0055
43.2129
92.7573
21.2329
70.0414
19.3081
22.1494
19.8704
4.28855
81.5998
41.2739
85.6743
94.1092
79.284
63.9841
3.88911
19.4151
46.8867
41.4516
81.722
68.0554
49.6582
61.735
22.1632
12.1166
72.245
65.7545
86.3328
6.46828
74.2879
87.4106
76.0526
14.3224
89.8487
33.5959
91.913
87.4381
47.4139
71.7051
67.313
18.3352
67.7818
53.8184
15.8521
24.3049
24.4093
14.977
69.5446
42.7413
17.8448
87.2708
98.3336
36.2459
50.9158
55.3044
25.7629
93.414
30.8179
80.7101
3.05348
93.6596
72.6462
36.5567
76.0089
64.2389
77.9072
93.1155
90.4515
83.8956
32.3673
86.0803
32.5259
16.536
19.4277
23.8372
8.55892
32.518
81.5642
34.5213
32.8044
41.5415
7.96655
42.9007
39.3359
12.5636
44.2179
84.568
47.3558
37.4254
54.4789
16.9003
48.1355
33.5696
6.45504
57.3463
69.7022
77.7335
34.5876
22.4746
61.2575
17.0434
1.68917
0.153814
55.1813
75.691
38.796
59.8979
74.4281
68.9067
4.12281
22.7212
97.1557
39.4249
73.7402
25.6112
33.5973
18.7632
52.5033
60.1172
94.0548
79.7275
39.7281
74.9957
59.772
98.7107
65.0144
1.57592
14.3134
46.85
84.7489
97.4639
9.48084
24.6098
43.2005
34.4922
4.74217
46.6791
52.1545
17.8685
68.3267
37.2128
63.1526
42.2391
89.7829
85.7188
13.3979
80.6501
74.5719
78.6272
7.89025
76.9537
36.9156
35.0606
65.668
69.6152
94.4122
98.8305
20.1595
74.248
27.4762
96.3428
52.0603
20.4686
36.1106
1.64379
38.6878
74.2824
57.5671
58.4872
36.0385
24.3882
77.8602
16.7922
92.5937
60.5163
23.3671
53.3246
41.6845
63.0482
45.3355
92.4903
41.0661
7.65088
91.3999
31.0024
66.1634
97.0006
42.7467
62.5146
3.27672
97.9313
22.6711
64.7926
24.9911
73.1772
48.079
8.90284
71.7842
87.757
39.3546
6.81375
91.2866
51.118
98.0561
70.9394
8.55462
91.472
55.3762
93.4005
2.90743
2.92453
51.6832
10.5241
69.1417
58.947
7.13925
43.0092
4.32598
92.3278
69.0836
40.1957
14.1081
18.178
96.6941
82.8548
76.9857
10.9103
21.0423
78.1528
63.1388
24.0748
52.7251
68.2451
93.8813
31.158
94.4684
43.3307
29.3751
75.2132
60.2945
72.4364
6.60417
85.679
45.8454
93.3657
28.3177
63.472
96.1938
66.2251
25.8421
73.9449
4.96054
61.285
19.3357
92.0661
21.3022
49.0807
79.9247
62.3187
17.5764
54.1675
85.7376
34.6174
29.1188
89.326
97.8742
24.2751
78.5957
33.6316
65.9832
63.1145
39.8437
3.57832
45.7906
87.8916
28.2754
85.563
91.6084
3.20393
96.2298
40.5064
84.3008
24.1675
9.68835
70.166
14.8437
0.386944
24.566
78.2764
25.3404
72.6757
56.9825
25.2908
75.0755
95.8737
39.3384
92.5673
3.20029
92.4303
37.9379
59.645
3.66141
27.5348
47.1162
18.6109
90.3874
58.4683
27.1286
27.7938
72.7981
67.6139
99.4785
4.31779
89.2571
0.969074
48.5425
99.4785
75.7088
4.44656
51.5428
63.5867
5.63975
86.4931
66.6315
3.88719
5.11329
66.888
62.9448
29.1343
47.1993
13.7888
64.9874
48.4293
64.1801
64.7792
23.5518
10.3501
48.2914
6.11729
58.0717
56.035
80.7019
75.1562
57.0726
36.3876
16.2187
73.5863
67.4611
86.3558
16.9568
99.6591
16.439
6.72188
16.077
43.3518
3.52736
80.0578
54.2203
57.6491
38.7689
21.4769
56.3528
68.8409
86.865
62.9763
87.6639
89.9484
99.3651
99.3993
26.5196
77.7176
10.7022
87.9982
36.6803
4.86135
82.5515
22.4054
26.4715
30.8288
90.5631
7.88589
42.0815
13.7337
71.4257
6.53903
91.2521
99.0538
9.33964
47.4474
0.391518
14.4676
93.3828
16.5283
50.2963
46.5258
55.7852
10.7738
69.904
9.50561
83.1762
91.716
97.3858
1.84657
24.5402
26.1354
43.7938
40.015
82.2156
27.2196
45.5413
17.6495
83.9108
60.1205
3.07569
30.1754
22.4908
16.863
0.86304
2.87614
49.5783
63.1779
35.4975
71.0147
48.0561
25.144
55.5451
37.5909
11.0639
9.34975
23.9084
11.9594
25.4798
6.9985
24.5228
26.3549
30.9608
1.487
76.0296
11.5279
65.4459
54.6177
92.1385
33.9773
51.6486
13.5722
77.5792
14.0734
36.4091
45.7305
17.7821
0.124741
3.09631
3.23132
6.11994
15.8759
65.0823
52.0839
29.7343
12.8481
25.0252
76.4604
96.3625
85.779
36.6924
1.47783
89.0992
21.9704
94.5209
63.4239
98.4031
71.1892
70.8832
32.6475
85.0567
73.188
91.4401
78.1563
18.3935
82.2554
70.147
51.5879
18.2105
45.6466
16.4768
68.4275
64.3935
60.2783
53.8242
13.3711
17.3507
61.1803
29.8426
5.39516
37.9301
68.1615
19.584
74.5198
61.8251
4.96119
6.77324
52.4419
97.355
74.7791
55.4643
12.6123
71.4878
82.6525
79.2001
39.8864
30.3836
24.6872
40.1435
26.7414
48.5794
10.5868
27.0373
67.0125
13.2193
33.0361
43.6021
61.1422
83.2761
9.06304
25.3086
92.7174
34.2845
76.0786
55.7548
59.2562
34.775
32.0044
95.0976
97.4367
96.3734
24.4389
38.6651
42.0204
63.9552
13.1141
79.5625
26.723
68.7873
61.469
12.8432
66.5962
69.5873
40.0831
92.3302
80.0924
92.9141
35.5988
79.0752
11.8083
82.7648
15.3511
65.3298
82.5219
38.4334
33.6763
48.1464
8.23707
62.5375
91.484
66.7468
38.9436
14.028
98.861
26.2838
94.8821
2.08607
51.7765
11.4492
40.0874
49.7115
18.967
94.56
27.8616
84.3702
45.8313
23.3249
58.7538
46.6432
98.8222
26.5849
15.6345
33.1589
45.8774
21.0355
59.3034
25.7315
94.1976
10.0704
11.4788
3.67032
64.3158
74.8198
63.2629
59.5349
1.45304
28.6632
78.8337
1.53669
22.1408
57.881
34.3737
9.81863
65.0076
54.4893
17.7729
81.5409
66.9066
34.5205
52.9144
78.2369
81.2706
93.64
48.3514
32.7481
69.2879
86.715
60.5138
4.18207
28.4601
65.2169
0.22697
89.8835
61.6697
39.5966
21.7092
99.563
63.675
58.8443
18.9165
83.096
61.9244
38.8311
2.11947
46.7951
68.0388
48.3349
33.6386
97.3185
3.41593
72.606
15.7876
47.2542
99.8627
71.1662
93.1112
39.331
23.0694
65.5417
41.1698
31.0974
32.7885
94.7526
11.0101
97.5939
52.9415
2.7084
30.9509
17.5939
57.288
46.8506
34.2062
30.6496
21.9838
20.1892
57.1243
44.5803
76.9341
41.9302
62.6537
30.4729
69.9896
9.85474
38.3108
17.556
69.2479
13.5081
88.9273
89.6552
89.1064
64.2218
81.6746
98.6417
29.2049
3.13875
26.1366
96.1588
93.4573
61.0922
54.5451
8.95984
93.1216
40.7357
39.0945
92.49
85.2668
25.1266
40.7392
77.8081
23.4591
41.1432
59.7482
62.5568
63.825
54.5491
14.5611
19.6581
2.9475
63.8853
20.0032
69.8428
21.4521
31.1763
14.4563
70.4678
39.3915
14.7111
34.4299
67.1285
48.8883
26.3625
63.3746
32.2856
83.1467
59.2524
96.6263
69.5914
90.2972
65.2706
0.12666
53.2569
48.1146
69.8493
95.01
12.7205
59.2333
3.88552
2.10424
65.215
52.1329
97.9311
4.84225
57.7791
25.8504
63.3109
31.7474
18.1716
65.4328
76.9308
77.9658
44.7026
18.5394
24.1701
72.3435
78.0749
42.8572
12.3046
84.8291
69.0211
72.1102
40.25
97.1738
99.8246
13.4202
45.2578
32.7189
33.5142
85.8769
61.8692
2.13276
62.1693
31.779
48.8433
68.5501
14.1244
2.84758
92.0271
21.0975
91.9684
33.2525
57.366
46.8212
44.271
10.124
36.7667
65.4531
41.8337
9.37359
62.7257
24.1078
72.0745
88.4048
48.1016
73.2845
89.4101
53.0454
59.6458
33.0515
40.5423
98.8472
57.8486
51.0209
88.9568
47.9223
7.45966
21.3729
68.4337
40.1221
97.9687
39.5179
55.6459
26.9672
93.209
84.0943
70.1682
85.5386
37.8863
61.8097
40.7801
30.3525
53.8152
71.7115
68.2798
77.5286
90.2675
0.28181
70.394
8.98893
8.28755
33.5011
0.315348
32.7916
89.7763
10.8578
85.653
68.5341
87.9683
20.4861
25.8335
54.2255
90.7554
65.4923
5.24986
66.4236
56.1217
86.6351
23.5642
71.7216
50.4858
40.0706
60.8067
23.481
51.8499
66.4302
19.7456
75.3705
53.4885
15.2343
19.4007
34.26
7.55623
33.0794
37.6506
27.9259
38.9269
62.4964
60.9678
83.0665
85.9222
97.5329
6.5918
9.07533
57.9028
66.7071
19.6976
39.0297
19.0617
18.0704
24.4043
85.732
4.09631
90.2831
76.7057
58.9862
4.79248
83.7292
60.316
35.3513
93.0355
49.7696
17.4827
20.4442
36.6121
27.7762
59.6542
65.2421
0.110172
89.9699
11.9699
37.4522
59.0589
49.8214
57.1326
70.0668
60.1288
95.07
70.8622
75.5496
71.1358
90.7845
6.58081
2.33427
6.97831
27.0314
57.246
71.8588
84.7599
62.7828
83.1429
81.4452
45.6148
70.2018
11.6902
80.5439
55.5401
46.9308
13.6256
25.7194
38.8812
12.5758
80.0653
95.8981
14.4902
41.6805
37.0884
11.1589
41.4498
43.1802
84.168
25.5015
46.6992
18.0946
85.3366
62.925
81.2403
80.4407
66.3164
59.9905
15.2019
72.9637
91.3217
85.3304
26.5128
88.3618
97.3833
44.0246
91.8081
88.0623
99.8205
78.1005
33.2821
6.5932
18.7448
33.8687
10.0956
13.3178
30.5915
73.2048
17.3476
8.75342
65.1558
74.5401
31.5662
99.2979
85.3844
57.7873
58.1087
19.6137
34.8058
19.9773
50.1426
55.3343
87.45
83.7628
67.221
20.2713
27.2252
47.9064
5.04236
47.2886
89.0794
88.1594
16.2898
49.5379
30.5272
57.9073
31.5073
85.8803
14.8796
54.0678
82.3167
11.754
67.2784
12.8293
24.957
18.3955
14.5385
73.0625
92.5655
32.4277
5.39014
47.7823
74.3003
63.8862
24.249
86.4645
10.1005
81.2813
67.8939
81.675
57.8358
66.3808
8.66403
5.81261
17.7338
92.4969
77.8819
69.752
95.4975
96.8171
61.9342
56.9744
9.91697
53.9233
98.3515
84.2547
28.2744
34.0442
75.4736
39.5448
71.0116
87.6947
29.0174
7.28134
70.0709
35.1459
27.7793
32.289
47.1337
0.0349137
76.6466
87.2233
5.97091
32.8724
94.2666
77.0171
42.2678
91.2953
49.7108
5.82128
58.6906
44.1871
15.6098
29.7419
91.2045
5.51953
99.4295
38.0917
75.6059
31.6409
61.7079
26.7716
47.7252
83.9777
75.1122
9.40752
17.4794
0.488195
37.382
10.1097
48.4113
61.4518
53.1368
37.6304
97.6884
10.6887
54.437
94.3376
66.7906
56.7378
26.7191
85.7145
90.7331
72.1496
47.5903
69.6611
77.9482
93.7027
42.3033
44.4351
99.5738
75.1041
76.6811
0.289144
69.9595
45.8763
55.0689
66.386
26.3594
56.8266
37.6597
34.7986
54.8673
10.6804
17.0356
54.3165
56.3328
28.202
55.0572
70.4305
85.5594
51.1221
87.57
55.3517
56.5799
71.0475
5.07967
65.0135
93.3285
1.55117
97.4065
74.2505
9.56247
95.3328
90.8094
35.9638
79.5962
54.8892
10.9743
9.13897
48.8723
23.6696
93.9259
2.23955
45.0157
21.5098
19.5429
92.953
14.8721
47.1403
15.635
82.7917
98.058
24.5583
12.6903
99.8539
9.26489
79.037
73.9674
93.1328
94.7081
29.2321
49.8937
13.8745
8.43212
36.7163
54.1155
81.5822
1.64208
77.2664
49.1672
68.4268
78.3923
39.4781
43.6315
30.3344
82.5333
44.7586
25.3444
54.5455
18.5943
50.2506
58.7627
82.0193
37.7878
5.81559
55.5361
58.4687
52.1094
39.3903
36.0194
58.6155
85.7385
61.6062
43.7505
64.5846
56.9015
3.27137
61.1312
64.1543
16.3751
82.5062
89.1829
5.49656
93.412
13.4536
31.4463
88.582
95.1924
55.3785
63.7149
64.2769
5.51191
26.0923
73.5144
71.9284
83.387
0.115626
28.5827
86.0186
6.26098
63.261
83.9871
77.295
56.3539
11.4809
43.0424
74.82
99.5577
66.4878
35.6738
10.1015
53.7078
72.4115
60.4079
57.0138
35.4629
93.8299
83.0517
85.2926
10.1549
25.9404
11.9172
28.6284
13.8031
30.0476
82.6913
66.7459
92.4742
81.4483
48.9957
95.9752
59.6379
6.96903
53.5458
45.3219
71.2712
47.4182
83.8492
53.1466
99.3253
9.85472
25.196
18.1417
45.9593
15.5043
39.1984
27.7796
69.701
74.0378
68.6167
81.7462
13.5634
21.2603
66.0862
1.86384
21.2985
23.9213
40.7784
72.7802
33.7768
57.3884
13.3495
5.54466
43.6027
54.7949
58.1037
58.0308
10.3636
32.0815
63.2104
68.1397
64.6835
95.6769
98.5987
77.6023
92.8453
25.1524
55.6039
18.0209
72.4124
94.9727
88.5858
98.8441
64.2487
35.8615
18.5523
4.66961
58.3168
17.7233
4.02928
80.5246
46.9392
95.0391
7.07152
57.436
37.5218
96.5942
69.8202
39.9862
89.3869
