50
50
0.945814
9.00785
13.3539
1.82884
9.06984
39.7444
60.1017
65.048
56.1925
9.9112
6.23548
76.948
27.81
49.9264
20.1871
19.6505
55.6513
15.7615
75.0619
84.2742
25.3608
41.6242
92.756
4.05028
82.2529
8.65612
73.1553
99.758
28.6505
97.7853
18.2056
8.46694
25.2411
35.1189
59.2703
24.0051
71.0691
32.6597
18.523
44.8443
72.1601
45.7211
59.7981
99.3824
80.7506
57.3786
62.6221
25.7202
23.2952
40.0238
60.9667
36.7955
97.4317
72.5247
48.769
94.0643
96.4032
58.5947
44.923
48.4211
40.6758
71.7421
27.558
16.9915
67.5773
30.6136
44.3577
21.931
66.7308
76.9214
37.8843
62.0593
41.5493
14.0984
26.4242
48.579
13.892
16.1838
51.335
18.1257
12.1723
35.575
32.8237
24.6501
54.7811
22.7859
74.615
21.516
4.31706
69.3142
34.9063
46.1063
87.2631
48.2553
81.525
71.8734
78.0738
27.3501
88.6147
1.2787
80.4053
9.89862
72.7065
57.1933
21.3864
76.255
89.023
76.7548
95.7993
17.3374
33.9918
10.5065
14.1767
21.9252
4.22217
62.2728
20.6036
40.2719
28.3627
68.7172
26.3761
75.3852
82.051
89.1789
4.41062
98.6976
19.0347
19.3647
25.5573
22.5416
46.5336
27.3951
97.2974
83.9394
53.8781
65.0122
85.295
70.2575
99.3382
90.3283
74.4013
53.5681
66.4533
76.7684
99.1001
75.1277
82.2772
96.4191
2.41404
24.879
60.013
81.1085
87.5226
63.5631
65.8653
90.035
27.97
0.675205
40.3823
63.7491
58.8759
15.0379
74.0188
13.1531
91.087
77.111
53.036
11.9755
11.5286
64.0104
89.1663
99.9198
8.19006
46.9728
6.86961
18.1554
72.9971
5.62084
73.6787
10.7786
60.1573
53.4149
10.358
81.7934
17.5993
48.1712
8.68156
55.567
40.3996
2.9503
30.5049
69.4349
30.2416
68.5282
29.6817
38.0148
8.14359
99.186
17.4726
31.7868
56.2315
36.9792
3.79787
25.6239
90.0083
12.5525
10.4019
18.6842
23.6973
23.8748
65.6197
2.7696
29.8298
74.3569
12.784
50.9852
25.8029
0.753047
75.1652
71.0964
49.9917
94.5365
69.7796
64.8845
2.67383
82.3393
79.3534
90.2243
18.7263
55.3207
96.4176
78.5924
68.8137
32.2143
4.28023
43.7492
48.4517
78.2096
71.0444
58.304
38.8424
15.9813
12.0703
40.5691
1.4355
86.6764
53.0507
32.3713
54.8324
94.8158
14.2495
50.6051
27.35
65.5107
41.5897
80.1361
41.4755
60.9304
49.374
93.9311
32.7498
41.297
81.4001
12.7318
26.1016
2.6515
45.0113
62.144
34.8391
42.2904
48.6111
95.9229
47.7553
73.645
61.0557
16.5168
17.6676
48.785
7.86821
34.5346
14.1682
48.1863
0.644441
71.0672
68.8229
77.8281
66.553
80.0251
34.4824
69.1414
62.191
4.66158
54.5003
41.4686
88.2536
96.8425
78.4074
27.2314
78.4389
99.3631
54.7792
16.7349
66.4315
66.2013
81.6091
85.7048
62.235
51.6341
10.3261
35.5606
30.9983
64.4809
64.448
10.9997
80.4987
40.2276
51.2892
38.7097
65.0306
53.9584
74.7337
17.5359
30.2357
90.4091
26.7805
14.4417
35.1361
34.3445
21.1784
65.4709
29.1601
62.6316
41.3696
96.8976
74.0605
81.5511
47.3981
84.2941
82.0787
13.3969
67.4819
61.9991
31.6828
96.7627
76.104
93.466
66.6334
7.5533
65.1032
94.1638
92.8673
26.5848
97.5887
74.5299
65.6632
71.2453
22.4196
22.4435
26.6521
91.6572
80.4149
37.128
92.8865
21.8953
96.5674
21.4007
89.9398
62.4442
24.884
57.092
35.2104
46.5821
88.8345
86.7635
0.378657
82.5488
16.8739
32.8055
58.1494
14.2717
89.0877
47.4001
72.5677
48.4049
32.3919
87.0241
66.412
0.918501
17.4416
4.87303
28.2528
77.3743
8.09323
60.2392
4.8148
87.2451
71.7197
75.4631
87.7395
43.0934
0.441261
10.8534
86.8446
92.7128
63.1898
61.6215
93.8566
64.1917
49.4668
5.36863
63.0377
63.0443
86.1918
49.2611
15.0291
55.9498
94.849
93.551
35.076
71.4941
75.5175
3.99798
60.8677
58.3038
5.8412
27.0854
70.3853
66.2289
92.3888
19.9368
78.1612
73.162
47.8911
57.8099
76.7622
54.446
64.2007
83.1549
35.9221
2.17637
69.6531
3.67478
83.1769
69.849
70.3679
79.0781
30.3538
21.1644
65.2418
44.381
14.7877
20.5728
42.3824
37.1583
75.6901
50.7265
25.5172
72.1789
41.3663
47.1507
27.5522
40.1384
28.7341
86.8287
73.9173
8.94493
39.1999
55.0992
19.7582
24.2912
39.4417
46.4011
80.3013
31.4749
74.0175
29.7361
93.1863
57.4325
20.8395
71.9249
64.5432
95.0949
19.0222
44.0834
64.1634
97.0619
53.9047
22.0205
62.6501
8.85715
45.2891
25.7097
2.962
38.6792
20.5283
1.21282
42.0822
18.1887
20.6953
60.6082
11.513
34.1398
1.33202
91.457
41.0913
3.06622
73.1668
87.8279
7.46001
61.5442
89.9164
56.8825
41.6714
86.2631
24.5279
51.3327
17.2859
26.8478
87.5106
52.4952
22.2966
21.5065
30.3487
17.6234
13.7633
60.3596
1.3135
89.5121
11.012
22.0417
62.4498
79.23
76.9675
78.4219
16.6517
54.4616
87.5308
12.2761
58.6133
10.7878
32.8045
66.8956
69.5011
3.78743
92.1802
92.4571
89.1749
58.3937
45.3774
87.9164
19.7592
72.9536
22.8815
48.5288
62.3975
52.2786
2.91318
72.8793
96.4495
83.9433
7.47098
17.3371
38.558
66.0804
17.9979
32.399
11.3747
72.8234
85.4068
84.9114
0.981582
48.1736
89.7556
5.30079
11.5132
9.9596
89.4221
34.5946
23.1768
6.04085
3.19547
48.0962
90.1138
40.7439
24.5378
18.3154
78.5512
10.3111
26.9904
2.60139
94.5591
64.2926
85.0244
23.7228
0.274857
57.8235
23.8837
80.3906
72.8828
80.8144
76.1873
25.3565
27.3412
21.4691
71.5999
24.818
28.5439
52.8254
37.4546
14.9332
34.0173
22.0313
69.9681
90.4677
17.2623
97.8493
46.7612
27.1401
90.2473
69.6859
88.4239
0.627055
71.991
65.2967
25.3049
27.2836
59.8926
53.6758
20.2586
7.02933
97.7115
45.7639
5.14164
16.5104
89.3851
71.8429
84.4164
30.816
75.8813
22.8405
67.9406
61.5803
19.9623
40.3938
64.3349
89.7102
74.9096
91.4462
2.00755
50.3477
75.6066
2.66148
41.8708
5.81583
89.044
83.6561
17.9783
49.6155
46.8626
76.3542
47.8391
17.3127
62.1984
78.1889
69.4799
48.842
75.2455
35.6091
72.0681
14.6293
86.3042
34.3153
33.9221
90.0326
41.2464
64.5946
34.3321
60.1107
80.0584
81.1468
53.9375
23.2322
16.9424
41.2627
25.5617
76.6803
31.4355
98.2487
21.3009
21.0197
6.67039
91.3233
77.0153
34.5987
27.8008
79.1942
78.5035
19.3981
30.3653
21.3541
10.4692
15.4592
68.817
77.0512
18.7986
64.3221
88.2248
70.5898
20.1871
58.3172
69.2416
5.62186
1.43071
97.0765
42.8918
13.0703
90.1733
72.6995
76.0095
26.6914
95.1628
18.7253
94.0286
34.3487
6.36418
97.2444
7.15649
21.9949
73.3295
17.7022
50.7713
69.564
59.7316
20.9754
56.2529
36.063
57.9138
22.7623
88.3161
2.36458
9.79345
99.3117
40.4401
44.05
6.95022
35.669
92.5412
21.894
76.9429
19.6618
94.3004
90.1532
93.4085
93.3026
31.0727
64.7748
21.6055
61.4419
34.218
23.098
4.23154
62.8002
26.2401
68.1255
73.7604
77.8407
31.4334
52.217
72.7119
26.6093
1.4165
44.0193
63.6006
7.30856
23.565
31.7006
44.7543
22.9162
25.2986
15.8125
41.6585
56.5901
44.6761
99.2952
96.4003
64.2234
63.0992
48.2931
44.6794
77.2233
93.5425
27.9559
6.39746
72.3501
76.6698
7.88939
45.7518
72.8473
82.5058
57.5598
92.3018
27.4146
19.3889
23.9726
62.6206
54.2543
75.3423
21.8049
4.94942
14.8615
29.6365
43.3627
85.495
99.9444
88.7888
59.1353
84.1904
70.1732
57.3787
51.9285
21.4082
97.1157
32.0321
32.2213
33.6139
71.5035
49.6899
10.0628
39.329
58.9781
0.745967
63.652
35.5097
72.9172
66.6859
3.17921
19.0895
32.6731
62.1982
2.29593
38.8402
54.5933
0.510729
77.4803
3.99064
67.3667
54.5085
33.4532
47.7246
9.62421
22.5277
72.2143
65.3576
32.9237
40.7104
17.9552
53.6725
9.77584
4.85508
82.0651
24.9434
26.6564
5.6004
9.47274
80.5175
19.8432
71.6234
17.5869
28.7562
3.31043
31.6344
37.8881
94.2246
11.152
74.8601
45.5849
41.4077
27.0629
72.2672
37.2318
32.8818
5.20008
77.5358
1.8513
59.0352
22.6335
15.1047
1.76649
29.667
36.6102
94.1692
96.5218
0.51726
18.8774
55.0942
1.76806
58.0413
41.8048
8.23449
36.9482
71.691
9.72908
76.2107
31.5675
56.7469
86.3407
0.371916
32.2934
82.6155
41.5889
10.0064
34.5673
46.9929
10.2313
41.2582
38.3308
56.3332
28.5831
93.8861
48.5632
68.3675
62.1452
72.746
79.5562
12.2343
62.898
44.0577
27.2927
64.6831
45.774
51.0764
96.5765
46.842
23.4498
0.313114
30.6643
23.3332
13.1682
97.7716
13.6849
32.5413
61.8133
54.8318
35.9891
85.7674
2.17255
10.06
20.8818
70.5574
29.875
11.9658
45.0352
23.4917
39.718
10.7271
90.5157
3.95164
16.414
85.4797
80.0209
3.09111
49.8275
45.9196
14.5865
29.9931
65.996
14.5359
94.677
5.13357
14.1117
13.6043
95.1266
76.7241
63.2447
12.7449
78.791
47.5966
76.8887
31.4051
94.9589
61.8261
93.1595
1.47711
77.1394
56.2151
62.07
93.7675
33.5094
4.01404
1.01376
75.8831
46.1162
1.38046
28.4552
40.4197
60.354
17.7586
19.2279
40.5469
85.6338
26.8431
29.4106
72.7515
75.6407
55.3349
34.7782
80.7417
42.8185
53.7148
55.2798
86.0138
10.7286
72.8144
8.06073
67.4044
41.6453
9.02322
57.3233
75.0539
15.0055
39.6001
32.5684
98.4185
48.823
1.65981
99.7665
2.7443
2.51604
37.4338
49.1501
34.9292
18.9973
68.5019
30.6183
19.6273
85.9662
26.7415
44.9713
54.1729
6.77797
80.7214
63.385
64.2692
76.8818
73.0872
38.235
2.61943
92.0694
60.6905
19.4762
33.3564
44.0926
79.5857
12.2148
19.5795
83.5967
29.8648
28.6621
3.19195
1.44618
62.9319
33.8867
7.88409
81.0713
95.5846
72.7381
90.178
44.1491
70.1596
90.2755
59.6097
19.7129
28.2925
32.1051
32.3784
68.113
73.0972
24.8555
61.5002
96.575
32.4191
1.10599
44.103
66.6265
48.3094
61.2686
80.6289
31.9481
72.8843
12.7967
80.3972
40.9598
28.9758
2.59021
33.5442
16.984
75.581
10.9985
76.7977
22.8856
72.1007
74.1687
61.7342
56.7955
50.2906
67.8683
35.6272
84.1898
53.8379
52.6404
38.0899
46.2088
63.2267
70.8999
57.4604
97.3846
96.214
36.4668
79.7362
63.8055
58.2956
15.434
42.9225
24.6167
9.49931
99.8418
5.86283
45.0282
12.9933
41.9517
44.948
85.1168
46.6746
58.329
24.1661
37.6124
22.9072
21.8765
58.106
58.3449
23.7138
70.4435
69.1458
48.9311
80.6361
45.5215
73.4659
94.1775
91.763
7.02082
0.183654
6.36612
53.0992
41.2393
18.4882
13.9986
60.0895
78.7743
75.4537
24.9439
31.0275
2.27183
57.3655
45.2067
20.3716
81.4452
78.822
8.43437
94.175
12.1074
32.4772
28.2303
50.7861
76.2496
33.7603
65.4614
74.0405
67.3913
37.195
84.2454
43.0174
35.99
7.5642
49.4991
20.9633
73.8368
56.6937
66.7273
88.9898
3.93611
69.8749
24.8072
92.3138
19.9105
14.803
74.9769
5.02113
66.2177
93.5371
74.887
40.7065
54.6435
8.31732
20.2032
3.88114
52.4525
84.1756
53.5747
76.5938
98.758
30.7905
67.2234
90.8066
21.8794
40.3787
24.4077
21.8721
6.47634
73.5732
22.235
20.5377
65.7044
84.466
56.645
17.8192
98.6329
29.4203
82.3109
11.9931
67.6347
20.7912
3.34707
87.1278
14.9448
12.816
81.258
9.76766
35.1443
78.8131
87.7897
51.0935
88.047
64.7002
89.1535
21.7149
96.1303
30.8123
76.0248
74.4841
17.9037
35.6264
78.9089
2.63828
15.7438
95.6698
34.265
50.9588
69.9438
71.8115
72.1224
49.443
90.4292
97.8465
89.4117
63.1167
98.2533
26.7342
53.502
89.9479
85.5674
17.6161
22.0457
43.4363
19.9108
96.2862
62.139
28.7237
47.4997
54.6922
69.0029
9.21663
31.0117
15.1042
56.4611
33.3799
38.7165
28.7272
41.6792
10.4466
36.9769
92.5642
1.44121
28.2345
46.4223
55.4513
58.4898
8.36728
47.6306
62.3771
58.7731
89.6056
93.7909
48.906
75.6549
58.6927
12.0177
3.7593
2.95483
67.7824
14.7952
34.3584
63.0567
47.5384
83.7834
70.4155
64.1369
61.6912
49.7188
85.9956
85.2187
52.0456
19.055
21.879
97.7048
0.209542
37.5205
42.5812
39.4231
58.9511
92.6701
68.8077
3.75398
16.1906
28.1116
43.2748
17.9602
22.7089
46.3972
46.5691
89.4104
61.393
96.0229
19.6701
3.3793
0.568767
18.669
43.0918
32.9071
48.2776
7.24077
60.2483
59.4947
27.2021
21.6001
81.4854
52.3811
3.26126
0.0927781
11.4375
30.2879
21.7473
4.79163
36.5293
88.9276
53.2983
49.8377
31.4069
0.236941
29.2037
26.9065
8.07507
13.1124
84.6589
44.7855
10.5686
52.7177
17.444
84.5206
85.4022
63.9929
24.9757
47.2467
86.7427
7.93923
76.6178
97.6477
3.12977
1.43969
33.0349
7.46206
99.0132
28.6766
28.3804
82.1143
82.2356
51.9464
93.933
86.8029
45.0179
95.4277
3.83788
75.9509
70.957
94.081
65.0217
63.2822
20.5448
31.0402
11.59
96.5539
75.6575
64.2861
75.829
93.4185
68.7173
87.9107
16.3895
54.7276
70.3328
64.708
28.8652
50.0656
41.0658
47.2371
15.2945
58.0502
23.088
99.6611
6.45399
35.3831
32.4634
77.6525
47.1858
90.1029
15.5108
6.50658
37.7264
80.5714
95.4603
77.8072
63.7105
71.2792
41.9165
44.4242
7.74678
75.4488
10.6354
55.5921
66.4443
58.25
7.555
3.74329
16.9271
75.4281
31.8209
50.7472
65.3844
80.8079
69.887
9.50153
19.7545
48.7849
64.3678
27.9605
29.932
27.3461
64.4036
62.6266
95.4032
87.0862
74.9244
41.5141
30.8599
13.3847
77.8108
84.4396
56.7066
52.8626
7.77002
73.362
31.8299
4.39984
30.017
84.2599
67.4376
21.1188
11.3576
41.1717
5.91479
4.55171
89.5214
61.4079
43.5482
87.3654
5.21202
17.4552
82.9306
57.6378
44.823
47.829
62.1003
36.0369
55.816
99.2077
90.6571
9.0566
8.68757
46.9828
78.5747
44.4333
54.2929
52.3662
16.8193
2.96871
76.4492
16.5258
79.2725
50.3308
13.4173
25.464
44.1756
28.8879
46.997
5.67202
82.8742
19.0368
68.3656
30.788
86.104
25.0343
74.9342
42.2227
82.9341
47.7757
63.8695
14.3505
27.1562
91.0683
0.425023
24.906
60.6178
1.84755
53.8739
29.9069
78.7454
93.5298
59.2262
7.64101
36.4334
43.509
4.7837
84.9588
84.3108
95.9098
74.0915
3.02666
80.6465
96.0882
67.7825
6.46512
81.893
41.234
3.63899
43.345
88.9044
7.56124
72.0409
70.4891
45.3947
48.9822
54.226
91.6898
33.8218
51.2873
97.5474
66.7063
96.2433
99.4191
35.1045
33.1684
50.669
86.1195
72.4269
25.2218
74.7811
30.5117
8.79551
13.2311
13.9833
22.6516
35.8706
17.0003
1.71462
43.8066
88.4974
32.8274
73.2575
81.3123
89.7395
98.2738
68.5217
40.5388
14.3589
47.9528
80.5899
44.8115
61.7876
39.4026
14.81
57.9226
60.4302
20.527
91.9258
44.952
97.5093
57.9597
8.76124
84.5576
62.134
64.0076
12.8088
3.57345
72.4092
27.4831
4.23502
33.0186
70.5986
69.0463
59.105
91.4878
44.0022
39.9749
62.8408
8.90995
22.2187
43.9047
85.9726
62.6877
10.2319
73.8659
24.4276
7.51419
30.8113
35.6207
86.737
89.3286
61.0044
84.988
33.4377
49.1077
42.5056
45.9355
28.5225
56.4011
12.0435
85.3116
97.7105
23.7376
74.3739
61.7707
88.2847
62.8727
30.9961
24.8939
80.6713
78.7986
99.8761
90.6027
41.78
94.1812
70.5517
4.27305
29.0479
94.851
87.2848
17.7344
87.4004
50.1527
11.6613
47.5759
21.4678
69.6178
80.2315
31.7151
17.7476
79.3627
12.4512
61.3257
99.7632
15.2344
35.0191
55.4156
20.3272
6.67536
77.8455
68.6575
41.5034
4.06014
38.8475
68.3879
64.7967
66.0673
71.8334
59.4729
39.9568
93.0616
8.61652
96.7635
8.16481
70.2142
40.7688
56.272
77.6578
56.4981
79.9914
84.6722
25.0769
82.4646
56.9234
12.9926
43.3923
91.6095
42.0119
98.2602
4.41702
84.8617
69.2404
5.03998
8.78315
43.947
10.8262
39.5344
82.7849
7.01518
92.3804
78.6829
17.4771
68.7981
54.3829
25.6019
66.3756
86.4352
31.9562
12.3349
18.1791
70.8422
81.4011
80.4983
7.21211
30.0606
24.7532
77.518
18.1567
73.5766
70.5982
57.364
72.1895
58.0868
38.5073
81.7974
26.05
23.2966
21.7556
19.3089
10.2933
8.94485
34.5641
85.3106
37.2992
35.104
62.8005
98.1099
42.1888
92.3676
6.90885
15.3578
49.9521
59.2706
77.8313
46.8084
40.4198
18.5673
31.6545
41.1243
26.4989
87.654
34.4243
40.8973
81.2763
32.1699
63.27
23.4954
42.8816
76.1898
88.1725
76.005
14.0551
17.3592
88.2701
43.9235
56.7551
96.5406
55.8724
21.9118
53.6332
65.4477
39.186
84.668
23.7479
55.7018
21.0345
4.1697
12.3962
37.6257
6.77291
81.4501
44.8874
52.7467
76.6191
36.4716
19.1628
0.195962
76.8033
68.4959
48.3405
34.2512
5.06792
98.9377
19.5296
82.1105
35.636
17.8041
80.8759
2.78225
86.5705
57.1908
79.0042
41.3509
34.2456
84.3758
97.2101
60.0772
74.8274
48.144
66.0991
65.5001
19.9108
31.2916
17.2863
67.751
19.5759
82.8022
38.2649
25.6742
21.5659
78.7664
70.8515
48.3975
18.4909
5.77482
71.7672
20.7528
42.1059
67.4978
60.4901
24.8999
76.3661
21.1743
21.954
66.951
18.1259
9.14541
72.2476
88.6693
31.1975
99.3034
4.37649
39.3845
29.9615
9.41786
39.9864
2.16599
24.1545
3.91281
66.4409
60.2339
64.8752
53.0922
36.4616
38.9987
33.8574
48.4343
63.6391
9.09761
94.2832
64.3082
48.0345
88.0516
72.3153
24.2244
17.6205
4.1028
15.7455
48.1065
36.2614
28.6093
94.609
80.5303
65.1594
73.4546
6.46486
60.4246
14.642
41.2042
6.86072
30.3455
24.5039
47.7549
62.1832
92.1961
98.0108
44.692
31.0233
79.131
7.28751
97.9067
66.8259
92.0761
35.9808
61.0801
29.5075
65.9674
4.22217
89.5291
58.8907
74.678
0.836318
41.8158
98.7178
37.0429
91.5228
0.869729
50.9748
36.429
92.9873
63.2501
85.7747
92.8223
76.0096
87.0169
57.1963
7.39396
42.7171
14.6245
16.8229
27.0692
33.0426
48.8597
73.2147
61.0704
84.0722
67.214
98.588
86.8868
21.8021
37.3998
39.7364
46.2977
11.6951
7.96569
94.6803
4.19394
37.671
26.7997
54.1817
61.3366
75.4532
65.1666
11.9184
2.04733
13.7972
90.9661
28.767
60.5921
63.3327
11.6368
43.2048
24.5058
70.1678
86.5521
66.8632
63.752
58.0043
17.993
36.467
44.5782
50.2646
52.456
82.5281
12.132
34.3635
3.37506
80.6473
62.8325
97.256
29.4929
96.3687
20.5764
59.8572
52.9255
99.3194
60.8912
70.84
54.3265
34.4073
33.8448
15.566
76.2735
41.7122
91.2422
57.5676
55.5465
52.5489
20.1441
5.21498
29.0395
97.5628
96.8171
50.801
81.3427
4.52953
97.2609
43.1767
47.9962
30.6043
57.2958
18.7798
75.1127
99.1117
47.8559
79.1465
74.144
66.6011
47.7768
14.8114
65.521
90.1167
6.24026
93.0106
84.8326
29.1336
38.2426
17.0775
39.5634
77.3526
31.6755
67.7758
68.3582
72.6194
34.9988
96.3813
17.3071
56.3134
27.4674
31.3887
81.6782
41.7897
74.6027
49.6938
44.6913
20.3074
66.1985
61.372
96.7544
21.0508
58.2663
68.1394
81.5882
46.9928
83.1219
91.9573
45.1975
81.1897
67.951
75.5425
29.1397
88.3671
54.0919
57.3311
47.8307
24.3273
67.7654
20.4759
40.2165
85.1675
55.7073
74.9496
51.216
21.387
74.9333
76.9555
80.3476
65.5986
63.1533
79.2205
79.3478
35.9558
21.7389
69.6642
45.0137
91.5432
84.5511
37.146
52.9673
39.7999
69.7988
51.1111
19.1211
97.1019
92.877
95.6619
52.3676
27.4266
32.1005
65.6949
71.2962
64.8753
99.7612
35.0952
8.08818
16.9927
39.0623
18.8808
1.33607
87.8705
29.9522
21.756
34.8169
97.1581
89.1535
61.4222
28.0446
43.0287
41.7158
36.7418
2.4017
74.1483
32.8466
55.4108
92.9464
10.5508
28.7316
7.98846
84.3017
68.8558
54.3108
24.9126
73.4018
97.3118
67.8587
33.3367
82.9225
40.8081
44.7941
51.6696
31.6941
62.3272
3.41356
31.9595
60.9281
45.9915
56.1735
24.54
85.4408
30.5198
56.3231
57.4554
50.4929
71.0596
88.372
2.24108
43.0248
48.3183
64.5066
19.9894
29.1387
3.19619
5.92876
74.993
70.6964
47.0872
35.7243
86.5633
88.1706
79.1463
55.2313
65.0263
97.6865
95.0181
35.1803
4.74018
40.9041
58.9483
45.3793
66.3966
15.3317
85.7541
17.9736
19.4821
11.353
44.2204
34.6198
18.5118
5.65621
0.868606
30.5201
17.0352
10.2117
21.7619
59.3206
6.61166
0.513747
95.2942
86.7869
62.2972
22.8609
2.47151
41.6989
27.0512
64.2686
45.8949
68.4296
98.1321
9.21375
1.10412
5.81997
19.8027
52.3406
78.632
68.8504
30.9977
59.0887
97.4912
74.8152
12.9683
34.9014
53.4531
70.6141
51.7523
96.2874
87.4247
95.8068
34.4156
40.2045
98.0191
43.6698
24.1806
92.3287
89.8513
3.33091
60.7848
90.173
38.5767
50.0438
82.6917
82.8691
41.2844
91.8206
73.1113
19.5684
90.8247
71.0929
21.4552
66.4492
72.0591
68.5406
72.0318
21.7561
8.42475
25.7904
67.764
8.62638
78.6125
22.3115
44.1235
66.0152
79.6699
57.5793
85.4743
91.5181
71.2157
27.3563
83.4688
85.7658
43.6921
38.0707
66.6895
54.7406
32.3537
12.6082
4.85123
18.8848
1.39692
77.6042
99.9286
19.0856
46.5181
34.8437
31.5299
90.9567
37.5682
45.7227
67.0482
12.9196
25.43
9.53478
93.7606
55.6305
4.67144
87.5373
47.408
0.19286
88.1405
92.7494
54.0849
88.0236
2.20971
73.4091
96.3583
4.18454
43.8996
99.6149
92.9944
63.8019
16.3897
93.3621
66.2954
54.2218
19.6724
47.9197
40.6297
63.6802
92.9608
60.5207
55.8161
63.1207
10.7781
70.5338
77.5239
92.74
97.042
68.3187
78.3372
69.3518
29.0173
69.586
61.0964
39.7785
24.4315
26.2145
73.8569
77.9825
4.00682
5.60063
89.6574
89.6554
1.22561
80.3849
79.1406
11.2491
28.0199
97.6295
27.3262
19.0083
95.9112
94.3643
52.1614
51.7617
66.3802
23.2467
46.6408
32.0816
33.6418
82.1309
67.79
8.99918
38.8922
85.0137
40.8303
71.1463
69.838
13.682
98.0019
52.2955
16.959
2.26811
7.96156
4.06727
99.4769
5.91163
9.95244
68.0211
99.7732
73.1282
38.7294
61.6251
77.8531
2.10457
94.7063
85.396
85.7282
16.8294
44.1771
59.5166
63.2092
2.71238
12.9078
9.40756
1.86753
22.8788
22.4592
8.98093
15.6798
77.6012
46.9192
14.1255
13.4395
48.819
80.6919
63.0221
0.645861
13.8265
56.1482
24.1628
3.15861
88.6487
94.7745
59.3457
15.1413
28.1283
65.3849
23.8781
83.9861
4.64325
98.7863
39.8388
24.7307
96.5453
40.5882
49.5564
76.5422
28.6139
77.6076
9.17169
56.6755
5.42631
46.89
67.1372
14.1454
32.5456
47.5746
80.29
14.0411
23.1509
66.6881
47.8655
50.0939
84.2136
98.5576
36.1006
15.7755
62.3381
60.8865
72.3055
66.3191
50.9217
46.2674
0.701829
61.0414
49.9585
94.976
96.1914
39.8364
87.2516
16.7028
24.0264
89.6286
67.3901
17.444
61.6046
73.1709
25.4935
47.7926
96.5098
41.5835
65.2932
20.8381
91.4156
48.0813
22.6151
