100
100
1.93031
9.02977
2.38225
3.26728
2.64827
3.68818
7.59227
1.19594
0.564979
7.27527
1.11959
7.67898
8.10735
5.18441
9.43159
8.44143
5.0727
9.32788
0.330208
4.74545
5.93189
2.14404
3.43787
2.57065
5.73225
7.73623
6.59785
8.59762
3.18252
4.00769
7.27197
5.79286
2.58815
3.46611
1.0858
4.11464
0.606118
7.09245
2.6685
5.08407
5.00658
4.27979
4.99001
9.65881
6.17264
0.161027
5.61299
3.83486
4.03403
7.312
6.07208
8.51004
5.01642
1.43632
8.20596
3.16575
0.89748
5.62512
7.22598
1.47306
5.21035
5.63328
3.99613
9.58174
4.45918
2.90139
6.19546
8.98096
4.34241
5.02272
6.88188
3.39253
8.52906
4.77421
5.00605
4.09058
9.88605
7.48674
5.91369
0.939469
3.60058
8.71435
9.88785
0.993962
0.982498
8.97515
9.4383
8.92083
8.61499
6.64585
1.73104
1.22402
4.14964
9.37223
6.67128
3.82531
5.79874
5.69716
8.72934
1.43457
1.1205
9.48079
1.043
7.01353
8.25515
1.94028
9.24404
2.22991
7.44676
3.65044
3.77867
3.13392
8.75377
5.76123
1.08571
2.1211
6.75114
8.21692
1.86908
9.4998
4.2316
2.45635
6.73966
2.33824
2.31329
2.1722
9.64739
9.4956
1.18756
2.18958
1.84957
5.63374
7.91489
9.56197
8.88927
8.17672
1.80022
6.65274
0.6353
4.18201
2.21024
3.70161
7.14037
7.36459
5.15341
3.74915
0.0651567
0.570317
9.32971
2.03407
2.61857
5.10823
4.58308
9.0951
7.48196
5.47539
6.56955
5.36213
4.08148
6.66145
1.97231
0.327191
4.04586
4.27294
8.6784
2.18234
4.94204
9.97339
4.91647
5.43261
3.2279
2.51225
2.67519
7.91182
3.24335
4.34832
7.53375
9.40015
1.47389
7.78028
0.0621866
5.26037
0.197244
2.92415
2.46147
5.69677
4.67939
5.30485
4.72038
5.46401
2.73392
1.90486
5.26462
1.51058
7.581
3.02496
6.82274
0.236274
4.47825
8.60545
8.52952
9.86996
5.44001
2.99886
5.7708
2.75887
2.32172
6.08742
7.79534
1.52407
5.21085
9.53528
2.28885
7.76007
6.66013
7.72799
3.35385
1.3921
5.77773
5.80388
0.337163
2.58172
4.09687
7.23897
1.53286
5.33382
1.60713
7.30959
2.66762
9.63406
5.62459
2.0553
1.98341
9.0569
2.85389
8.23551
4.56504
3.27004
7.77634
0.34722
5.06421
4.04019
6.12543
2.22382
6.11589
6.25865
3.12549
4.67205
0.686094
4.28635
6.54006
8.37988
5.83406
1.85256
8.67914
9.18305
0.172951
8.67062
9.58457
5.68722
3.93515
4.34004
9.0063
1.69392
1.68089
0.681946
1.04361
3.28607
0.0693488
1.416
3.73653
5.59145
3.52683
5.19117
2.69091
5.05128
1.58432
9.61213
8.76315
6.34275
4.51594
8.52844
6.54208
1.72364
2.21504
3.15296
5.38808
4.60919
0.834677
0.677834
6.47555
2.99871
6.01715
9.77882
8.21441
4.35653
1.83969
5.87343
8.79715
5.97955
8.46604
0.198307
1.64979
6.28027
0.182412
3.65806
6.48405
0.0314413
8.95866
7.15241
2.53722
1.12764
3.30992
3.41294
2.74633
6.0795
2.21061
9.62538
0.290689
2.7886
3.28008
7.2739
1.40495
3.36112
9.74471
7.88522
1.61221
1.63389
4.33715
2.95
8.17653
8.37979
1.49028
9.28045
2.13916
7.8421
9.51456
7.50317
6.90904
0.881955
6.30391
7.51886
7.91038
4.63036
0.583353
4.36084
0.105035
4.07355
3.16792
0.614532
8.43543
2.3754
7.5778
9.51438
7.59491
5.90487
4.92163
2.8159
9.04158
1.5362
1.57946
9.80444
8.5388
8.46302
9.9214
1.11532
0.322234
6.44377
3.76461
5.25612
3.66894
7.98902
7.15635
3.77628
9.94352
7.63809
8.83802
3.50468
1.70649
1.1691
6.11177
6.63291
7.13736
2.67672
4.05774
2.63162
3.68109
5.86091
0.116304
0.454142
1.98312
2.52017
6.60761
3.70969
1.82503
0.118114
5.61976
2.58988
1.35678
2.48643
0.12997
9.88588
7.47529
0.988561
6.79884
9.87366
0.833155
4.77843
7.42132
9.68399
7.64094
6.61381
0.27098
8.78945
5.69836
3.94857
5.49006
1.16863
5.11801
0.124196
0.854432
7.85279
9.87626
3.76981
3.37568
2.0053
8.48969
0.659726
5.99845
3.15777
5.75339
4.89976
2.23678
5.6606
1.14348
1.09277
8.59563
8.14692
1.50762
0.826566
1.73947
1.80534
8.45568
0.136029
0.959179
6.16166
0.308376
7.29932
4.38557
7.02631
1.65539
1.88826
7.32265
2.52352
6.3248
8.43672
9.50107
0.421681
7.70387
3.60407
7.73753
1.42963
4.12147
2.88463
3.03229
8.86014
1.42695
1.97763
6.97913
6.30115
9.25579
3.86071
7.79913
5.59283
6.64246
1.30108
6.13859
3.30524
6.47413
1.21879
4.06087
2.37305
9.5329
6.0117
7.93035
5.82341
2.03586
7.29021
1.00162
6.56519
2.56447
0.7113
0.405788
7.59436
1.71817
9.46418
3.60366
9.05994
5.9448
7.58773
5.10514
8.93241
6.46477
1.9814
1.75533
7.6482
3.91123
8.56824
9.62064
4.37194
3.25465
0.806837
3.67062
0.120438
9.28455
7.06265
5.40678
3.36861
0.448118
5.83698
1.85327
5.61331
8.08615
9.24631
1.26787
5.1726
5.90699
1.79106
8.19651
4.94694
9.953
2.71052
6.63098
2.38546
0.891385
3.77005
9.89927
4.92808
0.782952
1.302
9.54683
1.68456
3.66207
4.06618
1.38661
0.472906
2.0877
8.91386
0.260203
8.46914
9.37286
8.54079
7.51636
4.16386
2.04575
0.463819
3.03776
8.00615
0.518689
4.56792
0.460313
7.14597
1.02639
9.83847
7.59667
9.24772
6.14446
5.80496
4.21147
7.43483
9.23731
3.99081
0.780789
4.28788
4.57535
6.2962
9.36943
3.41745
1.874
0.286962
3.98143
1.21466
4.71845
8.77839
5.4499
8.56863
6.56854
1.74848
2.21083
1.84607
3.1555
5.94857
2.35042
6.36421
8.03454
7.74407
0.286605
7.91217
4.67899
9.80082
4.50558
7.82771
0.935983
8.65002
6.8416
6.84537
4.19883
2.60985
7.58398
5.48322
4.19939
2.56401
5.71139
4.36055
7.54979
7.1454
0.630363
5.11678
6.93506
4.02154
5.17024
3.74232
0.729136
5.31035
3.42996
5.82707
4.48064
0.269709
6.1716
6.35416
3.5607
3.19781
1.14604
4.12135
5.51569
6.0873
5.22688
1.69018
4.45713
7.86221
7.44469
0.744187
9.21634
6.07996
0.0280412
2.81397
6.84556
7.37754
4.47596
7.66165
1.08843
3.42277
0.892393
9.91216
9.66154
0.0633174
2.94809
7.53337
8.34397
3.75939
4.06628
5.8502
1.40472
7.72424
8.09319
6.7712
0.891256
2.13071
8.38543
6.44041
3.14609
4.14117
4.56018
2.09381
6.14735
3.13933
4.62287
4.21303
5.20853
8.12076
9.51599
3.88744
1.2176
3.22931
6.41042
1.03775
2.98233
2.19345
4.79021
2.30681
5.99782
7.66266
1.9345
0.75848
8.30945
9.29302
3.38822
5.77358
4.15333
2.86142
8.68246
9.42079
5.86332
1.5431
1.37597
9.88895
3.69908
0.335193
6.94143
5.55081
2.01267
7.13302
8.85229
3.18858
7.05947
6.93377
6.84242
3.17311
8.76912
1.2504
7.09445
5.02578
3.11605
0.175314
3.21577
2.72853
5.30718
7.88681
5.43186
0.975592
2.39232
4.54823
9.98948
8.76002
9.23012
4.22932
4.1804
5.10471
6.93712
1.44719
8.26938
5.69144
2.58592
0.909411
8.39415
0.371555
2.08861
4.41828
7.31855
0.4868
8.65283
0.266499
8.75602
2.26484
9.48809
9.67217
2.59467
9.74227
4.04114
2.052
8.3027
5.50718
6.55052
4.89043
3.95798
1.55394
0.657192
4.95963
5.91397
3.17018
6.66009
6.72301
2.44607
9.63257
4.52012
0.679202
1.81477
2.2569
6.63558
3.65971
5.75164
0.494814
1.95676
9.31574
6.14872
9.21742
7.84071
1.29572
7.60278
4.94996
6.45601
3.432
8.20194
4.20966
0.0949428
0.227932
9.1548
3.00315
4.49269
9.85565
2.66591
1.65834
8.10325
1.25117
0.123106
5.59808
4.10347
4.24814
6.19393
9.30292
4.35296
3.86688
3.98305
6.8883
8.19379
8.09402
8.38285
3.4881
3.32166
5.43064
1.2967
4.15949
3.77891
2.104
7.41145
4.7304
1.44875
4.71175
3.27804
7.88534
3.6092
5.85992
3.5319
0.0335215
0.686972
5.62921
0.14659
0.640793
0.685536
9.54347
2.45713
7.40837
6.55161
0.749152
3.24636
5.70334
6.2826
2.82641
1.73842
7.47623
0.816085
9.03206
8.05864
3.0205
0.453405
8.69307
2.56031
5.62885
8.89112
3.58176
1.7349
8.02672
3.97175
2.41906
3.92972
4.92036
6.26988
6.79016
1.88631
4.32553
2.25587
4.06589
4.18834
0.00623853
1.35663
3.87806
8.0378
9.88124
8.22305
9.24015
6.86096
7.03708
7.49326
9.6441
9.27281
6.09367
2.49384
3.25953
5.53425
6.98449
6.65821
1.68896
2.74896
8.55528
3.1835
8.31708
8.15748
6.55746
2.8567
1.56298
6.81277
1.85241
9.99814
1.26017
1.62206
7.70181
1.58162
7.99493
6.84278
3.65153
5.55424
6.01281
9.1007
7.87051
0.517147
6.52683
4.96055
7.60649
6.23944
5.7506
8.0362
7.49211
8.61301
6.29233
4.78005
4.5679
6.31073
8.53795
5.59842
8.43489
4.12529
2.80306
6.45462
6.10272
3.95538
3.37845
9.52782
3.9522
5.46731
9.68166
8.49185
6.12953
8.55886
2.23703
4.42504
3.90234
9.50685
8.34433
6.83433
2.87196
7.85423
4.88839
3.64296
1.07053
0.78913
7.22123
7.08289
7.03555
3.84154
6.63813
7.32003
4.71692
6.24738
1.8331
9.56049
2.2924
6.8703
9.1224
8.22267
9.44179
5.58311
0.334138
5.46315
5.62056
9.8221
5.21072
6.21335
6.50608
4.24969
2.73538
7.02732
6.64734
5.10755
1.76116
0.503962
0.107848
2.30167
7.90333
3.57282
1.34382
4.86184
3.39337
7.85502
9.71742
9.10697
2.31013
6.13492
4.94296
6.91478
5.36284
5.55149
2.01755
4.99985
3.64675
1.12708
5.11678
5.42813
5.81223
0.275875
3.26001
6.842
8.43319
5.65408
7.96411
1.0161
0.55064
6.02083
5.2738
2.12455
8.47915
0.999913
8.26559
3.99745
4.49579
8.52785
1.74618
9.42476
6.23938
0.842515
9.93952
2.65423
0.262229
9.72604
7.38041
4.86498
4.86991
8.82564
9.85386
6.88123
9.61404
2.05194
1.57474
0.281475
2.47854
5.32211
7.88274
7.99697
0.692707
5.43682
4.81037
2.11402
6.10908
3.24202
9.09078
8.48418
5.13271
4.58209
1.35932
9.6385
0.380094
6.34399
7.82821
4.38083
3.51017
6.60633
8.68196
4.92389
0.474116
2.22778
8.48862
5.61296
0.262081
5.78933
4.41245
0.241298
4.28344
1.21869
4.13219
2.36431
8.45412
9.16777
3.72395
8.60089
4.29741
3.97409
4.21985
1.54099
5.18589
5.82352
9.04755
9.78737
2.4575
5.31351
9.46252
5.13698
8.21081
5.62151
9.61596
2.76507
7.94325
4.20802
3.95946
5.20702
1.80675
3.80887
1.59525
4.67826
3.94431
7.38961
4.5071
6.38255
1.99965
3.10372
5.49899
1.77185
7.64464
4.20999
2.82729
8.72705
6.83962
8.16518
7.15289
5.04456
9.78428
3.21307
9.79955
4.83096
9.00585
0.000775158
5.6291
4.10127
9.69927
2.10897
6.21858
4.76842
5.13496
3.93052
4.98963
5.10549
3.76395
4.44373
0.0777823
2.20031
0.244824
4.65189
0.158056
1.27306
2.72406
4.50985
8.78363
3.06572
4.8895
5.70149
2.60147
3.03848
6.32679
7.56245
6.88102
4.91101
6.87528
8.11776
2.38857
4.82468
3.91554
0.507138
0.922604
0.338948
6.13471
7.13149
0.0121655
4.09306
5.60783
9.8642
7.60187
6.23731
6.91054
7.92518
5.4704
0.117353
2.77343
8.26348
7.42698
0.165021
9.51796
2.21104
7.51623
7.62418
2.33046
6.49097
0.0812819
7.59793
4.36977
6.79747
7.82257
6.58298
0.418538
0.21891
9.08363
4.52125
1.37257
5.51514
5.61047
2.20319
4.44071
2.2789
1.64993
5.33924
9.55444
3.78958
5.1311
9.94923
1.23269
3.01071
7.80887
8.55635
6.20689
5.64257
2.87858
9.82838
8.8721
7.31639
0.866656
9.12639
6.81128
2.37253
3.91107
4.93311
0.1805
3.28781
3.95147
2.18696
7.33877
8.85432
6.51302
1.99216
8.643
0.638114
0.846558
5.86485
1.95611
7.65734
3.57536
7.95196
7.34117
7.24033
2.75235
6.06108
1.04169
6.7145
6.99779
8.73563
9.87624
6.86862
7.06318
2.76148
3.86504
7.10931
3.96093
7.76051
2.20766
1.64607
4.46221
3.29247
1.22269
7.35067
8.51083
6.9125
4.52985
6.80864
6.40696
1.28243
5.11774
0.533549
0.248111
7.37781
4.2874
4.20625
8.01628
4.28094
2.85764
2.28574
7.46399
1.48582
2.20883
6.26152
6.26161
0.373753
0.407771
9.77581
9.46517
1.01015
8.80878
9.86271
2.64705
8.43918
2.87399
8.49649
9.57277
6.90619
5.64339
7.58684
2.57987
9.09597
5.5293
1.2432
5.57099
9.21312
3.65591
0.850319
1.62639
9.32866
0.665114
9.84758
8.78246
2.33813
8.73061
5.22862
3.14064
7.12934
2.08081
2.00057
9.99868
2.7202
7.83424
9.41558
5.47042
8.77306
2.30612
2.38921
0.514109
7.23611
7.12236
5.81191
1.94817
5.99224
4.77524
3.33512
9.42387
4.19609
4.76725
8.99637
4.28262
5.31033
8.43896
3.35208
2.60865
0.138186
5.8196
6.64059
7.22986
7.22143
0.732788
9.38781
2.86578
4.30312
4.1194
8.38334
8.34873
1.95065
8.17591
2.04127
9.81722
1.53566
2.26804
6.02356
3.44668
7.49146
9.76582
2.54777
3.98266
3.17035
5.61852
0.184167
8.11359
3.6163
0.262961
8.3803
4.8062
4.62487
6.31815
4.43776
8.81688
7.84929
1.12071
7.78498
2.68244
6.79055
0.928296
1.17571
2.02941
5.60772
6.43929
0.100382
4.96202
8.70445
6.67961
8.87695
6.12961
8.21331
7.22321
1.53892
9.39469
3.88413
7.09562
8.04416
4.61074
0.86701
8.12197
9.80572
3.76918
3.69839
0.225957
0.419256
9.1883
2.49009
3.60909
6.84797
4.74288
5.78634
5.26093
2.12401
2.60542
5.32517
8.25688
8.03547
5.43427
8.74256
4.20398
1.89689
6.18103
3.11934
8.45435
9.90665
0.392228
6.6622
0.634302
6.84913
6.00595
0.823478
7.29715
5.25122
2.48502
1.60343
6.80303
4.35222
5.49997
2.83878
6.9302
9.75336
7.70273
6.95065
3.6496
1.31316
8.31307
1.0546
7.69201
5.07313
8.93494
0.978233
6.419
6.04216
1.14158
9.19822
5.16077
5.22291
4.72213
5.86257
4.31266
2.24202
8.04182
5.85116
4.37743
8.17986
0.816599
4.73484
8.64363
3.2653
0.983653
8.07078
4.36821
4.55033
4.81461
2.50294
0.975174
7.71225
7.36873
4.35576
7.25425
1.84653
9.44735
8.54046
0.0512681
4.16739
3.40907
1.97027
3.25136
3.52562
6.45005
5.71022
7.3257
6.09636
4.79815
4.34946
2.2606
1.49742
3.24926
3.04523
5.84582
7.36357
0.461992
6.22673
1.22694
3.72284
7.31135
0.488536
6.81263
5.0755
7.09777
2.64861
6.99607
0.285131
8.17583
9.02732
5.23618
0.507323
4.72332
6.93208
6.82889
6.7762
1.01912
1.71964
4.50529
7.43032
8.97521
0.303428
0.0828372
7.03863
6.14421
9.42509
8.88405
5.18039
4.26452
5.48635
6.06304
0.260136
8.65595
3.089
5.49347
5.18994
9.05482
0.13474
3.9132
3.29106
0.824924
3.67399
5.85438
5.51568
4.00017
4.89898
5.29052
6.93309
3.70516
7.55075
8.73859
0.801701
1.55914
2.66392
9.65279
3.23529
1.77339
2.69046
7.17107
6.85551
5.9541
7.96623
7.0449
7.42684
5.29624
2.576
7.63226
8.03625
3.38296
4.12387
3.06461
7.91567
4.40787
7.65603
6.21299
7.95916
9.29436
8.23737
2.28689
4.40026
6.15693
8.41075
1.51393
9.61653
8.21999
4.87642
2.58873
9.93444
9.75731
0.883626
8.99622
4.4517
0.845022
9.06377
0.401872
1.38383
9.44814
4.02473
3.78897
9.84328
6.67518
4.88771
4.62859
1.80441
5.97613
7.30634
6.43382
5.94281
7.20256
7.87396
7.99206
3.0061
1.10757
4.03288
6.91256
4.2147
0.700809
2.55615
4.89918
8.11389
2.74
4.52822
1.78473
4.2987
0.154538
3.65682
0.0629492
2.17377
9.65096
8.22942
9.91833
8.38191
3.67228
4.59748
8.87617
4.41861
3.82314
3.23624
8.68276
8.44085
6.3833
1.58013
2.10603
7.25802
8.7084
8.4955
4.64922
0.946384
3.65347
4.46771
0.585941
2.42336
8.96778
3.08064
0.0177887
0.866178
0.269775
8.48518
4.7226
5.89376
6.20454
4.61643
8.97274
6.89429
7.82989
0.94092
3.21409
6.16942
2.97898
9.10944
2.46343
5.91432
4.95966
9.98487
0.936102
9.13995
1.08669
6.74188
7.7247
9.19882
2.98241
0.960095
7.03081
9.69471
9.79578
2.8033
3.12615
3.93204
8.79277
4.96962
9.14054
3.13063
7.58633
6.91205
4.2688
2.00912
9.94813
3.74163
1.15637
9.00548
5.84706
9.47394
5.21261
1.04343
9.30216
5.60074
8.04825
4.2903
7.53841
2.94105
6.69431
7.4043
9.32492
5.06253
1.35472
4.29646
0.887875
5.68308
8.55302
8.52018
1.71577
7.28355
0.271113
2.32774
9.95745
3.57015
0.251974
6.21482
0.750404
2.7938
7.86378
1.50392
2.59111
8.76553
7.30816
2.39484
8.50312
5.86613
4.35883
0.771699
1.51237
5.95099
8.73173
8.03542
6.54519
8.37484
2.67617
5.26837
3.04783
3.21982
5.15086
8.41823
2.29112
1.55475
0.506791
2.44891
0.172181
9.16292
9.17332
4.38142
3.36498
1.80073
6.65639
7.87707
0.406059
3.35108
4.03329
4.09829
1.13205
1.46116
6.85751
8.34106
9.44704
7.86451
1.29966
8.42924
5.37881
2.39053
6.66043
8.10604
2.42566
2.89459
2.14535
7.55008
2.64316
2.53406
9.46414
5.91174
4.85158
0.998587
2.93474
4.98673
1.7798
0.817181
9.8744
8.19008
7.87676
3.28426
9.87756
7.43533
8.38399
6.82254
1.92793
1.07673
4.3287
2.25473
9.49774
8.93265
3.86942
3.97224
3.24945
5.79233
6.59854
2.93421
2.08858
7.17984
7.50807
8.19576
9.42281
4.21749
2.52777
1.32197
8.62353
4.58146
7.6214
8.69231
0.648623
8.86615
7.40626
7.97209
2.95675
8.20811
5.56286
6.31435
9.38911
7.47601
2.19598
5.0358
8.24059
4.17897
9.13638
2.45599
8.82186
5.34229
0.209132
4.14655
0.358854
5.40627
6.98227
4.47985
9.8271
3.22274
8.91908
9.89301
4.03763
7.92404
1.30088
9.79112
6.11471
5.25562
3.20258
9.1137
0.335723
6.46691
2.30707
9.57111
5.10895
1.43128
5.29851
5.19718
8.52726
1.78815
4.46021
3.18812
5.68605
3.98819
0.614269
4.14988
9.58471
1.47056
2.92169
4.34298
4.76658
7.27434
1.19097
0.106549
1.06152
3.33805
3.36693
0.330021
7.75511
5.42254
6.70681
3.36776
7.0545
3.47376
3.34748
9.75865
9.53283
3.86605
6.90795
1.98307
0.441397
5.78406
1.62455
0.89631
5.43843
2.34337
4.06982
0.504242
8.57756
9.80336
7.83064
3.74189
0.670177
4.7593
2.31666
0.143219
1.4383
1.28847
4.53392
8.92744
8.22073
6.55734
5.92527
5.6158
8.21194
9.90047
2.01403
4.23959
3.46599
5.12639
7.97218
4.06779
6.47147
0.752326
0.00278959
3.10398
1.03913
4.07372
1.78379
6.48642
9.78328
2.63849
2.22621
2.03524
0.305353
8.05759
0.225714
0.433075
3.02738
0.831929
8.65312
7.111
3.5323
2.14672
0.302434
8.5498
0.668288
5.89159
6.41006
0.435137
0.596785
7.63244
5.45096
7.84468
3.63996
2.55137
2.6786
3.93655
9.92315
6.41969
8.73464
7.41724
3.31168
1.90001
2.43497
9.09647
5.49355
2.06055
4.2216
3.70455
4.63662
9.47475
7.26508
5.6527
5.4381
4.90369
4.21108
8.22977
5.19102
0.0138447
3.19279
2.44636
3.42565
8.81479
7.19975
0.150804
9.17124
5.66642
4.76987
3.93142
2.20334
5.66993
1.94503
0.270369
9.42976
2.42643
0.199749
1.103
0.103641
6.41217
7.93062
6.58868
0.15879
0.464556
0.696989
5.0806
4.36548
0.426381
7.94418
1.7607
0.803759
7.02951
2.85614
9.44014
5.90921
4.8274
3.76797
3.59555
1.60902
3.91344
2.10473
9.69698
7.90023
7.23283
5.18249
1.31678
8.60717
9.86447
0.990026
9.30106
2.92001
3.0759
7.45471
9.58757
0.179877
1.42448
3.92326
3.52419
5.04624
3.20247
3.26443
1.24472
6.62722
1.7262
7.05593
1.14061
2.35526
8.18112
9.81031
8.14918
4.02996
5.87508
0.96455
0.716135
0.128473
6.75644
8.38402
0.163976
6.37852
1.85173
3.65385
1.96758
5.51187
3.17144
3.04919
8.6515
8.35988
1.60909
1.86017
3.26679
5.87316
7.23122
7.45136
5.37266
7.51802
3.55891
6.10803
3.44747
5.23154
8.97104
5.23143
0.465225
6.59804
3.78471
4.35497
5.02079
9.38664
3.2358
2.47137
7.89457
3.95976
3.35669
9.12205
5.19703
9.66529
8.0119
3.44206
5.96975
9.36276
5.05422
2.68894
9.53061
3.53216
8.0028
1.69014
4.22578
7.54444
9.45161
3.52647
8.347
5.59808
8.03135
6.78066
3.3337
9.74459
2.79223
0.995271
4.24983
8.74902
1.66292
5.77971
8.32338
1.17885
5.31139
0.828896
7.53649
0.868237
5.40631
1.25363
4.32703
7.02894
7.17229
2.3999
1.97051
6.43325
0.910083
5.61306
0.832857
7.89399
7.46768
7.5109
0.474073
2.295
3.5471
1.10225
5.76081
0.371487
3.74182
5.51743
3.24999
4.23375
0.798707
0.513857
3.48141
6.36134
2.43026
9.7692
2.57521
3.44767
4.53241
2.39621
8.29298
6.76553
8.31091
2.56578
6.06026
9.67144
9.24297
3.73727
9.20291
7.05473
0.959375
6.03758
8.0961
6.06581
5.69627
6.79833
4.06893
2.6853
4.55953
7.57355
8.55742
8.93919
0.540054
8.84236
3.00329
6.28144
3.13572
8.82113
0.627082
2.39907
6.16472
4.94672
3.61004
7.27431
4.30989
6.75805
8.36897
4.2999
0.866751
6.58431
1.63153
7.53645
8.11522
3.97393
7.70036
9.08519
3.62297
0.677396
8.2019
8.48088
3.77096
3.77534
4.19851
0.239235
1.18284
8.0907
4.67066
1.78621
9.29197
6.58074
0.0238266
1.07348
9.01568
6.40213
5.52689
2.72167
2.93479
8.09539
5.85966
2.48832
5.69066
4.7981
4.82253
9.88871
8.61909
5.01074
2.8456
9.33796
6.13263
1.64608
1.29974
9.09196
4.43745
2.44641
8.6791
7.08414
9.97762
9.15174
6.67552
8.82529
6.55263
7.27372
9.14471
2.74502
7.04557
3.77146
8.4923
4.23258
4.90883
0.457454
6.5062
4.55997
2.62349
3.79462
8.37801
6.44269
6.60955
2.10466
0.529345
9.1436
8.55699
0.748837
8.88567
7.58806
8.64957
2.73195
1.80548
2.72738
9.59344
4.00975
6.53563
2.71908
8.79819
4.55206
9.96017
8.41048
1.03156
3.86217
3.1549
7.3386
9.20252
3.52284
4.37844
5.84638
6.97752
8.58966
7.80139
7.12714
7.20633
0.680791
0.825539
4.14276
8.00145
6.41818
9.77055
9.86677
0.27673
1.91633
7.83941
6.58987
6.33978
4.7751
3.15612
3.07112
5.83585
0.556955
1.12766
5.89785
9.12298
6.08523
9.07723
3.48873
6.07788
9.26116
4.54515
1.24745
2.79344
4.63522
5.47378
3.2596
7.99791
7.51791
9.20976
5.55182
2.17928
6.45269
9.4219
0.213665
3.11969
4.72073
7.18306
3.99223
0.617481
9.15292
1.93027
0.263171
5.46855
9.97129
0.354961
3.59468
3.55098
7.52366
5.96229
4.60784
7.20535
9.40745
2.67781
8.33294
0.354465
6.39548
2.41316
5.48062
7.19116
2.8248
2.34733
6.63627
2.27424
0.16274
1.3965
0.773603
7.25168
1.96589
5.43064
8.20866
0.828738
0.835058
2.02278
0.301662
2.94179
4.24231
7.48767
8.56685
2.85896
7.44115
2.61059
3.07582
7.89082
9.12543
9.22525
4.74666
0.0672905
1.1012
7.35367
1.11713
7.02132
8.32032
9.17251
5.52565
7.69035
1.87898
1.04859
5.3301
1.34677
5.01966
6.42787
1.59525
9.16129
0.915227
8.14387
3.4253
6.26771
5.73066
0.108919
1.33523
6.12032
8.03283
7.44001
9.15656
0.862021
7.78577
1.86333
4.92591
4.26959
3.39525
9.04648
5.87805
1.35707
1.44921
5.94298
2.94307
4.75458
1.28203
0.463255
9.76028
8.76206
6.12743
8.99611
0.341182
5.97217
8.71401
9.18277
5.23102
1.75767
1.63277
8.79862
5.24611
3.71456
4.95154
7.57905
3.8189
3.98507
1.26774
0.00879366
8.37678
1.93207
6.95416
2.84176
2.56462
3.79588
5.17592
3.26875
6.82831
0.296112
2.90475
7.92698
3.24731
7.11088
3.54925
5.32981
9.47247
3.98643
6.11043
0.0417705
1.33498
5.43613
4.56163
8.21491
5.70912
9.28001
6.11759
3.00536
0.625352
8.23256
8.89751
3.882
6.19824
2.00604
0.508844
3.58386
7.81738
4.06465
7.55462
9.37522
1.99023
4.44977
5.65643
1.68242
6.60791
9.59389
0.62657
3.60546
1.11624
7.87022
5.47244
5.12019
2.03487
9.03847
2.43278
0.925564
5.85209
7.77623
2.54427
0.183125
7.80515
9.20926
6.81006
4.55411
4.72366
3.9497
5.72376
7.68946
5.21536
3.15293
2.98422
1.2413
1.2687
6.78063
8.92935
5.63259
3.0403
3.05585
8.8896
4.47216
2.22517
4.5365
5.45765
5.44628
3.30916
7.48176
5.76845
9.5464
0.421408
5.7598
9.98393
9.62057
0.826597
0.464071
7.52634
6.85252
0.591779
3.96109
0.436232
8.04972
7.15242
0.894277
2.17548
4.19873
6.32173
9.91359
9.03961
0.367069
5.86534
9.78289
7.60637
5.75701
0.00288142
2.67464
5.32131
6.5366
7.7793
0.306337
9.28108
4.86265
7.48327
9.81706
9.9672
3.70758
4.66995
5.76793
8.38767
1.0044
1.59734
6.62221
8.82844
1.72807
8.22487
5.26567
3.31821
2.19682
0.0358699
7.84426
8.24077
3.90024
9.51675
4.19258
1.04551
3.60831
0.503958
9.17299
8.53769
0.611483
8.44032
1.81704
1.52888
7.84562
4.65651
4.778
8.45451
2.32235
4.84096
3.87941
0.352409
2.71081
8.31632
4.3343
5.20082
6.54932
4.71479
6.89856
2.69293
6.60902
1.98146
5.41256
2.94554
1.08013
3.67259
2.14045
6.17123
0.690688
1.43236
9.78786
2.76219
0.505337
4.99828
0.888741
7.25611
4.56351
5.02622
3.40785
5.41958
2.30227
4.96372
2.95246
6.99235
3.09396
2.97349
7.72476
7.19345
0.184019
0.871788
2.24768
6.53223
4.49802
8.1886
6.46836
1.55523
1.59755
8.05758
7.68315
6.29329
8.10237
2.18374
6.21557
5.90663
9.17982
9.45174
0.69791
1.80063
5.37219
1.39994
6.65063
9.11765
9.78602
7.05453
2.05739
9.76628
7.2495
0.945553
2.67074
9.633
1.04086
4.81499
4.1558
3.63853
4.38034
6.80402
9.29461
1.20801
9.74813
8.87354
5.43991
2.10013
4.22819
7.76236
8.24791
3.2108
5.00706
5.0926
6.45914
2.7978
9.70071
3.26504
0.94734
3.28813
4.37019
2.47682
7.75497
5.12824
6.75837
6.66317
6.01201
6.09463
3.28077
7.49285
8.89404
7.82412
8.18194
7.80647
0.673258
0.643674
4.04229
4.79853
3.99769
1.50462
1.58997
5.78737
8.79065
1.57342
3.47408
6.62658
7.74293
2.48675
4.5331
5.62809
5.81594
6.63472
1.16042
3.10939
9.63487
3.82923
1.91011
3.97403
0.652695
7.11227
2.35978
9.71223
4.5633
0.714174
3.08115
4.1146
7.22693
4.75789
8.35982
9.84908
2.00472
3.12427
9.21355
7.75424
9.90269
3.81716
1.04518
6.93236
5.17352
9.50335
4.16264
2.99567
6.98785
3.91082
8.77264
4.93892
9.78841
0.379911
9.73013
1.95919
0.337258
1.2969
8.76841
6.22419
7.98988
1.81013
4.95784
7.51558
6.97956
3.89899
2.20208
9.0876
1.44458
0.336206
2.40697
9.71045
4.55067
6.55028
3.2882
4.75297
5.49465
2.00861
8.51167
6.82668
3.15221
6.5911
7.5726
3.50407
8.27182
2.61047
5.4531
0.235769
6.35577
3.29923
1.33301
4.76476
1.50255
9.6672
2.49477
4.07761
7.99469
8.84065
0.726716
0.578659
2.30664
2.58622
8.45023
1.73866
4.40764
4.09768
8.00983
5.87396
9.25609
5.21954
4.26148
0.583148
9.81209
6.46729
9.02059
3.84448
1.31953
6.75308
3.40578
2.8539
6.92024
1.87429
4.61065
2.67222
6.11283
3.17638
8.42283
8.00792
3.52385
2.42976
0.0738709
9.47225
1.4651
8.21515
1.07364
9.95942
6.55854
7.86946
4.85092
6.65346
5.97757
1.32297
7.93858
0.447984
9.14087
7.3126
8.96919
8.16937
0.795937
2.96703
4.4228
9.48947
7.55188
5.49953
5.00405
8.97578
3.3896
6.63378
0.879337
0.403815
4.4172
6.43233
5.32539
3.41995
5.51797
6.47288
8.38476
1.21983
9.34036
7.00288
6.23005
8.99715
4.86084
5.71078
8.17968
3.10762
6.1576
7.75793
4.70916
1.05938
0.9447
3.73144
3.95747
4.09219
8.61227
7.70304
2.34546
8.28732
3.34747
9.012
4.39764
3.65993
7.03928
4.12545
1.02501
9.00637
6.71885
1.32985
2.70428
5.70645
1.07239
1.47472
2.468
3.37394
0.633336
8.70225
4.91977
6.64836
9.02815
6.83765
5.33718
1.16592
5.89596
2.25266
4.7444
5.24419
5.47679
3.41383
9.74561
4.88336
9.14338
1.7172
8.7826
8.04805
8.36577
5.31488
3.62855
9.79996
0.421582
5.60311
3.69019
5.95789
9.60431
3.80855
5.14925
3.46198
5.85573
6.16167
0.732738
5.60772
6.45005
7.41854
6.50495
3.16762
7.72037
5.70651
6.69685
7.92396
3.42508
3.59154
9.64656
0.339943
2.21131
2.12417
3.429
4.25312
7.08231
8.14089
7.48032
0.899642
2.57965
9.06567
7.12655
8.57546
9.02802
7.03427
4.13992
0.629492
7.90542
7.29237
2.75733
8.47506
0.851336
4.5832
6.44091
0.445125
8.00021
7.99037
8.64228
2.14725
9.4294
7.50454
3.52657
7.60029
0.809813
8.45864
3.97504
4.65147
2.83888
7.74576
4.35763
5.38534
0.0730619
4.72267
8.80227
4.7469
9.01924
7.11899
7.8591
7.54219
2.04441
3.4441
4.78232
1.81054
1.52032
1.24255
4.85285
4.20197
7.8892
4.36897
3.00273
7.80335
5.85442
4.59332
6.62169
7.66877
2.68483
9.31055
5.36677
3.54405
7.07866
2.25057
1.31829
0.543614
0.459846
0.146044
6.33991
5.88959
9.8187
6.57478
2.83034
6.29164
4.86453
5.79634
1.95407
4.68058
2.83694
4.06644
8.79474
2.11023
6.40632
5.74817
5.58975
1.118
0.366316
5.02396
1.48662
7.5977
8.45012
8.30965
6.33883
4.68264
1.09122
1.2046
6.72132
7.18194
2.26757
0.326674
1.15066
9.49147
0.638152
5.4983
2.55011
8.71152
7.54454
1.17426
3.32166
6.76658
9.55193
5.52062
1.83856
8.15189
9.62337
5.87816
3.6184
9.49841
1.42655
4.15265
1.94954
9.39733
8.88445
4.32733
4.17045
2.1017
1.45434
6.61816
2.72507
6.02863
8.94392
6.76534
2.41881
8.87939
2.10867
6.75965
5.16327
9.16168
3.00127
3.12044
5.71672
0.237473
8.47928
2.74725
4.06322
5.57353
8.44167
1.40968
4.08191
4.384
4.27251
6.65586
2.46743
3.7489
0.70957
2.0924
6.24656
5.31753
6.52988
2.38635
7.40191
2.43564
1.37942
4.77568
0.806106
1.65318
0.455246
8.1991
5.30471
1.40045
2.05291
7.20397
5.07992
3.56283
1.35115
5.70189
6.98733
0.898894
0.159126
6.5838
4.73877
7.64742
6.96007
0.298126
7.37688
9.36881
7.75587
3.95845
0.700234
9.39339
4.94558
2.33927
1.09409
3.31478
3.35061
1.19669
3.73338
0.41035
4.51011
6.11456
1.92233
7.41734
2.67235
8.37261
4.56942
5.64985
2.96473
0.123328
2.16343
4.35375
8.09413
2.76411
7.31576
1.11826
1.61198
3.9277
0.048764
2.60742
0.389193
0.214274
1.44883
3.39762
3.25799
5.90364
3.60485
3.58778
9.79983
9.89262
4.19503
3.92106
1.26236
8.57397
3.28692
1.83665
8.83951
0.778196
1.66031
3.18839
8.92909
5.03145
9.84465
3.07104
6.2258
5.22387
2.53316
3.94425
9.96305
0.736315
7.53833
1.75658
3.61123
5.93275
2.81914
6.64131
2.46551
7.61479
8.82588
1.90563
7.44911
3.74102
3.79146
9.15629
7.82178
3.89954
3.72464
8.02143
3.28224
0.747488
6.85646
2.31221
3.09677
3.51492
6.93353
0.306212
7.13807
3.2087
6.62315
1.24225
5.91792
1.42204
0.929982
8.53187
8.91152
3.11532
1.18435
8.47248
2.44074
1.17052
9.43077
9.82882
8.6897
5.10212
7.22757
3.3649
9.03405
2.36044
7.90725
2.85857
5.61182
8.01084
2.92033
3.8985
8.35045
1.82454
9.44827
4.66289
6.82337
8.55833
9.35078
0.164774
0.194267
5.05244
9.41747
6.20305
4.20519
5.9753
2.21864
6.24901
8.33737
0.572087
2.73914
9.38622
0.962265
2.83836
5.13371
4.90988
3.47743
8.0927
9.59963
6.70677
4.82229
6.80266
7.21152
3.62085
4.6381
7.99272
6.57861
5.09412
4.08345
1.15919
3.98453
9.76602
8.1603
9.70274
7.90781
6.48259
2.20641
5.5289
1.3929
2.58185
3.72326
6.22153
1.68187
6.9864
6.02737
3.26394
6.20627
3.356
6.61998
3.65059
4.37307
5.23797
8.75956
2.93251
2.36189
3.82969
0.529195
1.56205
0.0764387
1.48104
3.34553
1.76595
5.52125
1.34292
6.44885
5.40847
0.717221
1.02332
7.35288
2.59488
5.33682
3.83387
8.62136
8.90113
0.977832
5.7272
1.20099
5.7018
7.96217
0.596417
4.46727
8.08847
4.55324
9.03917
2.93091
7.07803
5.51848
3.16149
0.733612
0.524981
2.80045
5.77174
0.820564
9.15636
9.03417
8.74296
6.50321
8.32667
5.85889
7.89422
2.86185
8.93356
4.58489
4.23139
1.83399
5.50354
3.90909
2.28701
4.70662
1.42655
3.35449
2.75845
8.62916
2.21254
5.78266
3.73559
5.79149
9.56815
0.901597
4.40842
0.434203
6.04579
4.55797
6.72149
1.62322
4.26282
2.07231
0.0436357
9.30518
0.639305
3.6271
4.86783
9.06263
7.10809
4.16825
9.64708
1.60958
2.02421
2.51734
6.75939
1.85032
6.17024
0.0623452
9.65377
5.6312
4.9083
5.28814
6.85373
8.10934
2.1908
5.94071
0.898658
1.30082
5.891
1.12834
8.09696
4.21985
3.45522
8.97365
9.38948
9.20926
0.980251
5.02344
1.20093
0.189162
9.20656
8.69382
2.06799
6.2709
3.21672
1.87612
0.324145
1.01781
2.92975
1.05797
5.22972
7.87217
4.41259
2.68335
1.91356
1.55319
6.04896
2.91911
3.4329
8.97038
3.78657
5.09016
2.89678
4.64007
6.00044
9.39762
8.4059
9.47119
8.24628
5.40258
0.428285
0.386046
9.80732
9.80438
0.967564
8.36511
1.55357
3.01413
5.06682
7.10203
5.09633
5.16678
2.73162
1.24362
8.06707
1.32508
7.16743
6.63367
7.90895
2.09455
4.24751
5.79828
3.05039
9.94842
8.82082
3.49914
4.23457
4.43039
2.92942
7.43514
8.92511
3.16794
4.01495
0.668564
6.8368
8.30034
3.20707
7.18498
1.38553
2.84154
1.24358
4.34862
7.76263
9.19372
3.64484
0.933881
8.45627
9.14394
5.07803
1.96658
8.03647
6.52975
5.5097
5.18663
5.17064
7.91293
2.04092
0.854078
2.75968
5.15159
9.99907
0.261372
7.04864
6.11225
6.17292
0.895897
9.10776
3.576
1.60729
3.27665
6.51395
3.09727
2.46105
9.97879
3.79509
0.462882
4.54358
6.84187
8.93873
3.2202
5.76269
3.44237
7.73571
1.99524
0.540123
9.09549
2.69648
8.94573
2.82908
2.63771
1.42039
3.85205
0.446301
0.71696
6.94326
9.3851
5.87991
0.10578
9.47274
3.35949
3.23112
6.44401
2.93027
2.60542
0.971611
3.86488
5.17288
8.70201
3.2657
9.61197
9.3439
2.66676
2.08598
0.190642
6.1854
0.825294
8.63253
2.23013
8.01096
1.04069
6.70095
1.67394
3.03964
9.55263
9.41729
1.45327
9.18812
8.1029
7.3909
4.53737
2.9208
7.36157
6.39612
3.63029
2.84374
7.6466
3.8322
9.54691
0.175648
9.9955
5.39645
2.46661
3.99804
0.765763
1.12263
1.23962
0.385391
3.72762
7.45022
9.06514
1.27009
6.72495
7.92392
7.0803
0.79656
5.39946
5.07643
6.35623
2.18024
8.50635
9.63465
4.74067
8.99688
9.31375
5.47185
4.12632
6.05383
0.0965982
7.63913
5.81828
8.82592
2.59122
1.31028
1.33431
3.80954
0.0552626
2.61226
4.07126
7.46975
7.54638
7.47568
3.41183
7.54787
1.11767
6.54498
6.81769
4.45268
2.58778
6.78324
3.21752
4.9902
0.197467
2.96231
5.23919
8.35269
3.73643
4.42176
7.66217
6.00173
3.233
1.3528
4.08718
3.8099
0.0582824
0.45823
8.57324
3.29411
2.13468
1.37678
2.46435
0.620316
0.844148
6.30855
9.87686
5.16887
4.08362
8.0688
2.05912
8.03962
0.2633
4.0053
1.96309
5.92232
4.4623
7.60623
1.58025
0.16714
0.0736585
2.80879
6.8501
5.953
6.52944
7.90585
6.74987
1.38349
2.84344
0.947785
9.09067
9.92206
1.01381
7.02462
6.08554
9.68586
3.60577
0.182156
2.74271
6.08241
9.72388
9.71708
8.57929
2.44167
3.63211
0.613117
2.17563
8.04099
7.34544
8.62289
9.39401
2.6622
2.0196
0.227668
2.60528
9.89563
2.11974
3.53064
3.76944
3.07406
1.17079
4.34026
4.81203
3.41959
3.90235
0.188751
5.78689
7.10415
3.09372
3.55345
7.42823
3.9675
4.04031
7.42317
2.66238
6.71941
8.68117
9.57623
3.48769
6.80744
1.22857
2.72592
2.35859
9.56015
9.24349
5.7582
3.32254
5.42123
5.26094
9.949
0.847154
8.13523
9.10166
0.763478
7.32747
5.35813
1.81705
8.10058
7.2174
4.74215
0.0736008
2.00059
3.94445
8.26944
3.93589
3.98202
8.33808
3.09284
4.44113
7.34275
9.84943
0.637477
7.40173
2.13432
1.23013
4.02598
2.34074
3.36905
3.48862
2.99458
3.66051
7.15874
1.61554
4.02983
0.105053
5.46214
8.93794
2.52824
0.886255
4.11648
5.57913
1.75709
4.93015
5.66185
1.66717
8.24943
7.84656
3.91134
9.6899
0.72111
8.63203
4.7502
4.56125
7.77874
0.570892
7.5617
3.48933
0.677821
4.46345
6.93135
4.81206
4.31361
5.80878
4.9587
6.17535
0.218818
2.77234
2.89594
3.34196
8.74033
8.09612
2.28649
5.09142
8.77085
9.73285
6.12076
5.73042
4.2899
2.41964
3.85931
2.99059
8.15615
1.06091
7.05841
1.04515
2.68567
8.45125
3.97213
7.29744
6.90614
9.04068
3.05701
1.79251
4.42354
8.34474
0.301947
3.38287
8.60159
7.48835
7.13107
0.228886
5.07082
7.46297
7.47926
2.63793
2.23319
6.95838
4.83849
7.84794
2.06118
6.8958
1.35972
7.99482
2.832
5.98842
7.51663
1.48734
0.344888
4.6042
0.736538
9.64159
2.74136
2.48944
1.4127
4.95198
0.924977
3.16183
5.27721
4.98517
9.22164
8.78987
3.0201
4.68396
3.56159
8.0471
5.93958
6.08742
0.252117
4.19821
4.58135
2.79326
5.87899
6.2781
8.22285
4.20503
1.47427
1.58185
0.154694
9.29825
3.40589
4.18103
6.14329
1.62545
6.89894
5.61608
1.50567
8.81519
8.82328
9.37121
7.49549
0.285945
7.1006
4.77623
6.42481
6.62698
3.32241
1.56962
9.53774
8.31466
6.06007
1.45323
1.51718
3.85608
8.70716
0.814269
0.550438
8.19527
0.846617
7.54852
2.25636
3.34408
3.56342
0.0402164
0.735205
8.94608
4.53236
7.77587
8.23394
9.56665
3.00796
5.77128
5.10032
1.375
1.54766
3.05416
4.52529
2.05196
0.205097
3.73457
5.68193
9.28423
3.70354
4.81462
9.34773
0.929961
7.46142
5.61252
6.47104
7.67395
1.16462
2.65183
7.90362
7.4249
8.22681
7.08359
2.05915
7.91306
2.66098
2.69663
4.36113
6.83917
2.60752
6.57403
2.54325
7.56151
4.3572
8.58759
0.409291
8.03487
6.26986
4.02904
6.18725
6.37793
9.9052
1.99675
7.58751
5.24172
7.51302
1.40229
3.18482
3.51571
3.8244
0.520669
5.36895
2.91987
2.55782
1.46
5.07054
6.38566
7.15293
0.513011
6.93832
5.66218
9.47721
7.47365
7.25124
9.49566
2.75791
3.59281
0.455995
8.95449
4.95459
8.8899
9.35007
0.827956
9.33742
7.70285
3.86478
9.23259
8.69462
0.992886
9.55098
1.02539
9.92567
8.15204
2.92413
2.81422
3.75149
8.20127
5.31461
7.93219
4.07535
6.34198
5.3265
6.23521
8.06323
3.54302
2.9696
1.34271
6.52486
0.33554
5.03605
8.49352
4.50311
6.15827
1.12104
8.87403
7.43879
0.260793
3.59575
1.97423
3.252
4.52979
6.57571
7.60335
8.61814
8.65905
6.53377
2.87148
2.70626
1.0897
2.55123
9.96528
3.54325
6.06044
2.46117
9.33799
1.35844
8.43858
1.83854
8.37729
2.38366
6.82649
8.3737
2.07265
3.9655
4.99497
3.63127
3.21466
0.374999
8.5255
2.02864
0.441183
3.88368
6.98628
5.07619
0.989885
4.10297
1.16773
6.59502
0.901241
9.63983
2.92712
6.35456
7.10399
3.0598
9.96058
0.0204225
2.93192
9.81188
7.11621
9.88291
9.14335
9.13806
0.209396
7.94179
9.83331
8.50604
8.84428
0.441524
1.41839
2.99557
0.732665
5.43281
8.40313
8.70744
8.3853
3.15802
9.13129
3.15278
8.33741
6.56993
6.31011
2.90304
2.09716
4.57488
4.8982
8.01385
1.02053
8.15672
6.96468
2.376
2.6019
2.2443
6.86867
1.73322
8.23861
6.42963
2.61095
6.36866
4.17766
1.26782
7.41402
4.0395
1.10981
8.2452
7.59089
2.56105
2.69537
8.93782
4.03775
6.66607
2.14122
1.42357
0.0275443
6.74028
3.34093
6.83814
0.951655
7.56016
8.66765
9.00435
2.20481
5.65929
4.71547
4.35625
9.65253
7.49778
9.64876
0.520814
2.85466
2.54091
7.3204
0.418547
4.95275
6.55408
7.26311
4.97647
7.09415
5.44022
3.55829
8.15506
8.61448
8.55122
3.1526
9.70354
0.531151
0.3299
6.39851
4.82618
7.44515
6.03704
7.55116
0.946918
8.71489
0.257896
4.64756
5.0442
4.99974
6.00737
7.21951
2.47007
9.1879
3.77996
0.527084
8.38095
6.93296
1.21185
4.19589
1.41103
0.793083
8.0232
5.11518
2.55952
3.75847
3.33458
5.66268
5.14557
8.17886
3.66194
7.69054
8.42772
1.78126
4.17757
0.931623
3.32387
6.45875
8.27359
7.71354
1.77432
5.55512
1.07966
7.66439
3.06566
5.43705
4.61365
5.37381
2.60372
6.36412
0.830534
2.35427
5.51886
1.59391
0.631288
7.57541
5.89787
7.56711
5.81557
5.93777
0.122643
1.56313
5.35348
0.153861
8.90218
4.71954
2.59253
5.56175
7.70372
0.684654
8.97348
1.20818
4.11051
3.06748
1.10539
6.91197
0.931247
5.22945
3.52764
1.82302
1.17241
9.2117
6.51859
1.50714
2.72375
0.849323
8.30867
0.774553
7.74806
6.88919
2.78288
6.0212
4.83025
7.01604
0.751762
7.8616
9.54362
2.89906
1.08838
9.35426
0.525988
0.756037
6.57674
6.58175
6.41064
9.63436
9.55561
0.195627
4.94678
3.25429
4.21612
3.27449
0.803353
2.77149
3.43814
5.23416
9.4589
1.14173
7.22013
6.88529
1.67868
6.30516
3.46543
5.8024
3.87992
7.63659
5.74438
8.98527
8.98252
9.76614
8.94273
8.37069
3.83838
5.23163
7.94195
2.43297
5.78178
5.09995
1.21548
9.68709
7.52344
4.19371
0.336961
6.71573
5.73427
6.01102
7.52839
4.55317
1.77838
1.20541
9.17191
8.77472
7.91003
6.99001
4.07588
3.06446
6.76442
6.46087
0.0186583
9.35676
9.12505
3.21743
8.82299
3.7429
0.231624
8.45367
0.24453
7.98771
7.19889
2.71907
1.48872
3.42783
1.28184
5.1939
6.68388
3.18979
4.54198
1.33856
1.35712
1.15877
9.67278
7.79287
7.85408
5.59955
0.679823
4.46186
4.47961
2.23109
0.753637
9.02657
2.32317
4.51773
6.80389
3.7763
3.30755
1.18237
9.84344
9.98625
8.38559
6.47806
5.03397
4.25333
2.24848
3.06531
2.17416
3.74458
0.289657
7.18201
0.753211
2.31973
2.67767
1.41934
4.00231
7.52669
7.48678
2.16005
6.11771
1.87459
8.32326
0.379941
2.70957
7.44195
6.44225
8.22412
5.19863
0.950898
2.69009
1.55565
8.77654
9.31546
1.26637
1.95372
6.83289
4.69041
7.70923
6.72204
0.893026
9.33596
6.83073
8.86982
9.27743
4.74966
5.05845
9.39246
3.1726
8.04438
3.76263
3.84634
2.86892
2.71133
1.33068
2.88211
7.94743
6.29097
0.169112
9.32313
5.4684
9.12981
1.95574
6.5795
6.03344
2.08191
1.2768
3.00823
9.54554
9.83327
0.509462
7.03932
7.0641
1.37091
6.74846
1.15773
2.61344
9.05277
0.402172
0.501809
9.61719
1.77653
0.103199
4.97393
8.77769
0.890123
7.97518
6.06296
4.62253
6.84964
2.73511
0.38245
3.43082
7.0008
5.83244
0.220498
8.78936
5.46361
4.55717
3.97607
7.00068
5.78237
2.81492
8.00194
1.62921
1.79738
1.53702
0.389946
7.87712
8.46824
7.96062
1.59821
8.6938
6.31291
4.32044
8.27411
0.162087
4.26104
2.71489
1.50532
4.79995
2.97511
2.35343
3.39411
6.5718
6.016
2.74533
0.977747
6.87217
6.00049
1.3764
1.51384
9.523
6.35872
4.47854
2.42537
7.07135
5.04656
5.16122
9.00241
7.69208
1.00908
3.08821
0.216479
2.74949
3.26737
8.44839
2.02015
0.319915
7.28359
4.061
3.91426
2.65499
0.531513
4.23961
4.32453
8.77022
5.11953
7.08134
3.28563
3.22357
3.66346
0.613715
0.287228
2.38325
3.06055
8.60274
3.19909
4.74799
2.08311
3.05452
1.78848
8.93067
4.40749
6.28483
1.69671
0.923139
8.14298
8.20315
9.56058
7.92732
5.51458
1.70347
0.850345
6.40858
9.71902
1.24191
8.43921
9.55264
7.62552
9.32779
2.49419
2.25335
4.3195
1.75809
6.32462
4.91308
4.05467
6.89598
7.2867
8.42768
8.07944
5.3529
4.84061
6.58903
1.01617
5.2327
9.67075
1.90411
4.8243
8.61043
0.330367
8.85998
6.54535
5.04104
6.94848
6.65773
8.28717
7.43832
0.13314
4.74942
8.07482
0.925288
4.43604
0.417272
7.10687
5.02456
8.46632
3.53272
0.871884
7.51777
1.67573
6.1536
6.62165
4.89683
6.33693
0.883276
2.65847
3.23819
5.00898
3.41404
3.1362
4.59844
3.81097
0.588054
2.10938
4.74483
4.37176
1.94726
3.97018
6.82275
2.79054
4.06527
5.60567
5.32883
7.18547
9.42397
6.60654
2.29587
7.94089
9.35316
6.39531
9.77596
0.240387
8.12127
7.66913
9.66802
2.80667
0.633496
9.8375
9.69267
2.01243
0.987857
2.56235
8.1639
8.31554
5.91044
6.99832
2.66002
0.496126
0.975802
7.28137
8.55968
9.03273
7.66484
0.798972
8.96165
9.63242
7.59238
8.67656
5.18042
4.78723
5.65281
7.14046
5.06317
9.04595
8.58862
8.075
3.46209
4.83919
9.90639
2.16002
8.03655
4.70748
4.95231
2.63524
5.92076
7.66279
1.05033
8.16319
4.1128
0.418252
9.43597
0.760576
9.06097
2.99946
6.10834
4.78471
6.19519
0.655552
0.766929
2.82097
1.97673
4.84765
3.29551
9.86531
5.41003
1.30476
5.21642
1.81708
2.95987
0.0408267
3.49914
5.20922
7.47091
6.57015
5.80563
1.5847
5.53913
7.66296
4.10712
5.50538
9.80972
7.97926
1.74086
0.663973
0.018101
9.37733
4.1087
7.18433
4.84932
0.588221
0.593623
1.91015
4.31309
3.8422
4.97825
5.98568
9.96489
2.12643
8.59455
3.06186
0.748502
1.54912
5.17398
5.21254
8.86314
9.92028
3.81434
1.84239
0.457591
0.780955
8.22047
0.376396
2.59552
0.631676
7.82605
0.0962072
9.70433
6.10255
7.66544
6.06684
7.6416
7.91497
5.472
8.29442
7.3001
1.12549
5.97725
1.1461
3.62298
6.06553
1.98384
5.52097
7.54822
7.50405
9.06047
7.79136
4.51462
7.54622
7.25265
1.99719
3.56532
0.795744
9.49299
3.30129
4.12813
9.15548
5.18528
0.863082
6.46374
7.46434
3.05263
7.08461
5.83282
4.2251
8.89382
2.29646
9.26008
9.88016
7.47612
8.24348
5.40126
6.61394
1.72266
4.43422
5.03645
2.53249
7.37896
8.4494
1.54858
0.676763
8.69632
0.74014
7.84352
4.22611
3.72774
2.92364
5.56728
2.35349
1.72537
5.10737
4.22026
1.67764
9.607
1.60843
7.89543
9.88465
1.61958
5.71282
9.43981
6.30479
9.31541
8.63756
6.66526
7.21913
0.915571
2.66961
9.72449
5.81969
2.68772
9.5752
5.4653
1.28582
5.31799
8.04729
0.382537
4.01627
4.62239
0.273194
0.93128
5.07274
8.80823
1.84283
4.66881
8.51925
2.85107
9.2197
2.53185
1.81531
7.42505
4.44723
5.57289
4.82258
9.65803
5.51135
7.84045
1.37342
1.64121
4.80536
6.83587
0.689947
1.67616
8.53699
4.28586
7.64659
3.53661
8.63613
4.51737
5.97901
9.0763
6.9456
2.75915
2.8127
9.54578
9.22428
0.795556
5.9851
1.29322
2.30031
0.806405
5.36617
7.10058
0.724322
4.17742
9.40447
5.4796
3.62946
7.64745
4.27969
5.10828
3.48109
7.90756
8.91589
0.244369
0.329603
3.94365
8.35934
7.57034
8.79592
8.81865
1.46685
2.26831
1.87727
8.09941
5.45063
1.219
9.12538
5.54527
4.58009
8.52299
4.56748
9.89695
9.00815
9.11531
3.89752
9.20504
7.55988
7.63331
7.95837
7.43702
6.94042
3.64998
7.07623
8.25052
1.52845
4.19055
3.88088
3.48684
8.04744
0.414682
9.73335
3.14289
0.570408
5.87638
3.09168
6.37482
6.17444
7.688
3.31126
3.04015
1.77108
0.520685
6.4284
5.07185
0.298613
6.35183
2.78238
4.28456
1.39244
6.41423
9.62475
2.6295
9.53698
6.2424
0.602334
6.79229
3.37431
8.26256
3.43586
7.49708
4.93045
7.09112
8.42893
9.59709
7.97339
6.80935
4.63234
9.38736
0.454994
8.11833
2.06049
0.0505864
8.94706
8.4183
7.76163
3.89294
1.73058
7.5218
8.91552
4.11559
3.52223
0.475104
4.8343
0.844758
9.48589
5.89162
7.4232
8.42139
2.69079
1.07228
0.878567
2.20244
5.28072
6.32289
0.697241
4.06315
8.41576
8.74872
3.9638
3.2623
8.59063
4.16743
1.10081
3.88097
7.00529
6.40241
9.21714
0.990091
5.50764
7.74708
8.05675
2.48832
1.91582
1.66401
7.08367
8.75274
6.79457
7.42038
9.08434
7.28429
9.6847
6.08717
3.9707
8.53469
7.54675
9.61487
5.46043
7.22997
7.77913
4.03265
7.96555
4.95959
9.77889
0.365005
5.22638
2.05592
2.36664
7.24
0.657178
7.65734
0.93176
7.39172
6.04282
7.36539
4.5631
0.0293878
5.76614
1.64936
6.37291
7.0952
8.49327
7.84135
9.01797
5.57564
4.70659
5.23072
7.71416
6.13604
1.61066
4.31997
1.14613
6.34933
5.94735
5.49239
9.26474
9.86423
4.82087
7.37076
6.98636
3.16186
6.82459
7.33329
4.39129
1.10201
7.21473
6.23285
8.85246
3.08551
8.09592
1.64623
8.78112
1.65979
6.94907
6.82284
3.52615
1.81383
5.37236
6.71479
9.46773
7.656
9.66797
9.32452
0.138131
6.76889
7.6367
8.30088
3.77721
4.00618
0.1756
8.60452
1.81737
1.05158
8.92126
7.65383
2.37529
7.7577
8.79872
6.53183
3.06962
1.85385
1.86381
2.60428
1.84162
5.98552
3.46016
1.54928
1.85224
7.13145
8.88427
2.489
4.95629
7.6753
0.246646
8.52543
0.485915
6.78873
9.90084
7.17586
1.19235
0.205737
3.13411
1.57333
4.73328
0.549526
7.01832
5.61397
4.48149
1.22043
4.05791
5.28625
0.0935253
8.19487
5.07863
7.14019
6.41383
6.81083
2.5764
1.6539
7.01234
7.09034
2.45913
9.01496
0.792329
9.02079
0.565575
0.529392
0.904025
5.17337
2.80816
8.526
4.91573
9.2206
7.9886
7.81233
5.99359
9.13469
6.66748
1.29803
9.31271
8.82089
9.73783
3.75443
7.06253
8.2948
0.887199
6.57526
4.30849
2.47207
7.6117
1.6353
2.90266
7.96881
6.13063
5.43105
3.73151
2.50854
0.801752
0.0473443
6.25019
1.54153
4.39117
3.52062
9.74875
8.13836
7.79728
1.45455
8.83341
9.86535
2.34303
9.9209
7.22766
2.6398
5.6191
3.61684
8.70061
5.45275
9.92408
6.05912
8.0615
4.88433
6.99774
9.66615
1.58336
2.56298
8.42993
1.60125
5.85286
4.39883
6.26928
0.0027981
3.00068
3.32141
6.3192
1.9878
0.731361
1.24528
4.84025
9.52442
6.14354
6.4805
5.42962
9.94122
4.63934
8.56168
7.6512
3.94837
4.73186
6.62718
3.85132
1.88251
4.77437
6.80212
9.56412
3.89298
0.925695
8.75091
8.9471
9.23128
5.00247
3.68854
3.93463
9.38755
7.90595
0.542301
1.46909
3.37659
5.00584
5.79901
1.55107
1.471
2.63081
6.1763
2.0519
0.274486
6.17529
5.29022
8.4033
3.1627
4.6535
8.35756
3.24332
8.14129
3.61773
0.204512
7.0536
0.473682
1.75441
8.59527
7.9312
0.517723
9.04912
3.19677
7.76908
8.94015
5.34554
8.37994
3.11386
3.2195
7.51332
0.96099
9.49766
7.21318
8.12632
5.66085
6.82987
5.70923
9.71549
7.84069
8.40126
5.70871
7.26974
1.25156
1.07843
3.03271
3.68081
5.2277
5.76977
8.26381
4.65235
0.492101
5.10231
6.25978
0.408122
5.8966
1.99249
9.2102
3.30077
1.98035
1.70784
1.07891
8.0627
2.52986
0.580246
0.639354
8.07609
8.75846
4.01742
7.97881
6.6648
1.62071
6.61512
7.69154
1.58438
3.09239
4.81982
6.06567
8.90228
9.95907
9.45537
2.20941
0.891932
5.8022
7.07438
1.22756
7.718
7.36799
4.96866
5.1722
0.751352
2.94158
5.47079
6.43101
6.81937
2.70279
1.91292
5.91151
8.5397
0.278793
9.61211
0.738153
0.916683
6.2161
6.22408
7.40872
7.10415
6.4541
1.16065
2.14585
0.142483
6.23298
2.66045
7.89025
5.51896
6.99986
6.33771
2.31808
7.92969
6.57424
4.1738
0.907389
3.32627
2.90724
9.74251
1.45806
8.99993
5.07343
3.37027
4.2327
8.67749
3.20782
1.84725
5.77721
9.56003
6.98256
0.756387
3.02161
0.960271
7.99842
0.793082
7.75744
3.74764
1.31475
4.38981
7.62512
2.73025
1.35237
2.34969
4.05549
9.03191
6.46168
9.06916
2.01174
4.51943
4.31845
3.81462
7.94476
4.2654
2.61206
6.07543
5.3138
7.30362
4.31156
2.52089
8.68817
1.88241
7.56233
7.15251
9.14175
6.62299
8.4144
3.96285
2.40839
6.75606
0.851187
9.96011
9.85628
1.96916
9.78728
6.91687
2.7274
2.70411
1.27069
2.96944
6.26561
5.63907
1.55749
2.64369
2.7551
4.366
8.20747
9.48045
7.33527
9.96483
4.54643
8.25592
2.40837
1.95262
0.503469
4.15492
3.54566
1.3436
0.815851
7.14989
8.72756
4.13747
2.55999
2.93518
7.02869
9.42163
0.156119
5.85814
1.78726
4.50255
7.45136
1.74922
4.36103
6.17182
7.39798
1.88129
5.03055
1.94913
3.84686
7.4877
6.88026
9.67449
5.45161
5.55633
1.32938
6.71345
1.30182
3.15323
9.64805
8.74486
8.47954
3.76946
0.168562
8.01618
5.09636
4.1007
1.55366
6.02628
7.88591
9.33365
8.56838
6.27966
9.27164
3.90916
7.32687
8.07029
3.26111
8.92981
6.62031
4.42512
5.12761
2.22581
6.77717
9.12162
1.22714
6.56539
2.90755
0.927665
6.56872
3.43008
5.53705
6.06117
0.717756
8.82669
5.63486
6.18531
7.81548
0.865753
4.50285
2.85425
4.27079
6.93121
0.0659647
7.73721
7.25253
2.08388
0.78002
8.65637
3.00037
1.57016
4.40182
4.50955
6.56829
3.01175
6.7859
4.37769
5.67878
8.38441
5.04399
9.58837
7.15021
1.06297
4.00316
8.6113
6.91524
9.42129
6.94344
7.75101
8.21117
1.09037
2.70727
7.10085
1.14231
6.17953
5.70698
4.83663
6.16271
2.45259
4.95135
8.17184
4.92817
1.0033
6.19745
9.44387
3.81063
1.08413
3.50195
0.290421
4.46547
4.54971
7.8695
0.978131
1.42024
6.16972
2.1091
1.98548
3.18616
4.03416
2.67083
3.5726
8.97001
4.31164
1.47767
9.26189
8.2621
4.16106
5.69264
6.8903
2.07816
1.5425
0.559049
0.53333
5.81948
9.73086
8.70005
2.70207
7.64452
5.99659
8.43526
4.60685
2.21833
1.90609
8.24981
3.66784
7.8457
1.49072
8.68528
3.81971
2.53275
3.25488
5.96067
4.6127
6.53777
4.32375
7.2599
1.52745
9.10398
6.43218
7.65874
5.29196
7.76233
0.587751
4.45334
9.90667
1.55641
6.07758
1.03785
2.62
4.02707
2.34005
4.54577
9.91482
7.40386
2.81292
3.41297
4.65159
2.45833
9.66337
7.47652
0.427681
3.20674
1.08591
4.4492
9.15118
8.71912
1.42915
2.26703
8.76231
0.872603
1.00208
5.86324
9.42651
1.29506
5.04006
2.49826
2.85329
4.5493
6.99474
3.09107
2.06828
1.71465
3.23628
5.01101
4.53871
8.5557
9.58636
3.85293
4.4064
6.57984
1.88297
7.62929
9.69062
6.50579
3.15813
6.99489
9.18282
8.2061
2.73599
3.03333
4.12354
2.00878
4.16424
8.44118
3.26254
2.96214
3.74554
4.74979
6.84161
4.28824
2.11457
4.81857
2.91427
2.22416
4.59737
0.587715
3.52993
4.65028
5.53752
3.56697
6.11699
2.37604
1.49777
4.23805
2.36777
4.79581
2.291
1.22043
6.48344
3.7633
3.2188
0.488806
7.2546
8.96227
3.80314
8.2594
6.409
5.46893
6.02024
2.17467
4.00556
1.79674
2.63085
9.48928
3.01002
4.60227
1.07267
6.36593
7.08445
8.07471
2.26406
7.47363
5.38721
0.431032
8.0836
4.85524
8.59419
5.96983
7.72836
0.546072
4.97189
9.63904
4.71506
5.20617
1.65332
3.76851
5.10226
6.83379
5.71379
3.29268
4.90487
3.8558
0.895835
9.22316
8.9472
3.12332
2.70241
7.64897
4.75218
9.61137
2.68448
5.25783
2.42248
5.0047
0.214111
2.19651
5.87898
6.53517
3.53911
9.63423
6.27835
8.45368
3.14857
2.07819
3.29927
3.81613
1.24654
6.9299
8.96918
6.28278
9.90528
1.58893
3.40433
3.99779
9.9263
9.07039
4.75339
8.66593
8.38606
7.59814
3.89695
9.28255
9.36081
3.38624
1.13608
2.08476
6.43011
3.11019
0.934524
9.74458
3.63867
2.88185
2.1285
0.59433
0.166793
8.15951
1.73891
2.4109
5.0903
9.5644
0.417935
9.44786
4.83381
5.65668
8.6151
6.01477
5.91544
9.77467
1.20301
5.79976
1.62266
0.494987
4.92109
1.87609
2.69506
4.76811
9.06344
4.67901
0.858449
2.08797
3.01474
4.73803
6.91652
6.27874
7.56242
3.33618
7.66589
0.431744
3.87906
7.0526
8.10004
3.97689
4.21518
0.594263
6.1839
0.419319
7.69311
9.55391
3.20411
8.44694
7.44614
6.0065
8.43386
5.90707
7.68208
5.37417
7.3314
0.240321
0.447275
3.792
8.89855
5.50683
3.30994
8.78367
7.8941
5.5493
5.49176
7.59963
8.30025
0.339429
3.80581
3.08904
5.23961
2.00339
5.98181
8.57639
1.00607
7.03063
5.35369
9.4239
6.97839
1.82391
1.23187
3.35196
3.87254
0.934317
0.273891
8.86902
5.31313
0.0860826
5.06636
2.98881
0.607201
5.29173
1.19596
6.91519
3.77571
7.60394
2.55514
6.30472
9.45777
8.87178
7.88365
9.57278
1.60642
8.29368
0.631597
5.99788
2.78891
0.702111
4.05082
8.9277
9.0355
6.02724
1.87563
2.75943
6.5315
8.07976
9.82179
4.29251
6.1713
8.16615
5.00495
0.885666
5.23206
4.97636
1.59555
7.51073
1.00476
5.2469
1.68041
1.54865
6.14487
6.40101
7.67375
9.12376
2.83127
5.56595
5.82097
5.23445
5.13684
4.26613
2.03061
8.18064
3.10865
2.81131
0.0414156
9.97007
1.10776
9.15993
4.34955
4.87524
3.82415
4.95499
2.07935
6.62372
3.87831
3.55567
3.71359
4.42091
4.77256
7.4211
4.30866
6.48573
7.00672
1.92964
0.219697
2.55518
9.32616
3.22819
0.91112
4.46694
5.0278
7.67171
9.05409
9.24755
3.92722
3.45029
8.21278
6.44715
3.86915
6.89213
3.30762
0.15838
2.04514
1.01018
2.11131
0.0646761
0.470159
4.0882
2.53615
0.421682
6.60446
8.18205
4.20169
4.39627
8.67919
8.11226
1.39325
9.72864
6.84972
7.98376
7.94782
1.65659
8.87272
7.96343
0.011365
6.92694
3.18029
1.68727
6.64388
4.08035
6.90117
9.30221
6.01445
0.383574
9.83801
9.72205
3.10255
0.315551
1.48587
2.69638
5.21051
8.55495
0.136575
3.17773
0.100694
3.4002
1.22437
8.7042
0.169478
4.766
8.14454
8.90609
8.93493
9.43844
5.03511
6.41496
5.72857
8.53644
3.61417
1.78629
4.14446
2.71072
5.1799
1.36881
5.91208
5.29243
9.68882
7.94415
7.74374
1.60157
5.25346
4.6085
9.02026
7.84599
1.50468
2.39587
3.77142
6.73037
0.543589
2.80002
4.46689
8.4488
4.99643
4.00705
7.3993
7.77772
8.39195
3.8362
4.16755
2.82265
6.1513
9.88154
9.15369
8.40945
7.86824
4.59868
1.65401
5.59333
5.27205
5.13298
0.48299
6.24836
1.24458
9.614
5.21324
8.81197
4.72597
3.48773
3.71565
5.85733
2.19115
9.67789
6.00061
7.8811
8.38418
7.79077
3.77147
3.81102
2.43341
4.99208
8.53482
6.3425
5.75655
9.27751
2.10523
7.43486
6.57692
7.1621
8.86805
7.75752
1.17264
0.339316
9.70632
7.21937
2.63676
6.95661
3.47058
6.12643
2.77332
9.98646
5.55925
7.3744
5.24517
3.47963
6.60798
5.85327
4.18011
8.85455
2.56667
0.258645
8.75508
4.43063
7.1858
9.21434
1.28429
9.93016
5.30561
1.20525
0.0495803
3.37422
3.09963
4.92159
0.354351
2.52102
9.14746
6.17207
5.92917
4.47557
6.39006
2.77184
0.852672
4.78646
9.79074
2.13382
2.49467
9.402
3.44854
6.91244
4.61528
5.7443
1.78922
1.53092
1.95732
1.12283
3.93343
9.0093
2.38217
4.72342
8.07832
9.7449
7.70704
5.75229
6.69137
0.668791
7.25263
2.34817
1.88357
1.81025
4.3803
4.25955
2.61129
8.12764
4.67865
2.5875
0.729137
7.06812
0.617848
1.48653
7.11927
0.192781
5.68712
8.85456
2.5471
2.61708
0.763038
8.50284
2.71426
2.88852
4.19654
6.51921
4.84372
9.8709
8.9833
7.66249
8.38746
9.95634
3.48914
0.0955
8.9964
1.26697
0.129591
9.34202
5.22624
3.95612
0.26488
8.49011
4.33189
0.407074
8.09363
5.58349
7.6773
9.25828
9.80148
0.626214
4.56028
7.63406
3.16819
9.60066
9.77454
4.31277
3.46063
7.51927
9.28573
3.05146
2.88004
8.17337
6.21016
5.44872
6.58567
7.66375
5.28859
4.08428
6.71351
6.39909
9.84124
9.86269
5.30279
3.08099
5.61192
3.44921
7.11106
6.79164
0.918854
7.40191
5.53862
6.74405
2.64268
9.45237
4.61722
0.492145
0.53446
1.7096
9.53988
5.87389
0.182746
3.29149
6.8645
4.98478
4.52235
0.399693
7.84693
4.31302
1.5196
6.86234
2.7531
5.35592
5.66189
0.188167
7.66061
6.04843
1.1294
4.05792
5.76978
9.03162
5.39355
0.812164
7.32661
6.40041
5.63292
3.93661
3.53799
8.48826
1.33975
7.60497
5.30233
9.35451
7.31116
1.15067
7.77971
6.51563
6.85934
4.77191
0.0570706
6.43591
2.45211
8.09747
2.61106
1.51609
5.33358
9.18246
4.12873
2.66711
5.04849
2.74402
7.74526
2.58062
8.71437
8.32639
4.4062
6.59489
3.56096
0.379491
9.58484
7.84062
6.92406
1.95853
0.57515
8.86897
0.363745
9.81844
7.562
5.10914
3.14012
5.41373
7.25375
2.66397
4.06594
9.10853
6.35331
1.17251
5.10673
5.54908
0.313603
6.27869
9.38951
3.38512
9.28845
4.65092
2.56603
8.40423
2.46498
8.22935
3.65836
5.83871
8.08329
7.48999
7.85488
7.88955
4.52812
2.56604
2.62719
8.15154
2.90424
0.48964
9.60571
3.30662
9.78486
6.41805
7.89081
9.04419
7.83317
6.86794
5.18106
1.67339
4.0745
7.95467
8.27399
9.24392
9.64513
0.370941
9.24255
9.18088
3.60648
3.44369
5.74244
0.374024
4.80241
4.96877
7.06118
7.62328
7.71239
1.02081
2.44947
3.28958
9.1014
8.81409
1.12435
6.4059
7.77023
8.82595
7.15618
5.24363
6.73438
5.0047
3.30622
3.13666
4.53909
7.75852
3.33532
5.84599
5.72589
9.37849
2.63723
4.2974
8.15524
0.118097
4.20419
6.65141
5.57377
5.7582
6.37981
6.53076
4.27933
2.22258
3.11119
4.17994
0.0390037
6.74878
5.42853
9.19221
3.33997
8.66202
9.01978
4.71788
5.19339
2.21717
0.0122297
2.6318
3.40407
6.13267
1.72879
7.13413
6.13701
6.2566
4.93895
5.74022
6.83077
8.88399
6.82426
8.81762
5.41064
1.50795
1.41397
6.39664
4.56698
9.44564
2.75373
7.55175
8.24237
0.612131
0.851845
8.63901
6.12557
0.769903
5.54302
1.03351
4.89951
1.48282
9.92863
5.91515
7.76938
5.40606
2.32257
5.57709
2.54077
9.2019
9.99292
4.00105
0.321014
5.15821
3.91211
4.01864
5.80699
0.684458
4.94899
0.523343
9.5915
0.87601
6.32853
1.17303
0.710556
0.0554899
2.73626
1.82364
9.45686
0.570829
8.98516
6.10524
6.07266
6.84335
5.86153
2.80065
0.0412754
2.89221
6.25963
4.36893
6.17249
2.00906
0.549585
7.31593
3.04871
2.77492
4.19662
7.74269
5.35504
1.38689
8.97197
6.40752
7.49126
3.9894
7.14849
7.50455
5.20406
1.0545
4.94632
7.44138
2.97256
0.56822
8.13965
5.86633
6.47476
2.58609
6.38776
8.14779
8.04682
0.904994
7.45379
3.51579
7.91075
4.83118
1.92226
1.99322
8.80806
0.6466
5.63952
2.91308
5.25122
1.90181
9.11105
7.68378
1.54146
9.72106
8.35399
6.32703
8.70655
0.759006
3.31125
6.28916
2.91756
3.69922
7.71944
3.09513
2.38141
7.11747
4.53137
1.05412
6.05822
8.62962
5.45623
8.85596
6.99087
9.39105
3.48618
4.89881
9.28285
0.865617
0.84852
5.35881
5.57355
8.08935
1.98348
6.81759
0.92137
9.03068
5.65492
7.8608
3.43886
2.57334
6.52882
3.04436
7.11398
0.0955504
4.6164
4.11892
8.39961
1.81556
7.28995
4.94576
8.24259
1.05921
3.70121
3.71064
3.27727
2.19859
5.89447
5.83318
4.60629
2.05621
4.42907
1.87894
3.07447
5.49619
7.6862
4.16441
1.59731
3.02692
9.43134
5.26965
3.79131
2.47479
3.66674
9.85223
2.94434
1.07174
3.36807
4.8888
3.18057
9.84058
4.22863
4.99131
6.26402
8.37485
2.75209
4.75764
9.92051
4.74995
4.25658
5.29393
7.17861
9.80504
7.33686
3.56004
1.35429
2.97964
1.06345
6.42476
8.84108
4.06821
4.01931
7.59235
0.56788
5.62025
8.19573
8.75951
5.44486
3.88611
1.48516
0.733295
2.17472
6.39824
2.1741
8.32719
2.89974
5.88609
2.07233
7.30466
0.550619
7.54068
9.13042
9.42958
1.5608
4.31816
4.2462
2.94348
0.799458
5.87859
5.35429
0.040477
5.04458
5.44738
5.59877
1.36111
2.11283
3.07834
0.483101
9.3709
4.11616
0.440622
1.1875
3.67711
7.80899
8.65993
8.26775
2.1155
1.69262
0.124373
2.45866
0.215443
7.82549
1.43821
1.22744
2.71338
4.28075
2.48038
6.71805
0.684533
5.65676
4.3035
0.153017
0.298673
8.31367
6.16173
5.85475
9.2876
8.35271
3.08041
9.44339
5.0041
9.3102
0.179959
4.04198
2.53249
7.51233
3.57539
7.19837
7.98984
0.0972862
7.20701
4.00177
2.48632
5.47465
0.0388052
1.48413
5.3382
6.03753
8.52571
9.88909
7.80066
7.48769
4.20147
3.78791
5.17375
6.40031
0.261899
6.90204
1.66254
1.29307
6.49022
8.40451
8.98477
5.4843
4.31674
8.26407
2.34964
1.09642
7.35149
9.50359
8.93524
1.08581
1.55992
9.94252
8.56106
7.13938
7.79452
1.62856
0.71937
8.50528
1.66497
2.67134
1.99756
7.49327
5.12314
0.901862
8.01876
6.17288
9.81501
2.16854
2.04204
7.66645
3.7811
3.30612
6.68084
7.82658
0.912126
7.55427
0.418978
1.71124
4.40665
0.0979697
4.2471
1.88135
4.39575
7.5483
5.24323
3.35921
0.759581
4.77205
3.20939
9.16638
0.396805
3.28976
6.76815
4.08158
0.315383
8.92201
1.08833
4.85367
1.58529
4.03727
4.12336
4.27727
5.50083
6.55522
7.30284
4.59854
7.14509
2.2945
1.82875
2.7522
3.93839
7.99564
5.63978
4.30571
1.81798
2.27379
2.7995
4.78961
8.6688
5.35705
0.608481
6.54836
4.58668
0.332216
6.41723
1.98271
4.88701
5.79187
6.60863
2.35189
2.17393
1.7717
2.6307
6.20978
2.78092
6.86966
6.93906
7.59196
5.27085
2.59967
0.67836
5.20197
6.87979
9.96953
0.356854
8.81161
6.22115
2.24919
8.8174
3.80381
7.8157
3.29857
4.85222
7.31156
2.77932
6.19854
9.30355
3.90478
2.54096
5.14613
9.57707
5.6229
4.14124
8.04743
2.67755
9.85374
8.42732
4.33785
6.03663
0.0369976
5.0207
6.79554
1.13121
6.73015
3.98938
1.83027
8.07962
6.2112
5.46927
9.87078
1.78469
5.2101
2.38204
9.70783
2.88977
8.13246
7.93631
3.02037
9.23566
0.662231
4.91852
6.69179
1.86679
4.33818
9.25701
6.93962
8.51886
3.05754
6.02834
1.72651
8.78508
2.11514
8.5532
9.47871
8.58794
9.94205
3.32886
2.81421
3.87124
1.27966
9.60587
3.89563
4.92305
0.407303
8.551
6.006
7.12198
0.138956
4.67907
2.07656
7.05249
3.15982
9.73456
0.746903
7.58964
5.90893
2.26658
5.74392
5.63881
1.78281
0.54158
6.97845
6.3014
3.84373
4.39234
6.01543
7.34974
2.00292
9.34541
9.00448
6.81399
9.35775
8.64035
2.8797
2.3211
3.49196
9.82569
7.57258
0.985413
6.37293
0.979591
4.96736
4.20618
9.17784
4.10894
6.27736
8.77893
2.13247
7.69538
8.42867
2.83547
5.74183
0.461444
5.87165
9.84242
6.41554
7.38426
4.16948
8.86376
4.4158
2.94287
5.88472
8.46171
6.88907
9.50315
7.11008
2.69331
5.68578
9.97836
9.50216
9.73718
9.26222
0.177116
2.12383
0.822664
2.50689
0.674811
0.653931
1.06206
5.37401
3.69457
4.57152
6.2768
4.32097
3.21558
5.66413
5.2169
3.43263
2.53745
9.71967
3.30663
4.08495
1.26206
7.22976
0.835265
1.40687
7.60571
1.49535
5.2092
3.04477
5.86189
3.3262
6.23603
2.32695
2.92312
8.12833
5.45127
5.70981
3.67804
1.67571
3.65093
8.12647
7.94242
8.90903
3.56501
3.12112
0.584862
7.80215
0.461647
0.184322
8.5626
0.627079
7.78127
2.97434
2.80515
4.46355
6.01974
9.88066
6.89951
6.43938
5.25462
9.51334
0.503989
4.642
2.25485
3.09317
4.939
4.74531
6.44826
2.4881
4.74473
3.45822
2.38546
7.66005
3.16347
4.54842
3.27719
9.96528
6.73551
9.05701
9.15049
8.00628
2.06146
6.56404
7.49597
3.64654
7.06626
1.66421
4.79995
1.25926
4.2371
2.26061
1.63543
6.71648
0.262198
8.38223
9.7564
9.41409
8.27144
9.33056
2.94172
2.87423
3.94672
8.57368
5.1689
1.51124
3.68371
7.58627
6.96089
7.36765
5.71142
1.22195
0.843503
0.423558
5.64188
5.15722
9.15156
8.39668
4.55489
5.37998
0.648221
4.61281
0.536881
5.04873
1.80595
0.756807
8.26612
1.16853
9.26754
3.01299
7.53414
9.96988
8.89178
8.8355
8.39369
9.87714
1.41764
3.44866
5.20258
8.22853
3.31474
7.63807
7.13791
0.297495
9.96048
8.04315
7.34818
5.12986
7.96707
0.790464
4.01247
0.148987
5.01436
3.03627
1.15463
8.94231
0.904561
2.58693
8.90213
5.81433
1.05336
3.72746
8.90844
0.410714
4.24054
5.79788
1.29733
3.23907
2.92037
4.97154
4.41071
4.19981
4.49205
0.238685
9.13388
3.30253
2.36335
3.86536
2.56138
8.07805
9.38895
2.73911
4.02415
7.19078
1.8156
0.0631408
6.36911
4.17116
4.54267
8.88128
5.46222
8.21393
4.12678
7.46281
9.42219
0.233398
6.78706
4.5965
8.62729
9.00207
4.93747
3.54752
8.95197
6.01794
5.7928
0.229627
2.51119
7.91857
7.24951
1.68276
3.07525
3.65647
4.24279
6.94009
1.50131
3.80829
0.252077
1.29615
2.45797
4.33746
5.15374
6.2928
9.82102
6.89273
2.62744
1.05186
1.57406
0.405096
6.43229
3.97503
8.54369
7.93338
1.58912
2.54853
9.97456
6.03355
3.86227
3.47989
1.51721
3.02822
4.61265
1.82746
8.73892
2.95171
3.24893
0.624394
6.62283
5.39645
3.13659
1.43157
1.06239
9.8331
8.84231
1.16413
4.81088
0.968184
3.90382
9.26602
4.32189
6.09863
2.2542
2.91605
6.79541
1.49418
0.872324
6.64455
9.52923
8.10373
1.31531
2.77144
5.80577
2.41251
0.24322
6.72901
5.05586
4.99225
9.03682
6.78003
2.73957
3.42842
8.84284
2.96133
2.93152
5.05955
3.62238
6.94262
5.76521
1.10244
0.0756135
8.61169
4.35389
6.6778
6.48491
2.00425
2.06267
0.868544
6.02789
1.34846
5.12394
7.68102
3.39912
6.95275
8.60483
3.90509
5.00023
3.43851
3.99868
7.11268
9.33566
3.08755
5.46888
0.126638
7.35646
1.98536
6.28125
1.10118
9.83054
8.80644
5.14117
6.08379
4.13717
6.43922
6.78092
8.82367
1.46655
8.98228
3.50357
9.06246
1.02476
8.98254
5.98453
4.88933
1.58951
2.48081
1.8253
2.84787
8.04379
1.27156
1.38177
2.36037
2.62441
9.33465
2.05293
1.97651
4.67039
0.0330907
1.51611
3.0316
3.98929
2.00735
9.73501
9.83878
4.29985
4.48147
5.52889
5.31288
4.32841
0.655212
4.64757
3.32856
8.0375
5.53454
5.33423
1.65804
3.00661
0.954776
4.48262
7.64437
7.53664
1.84236
5.27072
4.21426
8.96221
4.2418
9.57411
4.18279
2.8328
0.160907
1.68229
2.3113
3.36661
1.28077
2.86481
9.33553
0.934117
8.8807
6.52516
2.80593
2.02008
8.14455
5.91578
8.56577
5.10085
2.51888
4.14212
6.01882
5.50078
8.39936
7.25396
9.09671
1.88445
1.24493
7.7851
3.80532
3.11085
3.94422
9.46549
2.68622
8.17637
7.05474
3.23486
5.41566
1.18046
7.13929
1.37616
1.16824
6.67996
2.94985
6.33327
6.58539
9.82013
3.38754
8.44691
2.03874
5.88183
3.82127
5.03055
7.6294
9.2862
2.36975
6.65919
3.18731
7.71478
2.57841
8.62531
8.33081
1.66217
1.43637
2.40146
0.947603
4.80346
1.0659
8.41975
5.4914
6.64437
1.23294
1.89016
6.46842
9.32419
1.94924
3.68525
7.94186
2.86844
8.63582
1.83445
3.40417
5.38417
4.81802
9.65576
4.84091
3.37652
8.2452
5.71232
4.18702
7.54809
6.98026
1.14077
3.22532
1.30597
1.4496
9.44469
8.45313
6.74053
3.30399
1.30804
7.04712
2.653
1.04737
3.31459
0.397786
2.06662
4.15845
8.02646
4.71747
9.30239
2.22319
2.48682
6.04575
2.86592
9.26122
8.17179
5.65588
0.569022
5.68693
4.62082
1.1843
9.47715
6.15214
7.40383
8.31753
6.20384
5.50124
5.78486
0.70835
3.50203
6.95166
3.40422
7.25452
4.08024
0.552586
2.35268
8.40613
9.30124
6.33254
4.67391
1.85267
4.0147
5.14249
5.32689
7.04879
6.48443
9.17491
7.76846
3.1837
2.79655
0.37499
7.04247
9.53491
8.38803
0.554534
4.57713
0.0152876
2.86592
5.55676
9.52011
5.86681
4.37173
0.519212
8.58131
4.39913
1.36111
2.9852
1.35236
2.00448
3.6511
1.1262
6.24002
7.17298
3.23979
6.4055
9.84008
0.723227
6.81748
7.22709
9.43341
7.81782
6.63893
9.64847
7.75271
3.09942
8.08665
3.13655
5.58477
6.95779
5.42949
0.620626
6.52991
3.8861
4.13023
0.773382
7.43497
4.20989
1.78024
7.11895
2.93298
3.46049
6.99745
8.37824
1.43337
9.74133
3.16328
1.23544
3.09361
9.32059
6.33728
8.44794
0.565169
4.07755
2.42905
2.0058
0.925689
2.6938
9.23024
2.98199
8.93484
6.86903
7.40429
2.8623
4.64694
4.03974
7.87766
9.37813
5.67618
8.95165
0.161452
2.44092
1.69077
8.12176
2.42386
3.30403
8.21837
3.394
5.80485
4.00551
6.60116
8.38477
3.89154
2.7207
7.79616
6.6153
8.37677
0.763753
5.55114
3.9432
8.54789
2.26791
6.72715
2.72592
1.63848
9.26977
8.36778
7.94988
0.192247
5.6799
6.57329
4.93098
1.09831
3.06004
0.312436
6.76786
8.90924
1.03137
2.97607
0.119489
2.87354
9.59367
9.44343
8.54618
5.69276
2.85769
6.14359
9.5578
5.54176
2.92068
5.08153
2.9384
3.6562
3.1494
6.90092
7.64806
9.79559
1.85916
0.247317
5.71271
9.90258
8.24147
2.9103
5.72381
2.88954
6.68297
1.85975
5.23043
4.1949
3.91255
1.47822
9.00709
1.44323
0.491274
0.542279
8.85665
8.40765
8.22925
9.52255
7.6227
8.37243
9.01384
1.27459
0.880753
2.94537
2.58059
6.33305
5.67264
0.12542
0.985206
7.67484
6.89071
3.01855
0.0750865
3.40755
5.71836
6.78127
7.58185
8.66838
6.46379
6.34904
8.95319
2.87953
5.82242
2.77481
0.865711
3.82291
7.52504
5.92529
1.51105
3.32342
5.13842
3.50271
5.7404
0.398535
2.19107
5.14896
0.573009
7.87088
8.64529
8.17771
1.76216
4.3837
4.0247
9.06216
2.61014
4.78046
0.856445
7.38279
5.38508
9.25881
8.16831
1.35484
3.4488
3.38932
3.50996
2.96736
9.38144
4.33019
2.48971
9.30438
1.72906
2.86596
3.74979
7.88387
0.981973
1.35009
8.74083
1.83009
8.26824
9.42683
2.08072
0.564592
9.60525
5.30858
1.98137
8.43969
7.29115
4.30094
2.26202
1.01018
1.81945
1.04716
5.38534
9.34252
6.15708
4.397
1.08837
2.66129
0.966785
2.35837
5.21031
6.7658
1.46562
2.75056
1.15836
1.12759
7.15792
4.1348
9.50218
5.49757
2.87874
3.25375
8.86672
4.84265
4.10886
1.4673
5.52119
5.97905
6.99169
9.83724
3.00137
2.43702
6.19297
0.90297
3.52675
3.67474
2.07139
1.59048
2.29306
9.04116
4.61462
7.51133
2.7599
3.88996
8.53185
4.09354
9.0701
9.31934
5.70987
8.78261
9.03701
8.86402
5.73071
5.92052
8.95894
0.79752
3.01711
2.7467
9.16938
2.76144
2.50142
5.63702
2.59676
9.13653
2.10365
9.75111
5.22783
1.72906
5.47704
3.33445
7.7092
4.82932
1.30017
6.80179
4.77553
3.95663
3.61687
9.17841
2.10069
3.35543
7.22875
3.90546
3.23982
0.881397
4.32048
5.31209
9.01765
4.11758
8.35257
5.41066
8.96393
0.261911
5.714
9.73655
8.6204
5.63486
0.640592
4.64524
4.74915
9.94411
8.16685
3.78256
5.88329
7.69556
1.56913
6.92796
7.51118
5.90836
6.27443
8.11826
4.32357
3.46119
5.84258
4.486
6.82593
8.9961
5.46054
1.98742
1.61705
5.59736
8.32809
8.04129
2.32104
7.83031
8.61974
2.64834
7.12802
4.26669
5.51449
6.31381
5.31844
8.95287
3.53907
3.34326
4.77988
5.72118
3.60423
9.40392
1.87529
5.72873
4.79441
3.41614
3.22913
6.64412
4.98168
7.82537
5.00243
3.70028
3.89017
8.22074
4.09759
3.33136
9.0255
7.11157
5.25286
5.04204
7.98288
6.46671
6.61282
8.27238
8.0876
9.41486
2.30112
7.10377
0.555582
3.68576
5.99717
0.574784
9.69617
1.19568
5.20418
2.02959
8.13278
9.12067
8.61069
3.57806
9.55062
5.82714
9.33919
5.40539
1.40898
6.86848
2.9934
1.26565
7.68027
5.80161
5.06915
3.38221
4.2941
6.72274
7.74376
0.492069
3.83935
8.57707
6.18505
4.08145
9.50575
3.78393
4.34884
4.41996
4.22048
1.9866
2.66941
5.64869
9.49567
1.40553
4.45472
4.99046
9.89765
2.77143
1.3074
2.24963
5.85744
7.64286
9.58097
2.58507
7.63372
5.00214
1.25217
6.01988
3.29352
6.38286
4.36184
0.852924
1.49648
6.57742
6.00224
4.06907
9.34454
5.24518
5.68663
1.8372
1.54194
5.67586
7.59563
4.88068
3.03248
9.88738
5.58917
1.89431
3.53328
1.40252
0.389899
2.67176
9.87386
2.93823
1.42257
5.13034
9.07093
0.956725
3.09679
0.939726
2.68081
4.04851
9.2673
3.39949
2.10146
2.06143
2.52617
1.66455
9.80959
4.79839
3.75806
2.20505
3.18055
0.656841
3.94812
3.75762
1.55952
6.9468
1.47957
4.39499
5.21988
3.91
9.93836
8.03921
9.68005
0.682023
5.27209
3.58895
3.1215
9.28019
3.37454
0.51338
0.51895
7.59249
9.34316
8.62238
1.64255
7.68938
5.51658
8.06167
4.53571
2.39969
0.410296
8.03678
5.26455
1.11029
6.89436
0.397541
2.27444
9.16549
7.44583
9.3931
5.10414
2.81529
8.85
6.55423
2.69737
9.88017
4.12583
0.881393
4.98785
3.22567
5.99266
1.97235
6.6438
0.0264231
6.92538
3.91897
5.56953
4.32603
9.74529
7.0451
9.38959
7.79018
6.21844
0.0421945
5.40745
8.58597
6.96517
5.69932
4.7836
5.0704
4.62755
7.55571
9.07668
7.99289
1.5102
0.0312509
0.122262
5.25841
0.816651
6.37827
0.447666
5.75755
6.15376
8.07208
2.50444
6.20299
8.12135
6.14831
5.41541
2.00769
2.92963
9.33221
0.563857
2.36157
4.62981
9.99142
0.280549
9.66967
0.562315
4.09612
1.88255
0.116117
0.45421
3.78498
7.84368
0.574444
8.36638
2.48666
2.23193
4.1935
0.818346
1.32202
8.17997
9.2078
7.86683
5.00479
3.60166
1.00066
1.73309
8.72275
3.33845
0.887731
3.72424
9.3483
6.06674
1.54669
0.574588
4.58188
6.86013
6.08588
4.56775
1.12726
9.90534
4.50948
9.57001
7.31487
5.15321
6.94442
2.70789
5.02885
5.96042
8.02997
4.72591
2.14121
5.12689
1.20378
2.41949
5.10742
4.62371
6.14579
3.77501
5.81894
8.9867
3.80125
6.98941
2.31215
7.79582
5.69729
1.98901
7.15483
8.75787
9.41724
4.76472
2.56757
9.2917
0.319991
5.49404
7.55739
5.35644
4.39484
3.70114
3.37501
5.97952
7.16162
0.674006
2.26056
7.86403
5.26998
5.09294
9.24841
6.8233
3.81089
8.46259
5.24956
5.74241
5.35218
2.98186
5.82036
3.98179
4.78687
5.4995
3.56747
8.4688
3.25544
6.51365
5.44824
9.27996
9.6206
5.43523
8.6771
5.28887
4.23529
3.01549
6.18875
4.17767
2.41611
9.26208
7.31584
8.2263
7.31554
3.68931
0.718242
5.96445
2.63797
1.91559
7.05929
8.42131
3.95882
5.45253
0.280607
8.4726
4.8224
5.63472
3.9116
5.19813
1.89611
0.551923
9.01807
8.75508
7.79768
4.17365
1.89378
5.49934
2.91862
1.01632
5.71799
3.5332
0.807487
2.40724
9.40312
6.55821
9.70033
5.34192
1.56572
4.20614
5.2435
8.9191
3.88493
8.7601
5.61167
5.7116
8.01612
1.36523
7.51068
2.05392
6.06723
9.54372
7.9244
8.75301
4.37354
1.24523
4.71578
3.79953
5.52362
8.17795
5.11053
8.02966
1.7581
8.7696
8.31566
3.21473
8.49752
1.73309
5.34012
5.51325
7.95343
1.59478
6.28685
7.38763
2.33792
1.45722
5.50121
9.8525
6.73158
4.92379
5.35556
9.36607
0.942524
5.68149
7.36993
5.5865
5.38728
2.83282
3.30671
7.36642
1.18898
5.95313
1.27888
9.18768
2.14627
7.81989
9.21852
1.59933
7.70599
6.29137
3.57398
5.33089
6.2775
9.99425
0.71213
9.50248
1.93218
0.605746
9.43293
4.21919
2.82022
8.12397
2.96874
7.30918
9.90093
8.4249
8.13479
0.81225
1.99897
6.64839
3.48839
7.06766
9.53268
7.16652
8.576
2.4622
8.31127
1.43984
6.40052
5.29766
3.56024
6.92794
7.52305
0.689155
7.53439
8.72187
3.01981
5.90361
7.02791
4.45177
8.47544
2.05703
1.39912
4.03697
6.42244
3.76174
0.912504
1.98935
8.40637
0.0392435
7.13847
3.08286
5.28702
9.24295
4.25828
7.5159
3.45103
3.04831
5.75142
5.12294
6.42665
5.36643
1.40803
2.05334
6.32196
5.70599
0.588422
2.7575
3.22059
7.27997
8.29506
4.77462
5.75051
5.91896
2.63805
0.855789
1.65415
8.14626
7.28228
5.80522
8.18334
9.82919
7.22722
3.47811
4.53755
3.50988
9.97156
8.63995
1.12004
8.64722
7.97023
6.94534
1.29038
7.17743
1.78766
3.46693
3.20851
5.27403
9.85065
6.74596
0.533515
7.82175
4.69607
3.12386
9.9957
7.89272
2.54959
5.89798
6.57579
2.8355
0.176997
4.35301
3.94224
7.20388
5.15376
0.157818
3.59052
5.63715
5.25981
4.60644
1.82549
0.1867
5.32004
7.77682
2.30197
0.791836
8.53598
7.00949
0.963578
0.730667
9.46072
5.2957
3.1774
5.36833
2.9191
1.47938
5.02983
1.06363
4.4593
3.05658
7.77802
6.59328
6.0148
7.94997
9.05303
3.51752
7.277
7.98663
8.87468
0.359677
6.54485
6.47331
8.90511
3.83625
2.93204
8.3179
6.39979
5.5211
5.58918
0.251972
8.31841
6.28712
5.31483
9.10408
5.70959
8.09095
1.00013
8.70978
8.51399
3.0237
6.31605
6.89594
1.73167
4.1621
1.26014
1.34273
8.12934
2.27721
3.19432
0.00780637
7.96425
9.05728
1.13416
1.28541
9.09843
8.02039
2.25565
0.351206
0.817766
3.66617
4.58999
5.90294
8.035
9.39808
1.08549
2.04493
5.08647
2.9756
6.04503
6.14683
2.2034
6.17895
0.0432422
0.930417
8.58623
6.65876
6.98385
1.60352
4.19547
4.55928
9.81439
2.78732
2.1663
4.93298
7.61588
8.43744
9.36883
3.89065
6.31997
7.15074
2.39958
4.70685
2.56373
0.0986767
8.61353
1.32354
0.621344
9.63681
5.47861
3.9515
2.74667
2.95483
0.963606
8.26538
1.19038
1.06075
7.15169
7.09114
5.92675
0.377958
2.64148
0.80039
8.91548
0.709229
9.45854
3.1993
4.89639
1.03972
2.96229
7.61025
7.39661
6.25717
9.22621
1.90625
4.0216
9.99009
3.19531
7.56898
5.69218
6.19413
0.206893
2.13036
3.31176
4.79588
6.20156
2.54838
7.0659
8.01276
4.61177
9.42241
5.2803
9.66507
9.54796
6.31744
8.95823
5.88234
0.628816
2.07831
3.50875
4.04541
6.5827
5.93146
3.85007
6.60916
3.93865
9.01658
0.924329
8.89399
4.02446
6.19311
6.82383
2.13844
9.09436
0.0534348
6.64912
0.674138
3.48931
8.53054
7.77195
4.02858
0.826517
7.41477
7.05752
8.65062
3.7125
1.07264
6.334
5.1153
6.00122
7.23093
9.60612
2.50166
8.64752
5.69359
4.94492
8.01327
5.285
1.87522
6.00213
5.25969
0.403637
6.48895
6.47612
4.91753
6.78717
3.55256
1.01854
8.54069
7.54283
1.47718
9.26722
1.76457
3.68576
3.14174
2.48574
6.89371
7.94798
6.90691
3.22536
3.89564
2.28608
3.14116
4.90106
4.32739
0.887909
8.31145
8.782
2.96748
9.82661
6.20896
9.24757
5.06834
8.47318
3.27711
6.9291
1.08851
2.42104
7.35994
7.22909
4.38483
4.68875
9.52749
7.10067
8.94364
8.40012
7.24849
1.14747
3.29083
9.04007
7.01083
6.99511
7.47669
3.39503
1.91556
1.07331
5.46264
3.87248
0.0523416
5.53209
9.47306
6.02904
1.31991
5.9125
7.29782
7.0703
6.76476
5.93223
3.25265
7.6578
2.97098
5.23013
8.47279
0.394359
3.60962
9.4464
8.75889
0.970839
5.86179
4.30399
6.65263
2.08993
3.89933
5.73392
5.74386
4.02277
0.23277
7.09536
5.8128
3.97965
5.64841
3.58997
9.00461
6.40056
6.86726
2.63028
0.585499
6.79726
6.72306
9.70901
3.75762
0.544606
1.61585
7.58707
6.53912
3.17458
1.79392
4.39922
6.436
2.25864
5.77073
1.95899
8.14899
7.7267
2.36308
6.01016
3.54766
6.74448
4.2999
9.47031
7.59529
6.33372
6.17965
9.86774
2.35637
5.63287
5.40048
4.90629
7.67725
5.38047
3.5178
3.53974
5.65613
7.11121
6.57224
5.96537
2.44144
8.40857
9.68534
4.03036
3.51452
1.28055
0.0326586
0.0646239
5.94569
9.99783
0.205523
5.8187
1.62405
0.738145
7.62107
6.90376
0.425874
6.38194
9.69961
4.82711
7.45971
0.505375
3.77499
7.43237
2.37557
2.76005
1.34828
2.35459
7.76885
2.86173
1.23919
2.74445
7.60581
9.78003
7.46931
2.84939
2.31195
3.50392
5.41832
3.26016
6.05048
6.88321
5.60645
5.53432
9.15685
6.80567
7.25162
6.40917
8.01487
6.66094
8.92282
4.45748
6.99073
4.6265
2.64287
4.66963
1.38151
8.13613
2.66134
8.16195
3.40933
9.00787
8.60571
1.52614
8.80407
6.16809
9.80911
9.39752
5.81246
1.9062
6.22841
4.47715
0.532646
4.70177
2.8987
5.86999
5.65723
8.61258
3.01756
0.801747
3.74524
2.40952
9.51362
0.931451
0.592069
4.838
6.67937
5.45065
4.24833
9.09277
9.47765
3.35007
4.18828
5.04047
0.909518
1.21273
7.50371
6.15612
0.875425
0.304373
9.89538
4.78424
0.97331
9.68997
6.12043
9.27728
6.88375
1.97769
3.18194
3.7997
6.44533
6.34845
7.37357
7.99801
0.558491
7.36506
6.09518
2.65815
7.25197
8.70281
9.52101
3.51066
4.20681
4.10308
4.2122
4.74221
7.67038
6.26097
1.69946
3.50305
9.43452
0.372192
3.7278
9.68114
4.80821
2.8386
8.05388
8.86903
1.25645
2.44888
2.2968
3.9843
3.45163
9.64804
6.72364
5.59463
6.47821
1.73653
9.50907
5.80047
4.08738
1.07203
2.03182
2.27997
4.79335
2.9423
0.167552
9.07926
9.57265
1.99751
6.11331
9.2619
6.0904
6.5964
1.44359
0.822956
4.18206
6.03003
8.12163
5.23412
0.998698
7.02503
6.97455
3.44989
9.15926
4.64139
9.09597
3.92608
3.58902
6.27774
5.79227
3.4548
0.216846
2.00903
1.78974
7.83537
8.63292
2.50069
2.62764
1.22734
2.11726
1.87104
8.20708
1.83
2.19076
7.82396
6.0744
5.50381
8.6308
6.353
8.06689
4.24494
8.59182
0.581058
8.25737
5.62307
9.80138
5.96969
4.25677
8.4862
2.31484
4.13628
3.89803
4.3318
8.20678
3.9103
1.2524
0.998977
4.47069
7.37803
4.92041
2.74426
7.93599
5.10486
1.07948
4.32272
1.95151
1.91039
0.0867293
7.77241
0.815582
4.85993
2.28815
3.68504
4.84661
7.98955
5.00429
8.47412
3.43141
3.73891
4.93019
9.13699
0.86674
5.18966
1.88469
7.06629
5.49488
3.24465
6.74861
9.26967
1.91318
8.64401
1.95768
0.380661
3.32217
2.71373
1.83588
1.96651
2.68823
7.86473
5.72234
1.06339
8.75367
7.88965
6.86627
3.35591
1.65727
7.55714
7.64689
2.33451
6.14347
9.27446
0.260147
7.21363
7.85008
8.5827
2.0273
1.28237
6.07667
0.431078
8.32022
4.16558
8.60856
5.95604
4.60201
8.26335
6.39934
2.42292
1.68253
8.86107
6.3116
9.37324
2.70504
3.05217
2.5719
2.78729
9.58335
0.561495
4.78502
2.41252
6.31058
5.3007
2.99296
4.18874
5.55966
2.29073
2.14397
0.1293
6.41585
4.08603
2.74168
6.24039
8.2285
8.92019
1.82276
1.30003
9.10506
4.4942
1.09286
4.55575
4.30944
8.48913
1.72281
9.08896
1.2483
0.723485
1.35965
9.28153
0.949137
4.549
7.88307
6.8248
4.50697
9.08224
3.48375
3.23297
2.14996
3.22597
8.52087
3.57571
7.53636
9.5796
0.816961
4.08927
9.29342
9.9834
7.35231
9.80937
9.23924
5.36514
9.09229
9.22348
5.13526
3.53259
1.57781
4.10807
6.41662
4.55109
8.38991
6.69839
7.0235
0.794158
2.75017
4.23686
3.98397
7.5369
5.72119
4.68995
5.50128
9.85035
3.97215
6.07871
5.78611
9.31027
1.91895
3.71598
7.16191
1.00845
6.78899
7.53211
4.28883
5.20954
3.98051
9.38025
5.5885
8.84505
4.07867
3.22837
2.64029
2.92897
3.6452
6.17272
0.339586
4.92201
0.0632078
9.62219
5.37195
0.754792
2.52943
5.8977
5.16743
9.91722
1.4563
5.93834
7.36501
8.89128
2.09699
0.789665
7.90791
7.28743
0.16098
2.20578
9.56472
7.6759
6.55911
5.24616
4.47936
0.448914
1.02343
2.51384
1.95442
8.50274
2.74163
0.445577
9.96875
4.01971
9.77561
3.69583
8.27638
0.66515
8.30257
8.12971
4.90045
0.0204565
4.51453
0.0579765
0.690637
5.82563
4.72703
8.57531
5.07012
3.97076
9.01088
7.02244
1.96881
9.07425
3.08619
7.5898
3.68919
4.65502
6.65406
1.33068
0.786905
6.7106
1.97915
2.15664
1.45184
9.00942
4.87825
3.20276
6.16289
2.63612
9.19003
1.51799
1.79794
3.34397
3.32952
2.20209
4.0508
9.70969
7.38875
9.79687
7.82722
8.23635
8.95
6.77521
1.59064
3.32808
7.03756
3.19018
0.407541
9.19911
2.00606
3.53995
3.74706
8.9582
2.56635
1.50999
5.00981
5.95076
0.195576
1.61595
5.91412
7.58229
8.88214
8.49275
3.32703
7.85198
0.51437
8.16326
2.44719
8.50449
1.20311
8.7087
2.93602
8.21057
0.530513
3.03781
4.87462
9.97273
9.43411
4.32906
9.58515
3.18637
0.753887
6.52738
2.01544
9.50181
7.18495
0.266552
9.11695
9.26347
2.77971
4.97577
0.0627806
1.9852
0.338971
1.86672
3.57587
7.86791
9.81198
6.1269
2.41774
3.02706
0.0728543
1.94567
5.26917
6.96423
7.7633
4.14598
3.02382
4.72048
8.54404
4.44794
1.68617
7.6925
0.0551557
0.878705
9.9168
8.87032
1.68772
2.95678
5.41831
7.89993
2.6079
5.76519
4.71592
0.139886
8.89839
3.31345
2.30801
8.72714
4.04226
1.97392
3.57978
9.755
1.49851
7.41983
2.94968
5.41549
1.75539
2.72367
7.37121
4.00526
8.76893
5.98462
7.56591
8.02642
8.71935
9.88344
2.93744
4.65773
9.14302
7.66564
4.14189
4.13724
6.58209
5.71441
8.54703
3.84584
0.833957
9.77293
0.551976
7.36519
4.0915
9.64962
2.33646
5.91741
0.446909
2.60069
3.9712
1.34913
4.12236
8.24666
1.32944
1.32235
7.53753
0.941464
3.74246
0.486446
8.3746
0.176992
1.76649
7.40846
3.16251
8.905
4.4074
3.84871
8.40402
5.70643
2.08914
5.00477
8.58215
3.86087
1.30537
7.15939
3.81175
7.379
3.56019
6.06509
3.21665
6.00726
8.6357
1.74935
8.53225
5.97699
9.89521
5.80659
7.23524
1.9021
1.94256
6.17448
4.37792
4.46876
8.87827
7.82402
4.27638
1.76789
9.81439
4.23411
9.45604
9.04191
2.69727
8.64173
4.71793
9.5218
3.67037
7.21506
2.45585
5.80692
3.37682
1.96667
7.85689
9.78594
4.29757
3.81559
5.1107
8.07507
4.78974
4.50127
6.53818
4.48294
8.25109
7.53963
5.57731
9.55469
5.2452
8.49844
4.64386
5.42166
8.81695
7.77558
6.6077
7.53179
8.49273
9.33468
3.68438
6.53498
2.42514
9.34702
1.536
5.21691
8.17276
1.78995
5.24427
1.29558
9.44645
8.70946
0.803425
5.14162
4.81255
0.288159
0.698848
5.11921
0.971491
2.33498
7.83943
1.16369
2.71032
2.2562
7.22216
9.82906
7.27711
8.6967
9.00857
8.53573
3.58076
9.263
2.14778
8.91974
9.72465
7.32869
9.89781
5.68921
6.70313
9.02442
3.08183
6.83249
2.81547
8.42367
1.63789
3.9757
0.626335
9.39895
7.15176
4.35538
8.84588
5.94373
8.93122
5.22672
0.643891
9.72895
5.39069
3.5532
6.24814
1.29684
6.19737
1.76975
3.72819
1.4038
2.08259
0.522884
4.12687
5.37262
0.998932
6.87452
6.64523
1.22658
4.89048
5.83455
9.56696
8.76879
0.918827
8.65212
7.93494
9.60057
8.26847
7.94231
0.881576
8.59368
4.21301
8.6145
3.23787
9.74431
0.363972
3.17185
6.15762
2.77372
9.79128
0.741927
8.64991
9.81124
2.85791
2.17896
9.87262
9.7281
8.10937
2.5435
9.90932
7.43358
0.124211
7.5311
3.68351
2.98835
1.20471
4.06984
5.8678
7.05388
0.507287
2.16431
2.76821
3.6627
5.11522
2.72734
8.74301
8.89502
5.4795
3.56115
4.46612
0.848744
5.76264
5.5021
0.295701
3.24186
3.49015
8.35102
1.47229
0.0726444
6.17012
6.37179
5.18961
6.10682
8.64124
7.77642
0.104056
4.87741
6.5986
6.23565
9.74836
9.87697
0.361564
3.44283
5.46645
5.80198
4.26948
9.68836
0.62421
8.35111
6.73527
0.553499
0.515076
8.70987
5.69253
1.95249
6.89022
8.747
5.00148
8.32008
2.88936
9.43854
9.82736
8.82311
1.89307
0.486022
8.99567
3.91297
2.76274
1.04488
6.35218
6.82924
0.218766
3.55832
5.96453
3.96715
2.38784
0.401603
7.13803
0.332909
8.2009
7.3173
0.866441
0.407443
8.91267
3.72632
7.12292
2.31165
6.27246
8.78543
2.0306
6.17261
5.855
8.35694
6.86246
0.760767
6.5233
1.25471
1.11346
6.76853
4.60526
2.47546
6.29019
8.62889
7.54285
6.75624
7.57768
4.54843
1.61931
6.78303
1.29543
7.9595
9.54474
9.43848
6.10585
5.06425
2.25081
0.353032
3.19245
8.80226
7.18133
3.05978
4.90342
3.22136
8.88048
7.50401
7.77891
3.02392
2.80701
5.66427
5.69397
0.652187
0.331731
6.06398
2.28336
7.57151
4.58264
9.35799
9.70623
3.21218
8.16648
8.1213
7.64572
7.8862
1.71017
7.24554
6.21845
0.141394
1.49252
8.83351
6.66658
7.17175
5.73387
8.64928
8.04466
4.32099
1.8226
8.89576
7.64444
6.65669
2.99496
4.07469
3.68467
4.03323
8.96128
7.01658
7.47001
4.27944
3.59088
1.96501
6.71242
1.10085
0.555425
1.77171
5.19375
3.34599
5.65186
6.79523
6.17415
4.49983
3.63082
8.56947
0.557489
2.07529
8.81897
3.15987
3.77305
8.3142
0.690055
2.38455
6.12903
6.15496
0.991662
4.17382
8.78179
5.85898
1.39247
5.22077
5.75671
3.83964
2.97576
6.8877
0.666425
4.64649
9.73356
6.1081
9.49047
4.23906
0.24591
4.58805
6.15771
5.18209
9.85714
5.73553
6.29762
6.48033
3.08432
5.41332
8.32253
0.53459
6.82647
2.69683
8.40966
3.50617
5.0861
7.35664
7.27632
0.651231
5.27338
9.38738
4.60644
9.13518
7.55014
8.7669
1.12525
8.40259
0.983881
1.50479
9.79988
7.51702
8.47223
2.72717
1.79091
4.27437
8.94001
5.56068
3.00652
3.64298
7.19858
9.02414
8.37461
0.230818
9.95409
9.90891
9.43267
6.08569
3.76047
4.87222
3.39574
9.75959
3.82548
8.6108
6.08435
3.0092
9.60152
5.41143
2.48306
2.21272
2.68276
9.7523
4.77957
3.63522
7.05465
2.97026
4.70674
3.82586
4.33525
9.86247
5.17051
9.60485
2.17464
5.0839
2.61752
7.59926
8.72217
4.06105
8.62804
5.5215
7.25405
0.125207
9.29488
9.67717
9.73572
1.37115
2.80042
0.740025
7.012
7.52263
9.73793
3.26287
8.4146
9.09855
2.79555
9.52865
1.17677
8.11149
2.10658
2.0886
2.04069
6.86889
2.67583
4.20635
0.434657
7.4438
8.42134
9.40818
6.56959
9.80715
3.03378
3.98013
6.17736
5.2554
5.86061
9.74919
2.17705
7.6376
1.03845
3.59425
4.8315
0.832225
0.942169
9.58119
4.35599
6.50362
1.93101
4.54458
4.18564
5.19279
5.52061
7.32399
4.60203
1.46226
4.39884
7.56619
9.74372
1.30281
0.824693
6.9912
5.22275
5.4962
