10
10
76.1956
56.5684
66.2996
77.2868
57.6867
7.93623
19.7135
75.6763
50.9935
49.7376
37.5574
27.5358
49.4732
88.2721
86.4733
52.6335
97.3182
67.9143
83.3407
91.279
14.4241
48.4883
64.4473
46.6049
72.3351
34.0488
41.317
10.2361
2.28098
51.3912
44.6255
49.6142
5.98492
91.7109
6.17499
72.3835
66.3184
48.0114
85.0423
91.0546
80.9345
42.967
14.9505
32.8976
36.0875
58.6185
89.0292
74.0893
55.7242
57.5974
50.1369
86.1536
68.5849
27.5394
15.3021
48.9992
74.2145
46.3236
60.8994
40.4203
3.11553
92.9933
52.0475
41.8479
92.3286
40.9685
93.8579
63.3135
34.0415
65.2691
2.3655
71.0319
71.0322
36.0131
29.0808
10.666
30.877
66.4179
96.6927
51.4553
2.95145
92.247
12.0764
29.9049
86.3339
20.0314
10.2276
75.4044
71.5654
71.2974
21.6736
78.8554
9.04753
44.7993
84.5756
53.0449
23.7628
49.6474
54.0729
75.4967
