100
100
10.3527
4.80155
45.7992
51.7031
30.2277
45.4433
70.0262
75.8653
50.751
44.4675
71.1202
60.9747
23.9303
26.9796
87.6696
36.1731
3.92909
23.094
7.56597
27.2665
87.1561
13.4744
35.0143
3.25858
44.1726
20.7226
38.2384
47.0022
42.7735
59.586
78.6954
27.7015
0.357036
37.9859
47.9706
67.4625
3.69157
30.8514
89.058
81.5982
20.4848
94.8678
70.1367
35.4386
0.871556
92.7682
37.4508
2.87475
1.91216
8.01311
84.1452
30.4567
48.7963
70.8847
90.2545
92.2147
68.1013
27.0706
24.4201
20.1225
38.3351
26.5861
34.72
63.3081
62.2885
43.1199
73.4569
71.1759
31.5102
14.1548
29.7312
89.6401
77.002
25.0968
36.9069
28.4928
49.036
64.5359
89.4947
53.0664
37.311
8.1338
3.31744
32.9095
28.0911
94.6641
39.2858
22.4245
41.818
99.3536
63.1805
38.9783
30.5062
1.32785
7.94472
18.113
3.85798
81.4673
9.83044
29.6121
20.8968
45.1041
0.980484
36.2837
52.1587
97.6996
69.9891
53.4604
86.5296
48.5731
25.4368
2.23772
94.9522
94.5144
32.9839
80.3936
98.4167
25.3668
38.1868
87.5319
10.857
25.8683
28.1796
4.51945
40.812
90.628
9.73354
4.3984
99.0804
49.0433
47.1908
79.0569
21.9778
18.6387
26.3931
71.4826
63.8186
75.479
19.1972
46.1421
8.8846
1.59903
44.6524
30.5249
85.6055
89.9984
43.9009
40.5936
65.6357
38.8456
48.2678
69.098
89.664
4.30564
33.8946
19.006
93.116
44.8291
9.46776
84.5958
33.1831
81.0932
74.5096
80.3142
98.5245
80.0415
6.56876
59.7315
38.414
66.6849
43.7024
83.1208
18.8945
67.084
30.3321
64.5678
57.7806
32.3221
2.89684
22.8797
32.3077
47.4724
54.9325
75.3286
15.3583
57.4113
17.293
60.1834
34.0476
2.19383
30.0846
12.5161
88.4086
78.4816
58.3268
60.3889
57.4907
91.6737
25.2766
64.4575
12.5379
1.56988
22.5985
88.2727
81.4116
1.91758
31.7804
67.3168
14.3602
30.8821
67.7949
47.9624
65.001
21.7859
98.3709
42.0175
29.1696
50.6714
86.9516
93.1753
53.248
7.43051
32.3064
91.2963
94.9644
54.136
93.205
58.085
34.772
86.7867
86.9295
96.3007
18.6878
73.5514
9.05648
68.705
28.9793
17.8357
53.8304
77.056
36.1509
83.2859
28.7361
31.6955
59.9493
94.9432
91.3354
49.7217
83.285
99.2899
57.0588
90.9715
71.2277
92.5719
11.8207
73.4483
64.2974
26.9452
77.1843
31.6946
30.2505
80.3451
86.6171
33.8169
34.1595
56.6584
78.4968
26.7231
90.4595
70.5202
8.91132
20.156
24.734
96.8149
94.1278
88.6553
88.0355
11.0184
34.7458
17.3816
17.4956
32.4406
15.3217
15.5557
10.4116
52.6932
42.8648
57.6616
12.9742
73.4302
94.0735
85.4803
0.789108
41.4983
71.1308
86.5431
41.124
15.0314
34.464
99.8288
78.2446
55.7637
9.73635
81.6343
15.3824
86.2954
3.79295
29.1591
89.7567
89.3133
74.7943
87.7033
11.3839
31.7249
33.0236
16.1957
86.852
73.0341
67.3496
46.1192
81.4509
14.3675
0.386266
30.7265
85.5309
73.9513
44.4082
60.5533
85.188
39.7282
75.9006
76.3486
29.1661
51.6752
8.1422
95.7162
15.5004
87.7645
60.8154
33.0609
47.4391
92.465
93.7228
46.9326
15.0692
63.1468
18.5547
26.5735
50.8096
43.3444
32.104
92.4132
6.53005
60.8867
0.0330184
35.7708
79.3875
31.9601
27.6971
44.1721
94.952
80.1685
59.5334
79.112
22.3767
24.7412
73.9062
15.8437
16.1363
16.306
65.2494
82.532
41.8614
58.3753
66.4258
25.4437
74.0065
29.5997
72.4132
86.0136
22.5505
83.2527
89.4642
93.6346
24.7928
83.3436
48.8439
58.8073
22.1625
73.2611
29.0769
86.4317
57.7538
24.6492
89.4955
68.3522
60.4786
7.49304
49.1182
17.8057
46.5552
71.7955
45.6074
83.6259
55.3511
24.229
82.9228
90.6785
32.7408
50.9249
30.1907
42.0545
34.2228
56.7105
48.5582
82.2999
49.6012
73.4324
92.2784
20.8104
90.2048
24.2192
43.2124
86.3109
27.0513
58.7421
43.2124
69.1136
96.7153
7.75814
91.8922
2.74562
24.875
1.67883
47.3237
39.2656
77.5453
20.6331
44.7103
78.9903
56.0217
83.4193
52.8552
32.6881
51.0746
45.5974
46.9446
88.1068
62.6716
29.3863
87.9855
92.0672
61.5271
4.14375
89.1265
31.1483
32.1447
80.7717
27.7204
30.7941
68.8044
85.8911
92.1813
89.6142
94.2377
63.6509
97.4654
61.0291
83.1514
44.83
89.6095
15.7702
3.70338
13.829
63.0359
20.7116
95.4169
5.40203
39.1
57.9998
52.9409
1.4237
27.4354
19.3104
81.0924
14.8098
32.6997
51.0374
86.615
66.331
7.24068
58.7443
39.2204
18.5335
1.12441
25.3665
90.1538
89.1459
11.093
72.6314
74.1107
10.8026
88.3806
99.4022
22.5356
14.7893
41.6953
39.8401
8.40671
54.2127
96.4285
26.1775
85.7362
90.8239
3.4614
8.29519
26.1262
52.3265
13.7758
30.4342
41.0123
75.0351
40.5573
87.6872
70.0859
37.673
50.1771
9.80721
89.9869
68.3954
44.6355
88.7524
55.6294
52.8407
11.726
57.0104
47.8373
62.6561
53.93
72.1657
41.2908
13.1679
84.2514
41.6697
81.1989
53.7087
19.5179
56.7951
44.6226
34.8
38.9467
99.4652
43.6697
95.2509
84.1875
91.0487
7.12746
30.3787
80.3153
79.0098
77.1052
36.9459
57.2854
8.04446
99.9578
63.9988
3.58103
24.3927
81.9211
84.6289
38.1323
89.4869
29.0883
95.2833
45.5571
45.6447
16.6274
18.8705
76.1208
4.12979
21.4496
68.0873
54.7625
45.8191
9.09652
20.5059
49.6693
46.1039
29.4097
65.2155
47.0771
61.7847
48.3712
74.5403
53.4194
69.4715
91.6836
96.1951
24.9058
70.5358
92.955
90.0376
51.8363
84.3928
89.8429
72.6729
0.797788
9.81231
95.7139
14.6763
21.951
71.0269
58.1773
83.4698
25.1428
8.8736
60.4728
96.0984
10.6544
8.83205
43.8819
31.1753
78.4988
75.6042
31.9984
11.3153
54.7852
0.71507
71.5618
62.5022
28.8944
18.0041
36.5474
19.9749
44.6512
78.6005
53.6143
59.4856
47.426
53.7722
99.1574
0.461874
84.929
86.8191
49.0086
98.8055
18.3863
19.5881
80.8236
50.8247
29.5407
88.1418
36.3427
25.1378
91.3968
35.4959
9.3387
20.5791
16.4269
50.5774
53.842
66.5559
33.8126
79.3845
57.376
2.57823
9.12072
27.5359
94.7551
84.1025
29.0329
44.2798
93.5776
93.2134
22.2301
42.6508
91.5757
13.7866
39.9479
2.13396
60.0216
71.255
72.5807
66.9942
10.639
12.6147
43.5307
14.2708
29.8616
98.6218
99.1892
32.9402
60.4544
40.8996
44.5047
19.2487
6.78654
49.502
10.9723
79.232
70.9055
54.9934
26.9801
93.9896
16.5081
8.33405
68.3387
76.8036
54.439
1.21428
70.8903
2.96017
5.63376
43.9365
76.3907
2.22294
45.3847
39.7144
47.89
57.1271
56.1147
44.8612
0.0164443
38.8035
26.1787
87.2543
40.0037
92.5709
25.6725
31.6929
12.2295
23.0692
59.0198
82.1302
12.4689
17.0025
54.0893
48.4759
79.7318
36.9086
52.708
5.66375
72.9212
31.3656
27.8141
59.5846
12.4686
25.1497
17.9435
93.5571
12.0643
40.7885
27.828
4.69959
71.9415
25.9933
49.4839
1.29814
22.7779
13.5148
70.9985
65.4906
69.5807
40.7775
84.6035
53.5227
94.2283
92.5298
73.836
3.65219
62.4662
91.1505
29.5585
12.9665
23.5138
16.3524
1.12636
10.3525
63.8204
62.1334
45.0774
5.48502
60.284
65.1492
30.6852
75.286
23.7227
49.4815
32.3585
62.0326
35.6239
40.6098
58.417
29.8801
93.7047
86.5073
94.4098
19.6807
40.8005
10.2792
57.3841
72.0203
12.6813
16.7749
45.3933
62.1307
90.3633
57.2515
95.1558
38.98
96.899
8.3084
6.23272
37.4248
74.9745
33.5367
7.51274
47.4918
16.0763
61.1045
65.1264
14.8576
33.9765
3.01745
52.6833
49.4682
58.4738
53.7543
3.85018
81.111
86.7907
32.0051
84.2704
60.3958
78.5904
48.1572
67.7626
59.5956
24.8263
87.7563
42.8837
26.4636
53.3746
96.0671
39.9945
67.0219
59.7267
67.554
66.3079
88.0212
83.9507
50.957
3.90622
1.97868
0.754036
38.6461
44.5285
24.8595
1.53755
89.5405
40.1313
82.8278
20.094
94.1662
87.7099
52.0146
86.1729
64.7636
55.929
70.7425
53.2967
41.3272
96.3079
13.8194
65.3126
78.6875
58.943
40.1649
93.6658
1.68476
65.8518
21.0461
9.37277
23.7574
13.7759
49.7087
57.3416
61.6597
80.3356
13.6025
22.8842
72.5624
98.9824
59.5119
10.1684
73.6757
43.5977
82.1015
0.688137
17.956
32.5701
18.557
58.4772
3.2737
18.2628
46.6822
30.9019
66.8768
57.5437
29.3331
56.1192
56.1859
22.8379
77.2186
54.8268
93.8937
74.5513
69.7343
28.7514
79.1675
38.1448
33.3176
19.8143
87.1237
58.6778
82.0168
17.1729
54.9841
87.7024
20.2638
67.521
19.2268
47.9628
5.45344
80.2353
64.8792
39.76
60.1195
9.32227
41.8767
91.6334
11.8366
66.7344
9.2662
73.8051
43.878
34.9299
74.0755
91.1563
64.6253
57.156
50.4256
14.7859
25.6415
51.5137
67.8426
34.0363
77.4808
39.7946
39.5306
75.0537
83.4612
53.0659
84.3191
50.4457
58.129
77.6539
16.8722
93.297
12.5752
62.9174
66.9223
98.6636
72.4543
52.4331
5.12993
52.4722
52.9601
29.7446
31.4217
90.6668
50.6354
23.8723
76.2796
60.052
51.6671
95.242
36.558
49.5441
71.4232
49.6873
76.0793
47.4208
86.0486
71.5278
70.9186
38.8286
54.8552
51.1313
25.6713
77.2358
48.9587
84.1492
30.7288
52.7982
99.5786
88.2833
77.3025
51.5752
95.4928
71.6499
85.2868
71.422
83.3876
11.5121
54.943
39.9928
20.2127
69.4373
52.6632
8.31458
28.2848
10.6078
52.4094
60.8259
8.68663
22.2288
27.38
50.9453
20.9911
40.55
6.61605
22.9001
99.4285
96.2549
39.4389
71.2807
29.9769
81.2126
32.5578
9.7952
98.8477
47.2488
85.5113
55.8714
34.3729
78.2101
39.851
22.2607
36.7345
57.2682
29.6021
2.24771
5.90529
2.21747
41.1855
3.46535
46.9708
2.20266
61.0213
90.7058
9.78692
63.4365
29.734
28.141
48.4593
67.2869
69.2225
95.8995
33.5089
42.2862
40.5862
42.4955
64.4615
18.4244
65.6994
50.2522
81.8064
30.8252
90.6105
93.9473
64.1234
42.9245
91.4153
13.5988
27.9365
79.0756
77.623
85.5759
63.1013
17.955
79.9587
79.6702
4.00845
82.9907
54.3915
27.2162
74.306
7.34994
79.2322
57.862
56.8133
99.8884
30.7433
37.9576
48.4051
49.9846
79.5717
62.3262
85.7372
42.6228
5.8985
69.5512
84.8587
69.7865
33.8631
84.8554
30.1799
74.4428
82.4028
14.3656
38.7351
28.685
83.6297
33.6068
6.55611
92.5632
27.8587
32.3847
47.7833
66.3933
90.7314
0.972377
85.2568
20.3721
5.78667
8.01848
10.2788
24.6434
28.963
87.5588
20.7442
75.1959
28.6691
95.3459
55.7588
34.3039
72.6968
60.4021
6.28363
9.55564
74.4116
47.7849
77.4312
3.77454
47.7389
15.2078
51.8941
99.0428
9.43308
61.243
12.9871
61.5224
56.9923
93.9754
67.8232
52.0063
78.0712
6.872
29.9996
76.7328
56.8369
10.9462
81.1441
96.6384
56.3599
25.7713
22.991
87.9528
71.6575
91.9911
10.2137
89.927
34.9832
82.6798
51.1808
11.7612
92.3637
48.9018
40.6514
43.8382
88.907
9.39234
14.4266
51.5806
96.5761
70.5387
96.8166
39.7989
58.2912
86.2794
82.0438
81.344
80.9142
19.1914
45.7152
53.8657
73.7678
84.0521
32.421
69.6586
86.6969
91.2804
13.6885
51.2956
55.2771
69.2889
91.1702
52.394
65.2478
0.602173
99.862
22.0689
46.4713
89.1549
46.219
77.1034
95.6029
65.3611
70.688
30.9967
75.1167
29.1858
88.6537
13.9188
86.0185
11.1214
32.8218
31.8197
58.4355
81.2966
77.3182
75.7917
86.1391
47.0919
62.8415
40.7478
32.5949
65.4447
18.5531
62.6979
92.4307
7.79625
57.435
91.4096
94.9265
23.1582
81.0604
65.8193
24.5249
16.0597
52.3175
59.4354
14.5297
47.3628
96.8611
17.601
57.745
54.0542
38.6948
65.2613
38.2448
92.7
2.9167
19.2901
5.55274
64.4975
84.2006
80.171
14.4023
55.0609
98.6629
24.7841
89.8321
66.1152
23.1967
69.915
56.3671
16.3535
69.5306
54.6557
92.6321
22.3563
3.28405
67.4203
77.7501
33.7972
66.8578
12.3967
39.1791
24.6077
14.1808
37.4911
73.7414
62.5726
29.6275
59.876
78.8977
91.5916
16.545
51.9863
19.9143
15.992
68.0727
0.539113
84.0808
78.9381
24.5431
56.5218
17.3522
11.3337
74.0466
11.2092
80.1694
58.089
89.826
41.6364
33.6283
47.6556
99.0437
95.1005
74.1219
31.3712
84.3315
32.3038
66.3551
55.8897
64.1721
35.6614
31.7495
42.1885
84.0799
23.1759
28.1302
11.9731
21.9323
36.3192
61.5191
37.1063
7.62423
16.3178
51.357
77.1012
72.7655
6.78272
15.9523
12.4585
98.6047
54.0786
87.3414
86.7639
18.8619
80.0619
35.6725
22.2355
24.1065
56.2514
53.704
72.5424
31.7724
50.6838
78.9417
54.6086
17.4532
34.2054
60.9959
19.4483
56.6153
63.7865
73.1831
57.4395
8.07589
43.1859
31.5972
99.7079
86.1098
3.88637
64.6888
2.31962
53.151
2.29838
0.850036
54.654
92.9828
46.24
66.7068
81.3452
51.4043
51.215
32.6788
72.8643
30.5644
27.0192
40.2746
42.5806
73.0209
71.3474
68.0796
55.5308
34.9754
68.883
40.6966
92.2701
75.2179
71.4545
41.3969
12.2285
90.7386
21.1337
19.1857
90.8585
17.1113
76.5305
59.1954
26.2748
17.6051
54.1852
36.0293
48.4638
77.217
23.0915
40.2386
28.7119
41.4214
18.122
87.2816
29.2955
65.5964
28.5126
91.6023
97.8325
3.93992
25.4785
8.49901
22.3812
82.6024
77.0643
52.0885
85.1068
41.7934
20.7977
58.271
66.3083
2.14399
62.833
8.64331
53.4417
80.2419
47.7944
84.2009
99.5377
85.4489
13.6179
95.2855
81.2108
32.7056
4.46653
72.481
42.8335
76.9175
15.5354
28.6457
24.0561
47.5616
21.2327
6.58808
4.07181
19.1524
31.5041
79.9408
58.3432
32.0953
27.5115
13.9766
99.5676
12.7994
63.865
6.04611
85.212
98.1588
38.7216
9.55182
69.9214
81.8221
13.2887
86.5457
23.918
34.6165
30.9099
8.50987
50.3518
39.807
73.6476
95.961
5.67598
89.1382
75.1514
67.2212
71.7402
76.4221
89.248
40.1084
72.021
32.8977
22.66
6.70897
42.7624
85.4453
85.3626
56.9261
6.1535
3.73553
40.2204
76.18
73.2337
37.7908
88.767
87.5158
45.7937
74.2539
69.0449
13.6574
81.3174
47.833
53.3599
12.5604
20.3115
13.3943
45.9228
3.97463
29.9384
10.7631
78.0029
87.7153
44.091
40.2212
14.4478
49.9151
69.9849
74.5172
21.4627
14.9543
46.7536
85.886
71.3053
70.2852
25.6514
10.6821
42.6679
12.5199
22.5825
56.0549
94.033
39.6821
76.3509
11.7174
40.1674
61.2076
25.0397
18.5994
39.2075
43.9872
41.9395
8.4246
34.9792
31.5832
10.6106
94.8794
45.1062
44.574
8.02748
14.5247
45.2821
56.3792
0.280152
93.7731
35.9326
50.0253
8.92505
65.238
71.526
79.9259
76.634
51.6879
92.6239
98.3715
20.1065
51.0122
72.729
78.1509
10.9339
86.3783
43.2953
64.6536
42.1063
69.8612
49.0519
88.9213
8.77668
43.5289
45.2403
58.5276
95.004
90.7996
79.6869
49.7599
77.4473
91.2712
63.7625
63.6956
69.4201
50.4624
49.232
75.1025
49.2021
47.8035
87.4966
85.8075
92.3561
29.8441
66.5588
25.462
62.5684
22.7377
48.7636
21.7266
14.105
60.4326
98.1448
15.9937
92.9782
22.9792
54.168
71.1155
44.1337
97.9841
92.157
99.2021
34.1715
80.7007
32.7832
76.5517
62.0035
87.1679
76.4527
76.0815
84.5532
49.1853
0.192302
60.0484
97.7128
95.5084
20.1935
83.1595
81.4981
98.5534
10.6198
25.9304
95.0309
41.8358
92.0389
66.513
42.843
48.1133
25.0159
50.7286
35.8633
37.6459
29.9942
40.9426
78.4948
71.2053
23.2911
74.4225
69.1898
71.8958
47.743
84.6289
95.9873
76.1699
97.5754
8.81301
35.9697
98.5555
0.116182
96.0468
47.3612
55.7386
11.7803
74.7312
54.2609
39.0505
63.3541
17.1687
49.5637
62.0467
65.4669
99.9511
96.0514
24.1143
0.33198
62.237
27.1952
95.0306
14.7802
54.2256
96
64.4158
56.1813
99.7278
40.4905
12.0162
90.412
22.6317
32.5222
22.1213
52.6097
64.9935
0.143554
32.3472
66.5886
98.488
39.4356
74.4261
34.7455
77.8301
70.9695
56.9507
12.6609
10.8516
30.5154
42.3984
58.954
40.0475
2.41301
37.7369
88.1288
90.8093
5.37656
36.7639
14.34
13.6812
99.9321
19.878
37.6445
58.3317
40.5623
7.56256
28.2634
50.9405
89.895
56.7287
95.93
58.5192
98.8022
70.4293
14.989
85.4319
90.3574
80.0139
31.3245
46.0355
99.965
6.65872
14.2091
75.3433
34.6328
53.767
55.3299
85.2303
4.46701
89.4461
78.5705
49.462
89.0967
88.7136
22.1076
14.2979
73.8024
2.72067
21.8461
33.6717
91.487
46.9231
10.5804
56.9576
91.0279
92.951
1.83116
99.2607
71.5902
4.38776
90.3526
87.9728
4.46337
72.2003
60.0205
87.7188
0.553164
73.4165
11.5436
43.0607
23.27
56.8764
16.1211
11.5262
94.0127
80.59
97.2169
88.7753
11.8371
16.1213
46.3426
90.8502
17.0344
74.4679
37.9325
56.0227
22.8498
52.9985
64.6728
96.3614
89.04
10.7223
63.6415
19.2633
1.62466
58.1242
5.13521
46.6294
97.5713
39.0902
33.7816
59.0097
20.8762
22.3423
90.6986
12.0613
47.3301
17.4849
28.9647
95.8476
64.676
42.2543
31.4983
38.7071
41.5067
58.1919
46.1465
41.9142
94.9962
86.4795
64.8101
96.5597
47.1175
25.7339
30.2354
94.3887
1.13867
22.3285
81.16
84.5533
28.7211
43.244
68.5762
10.7893
48.0892
0.571961
61.6109
41.2888
18.8968
10.7745
85.6125
58.2302
10.8791
45.8798
88.0349
83.1498
22.0603
22.3431
71.0935
56.7694
18.0138
10.2028
97.4204
73.6724
24.0659
77.9878
16.2018
71.4173
40.7217
51.6848
42.6371
18.5493
37.392
59.7604
73.4154
8.80589
99.1373
92.3598
43.5168
85.9146
0.717342
29.2199
84.0211
40.2014
97.2285
30.7534
8.12231
36.3627
79.0674
97.7362
81.1864
23.5859
60.1632
45.5321
72.2426
31.7514
57.6747
39.2165
95.1
65.7733
80.5429
99.0244
31.4664
37.1838
43.1555
85.3154
61.061
56.4294
50.729
36.6527
71.8651
57.6331
64.4772
72.5623
42.5593
83.637
33.8069
47.7478
13.1662
65.9366
95.0371
11.0259
62.1157
69.6777
78.3952
68.019
13.4932
57.4726
21.433
42.142
20.614
45.777
5.46764
38.0952
73.8923
42.2922
36.9708
98.3585
87.7853
35.5807
6.81892
62.2553
92.6716
7.80146
37.0804
38.3676
40.5255
40.5747
77.269
81.4451
68.3417
93.0832
22.6958
65.9372
30.6982
35.1433
77.8653
74.0845
76.783
3.70318
43.1877
96.8555
54.3883
77.1924
43.3049
42.8015
82.0554
94.1522
60.4893
20.3764
79.8979
98.3511
31.6648
17.1191
86.7223
67.4421
82.7847
19.5168
30.8799
84.4046
93.0089
46.6168
43.6208
45.5125
9.61578
99.6013
9.93334
64.5293
99.5565
36.2227
53.041
27.0961
66.7869
51.7487
60.0872
75.1219
23.3909
18.2467
20.7356
14.8554
30.758
33.622
59.7804
26.7702
99.036
86.5089
65.8114
14.9052
21.1088
47.3378
33.005
76.7267
51.9698
92.1503
29.3082
61.483
48.7058
92.7208
92.8492
92.315
65.0047
26.8282
39.2273
18.3695
80.8151
88.0838
14.0279
58.8376
0.0820239
6.31329
79.1886
97.3855
75.6459
39.6104
62.5969
23.2005
97.3721
21.6141
14.8644
12.0945
49.1391
86.4378
92.2435
76.6539
36.8518
23.6723
29.7522
57.8889
30.7372
67.8291
33.4883
69.875
13.3486
5.12779
29.2266
56.0524
83.6141
48.0644
24.059
51.674
52.0644
77.2575
37.6876
92.7721
98.3826
40.4735
53.1886
50.9003
65.383
77.0174
98.9669
42.3522
99.4083
50.788
61.279
45.6129
40.4912
35.2832
21.7487
16.5784
42.0924
83.5569
32.1225
54.0742
90.3477
32.2581
24.8564
2.12861
70.4436
51.8476
29.6714
13.4183
8.66849
1.74005
3.90877
72.8734
8.80455
39.6482
75.3073
22.9767
13.9977
81.0509
57.3826
60.6905
50.8907
75.1312
95.8164
22.5164
7.93009
75.7634
69.0232
75.1281
62.6827
33.8148
79.865
58.2015
52.2061
5.03618
88.442
91.0025
80.5355
69.5839
90.3163
34.2765
68.7594
74.9632
45.5132
59.0975
58.0251
32.0473
98.7628
62.4564
21.2809
3.3854
8.1656
8.08346
14.5173
7.09455
92.6296
51.053
50.3039
81.6984
27.9262
86.9593
51.8038
72.5223
65.8928
58.4758
96.5052
31.0862
34.4803
83.7592
87.8772
50.9367
67.8302
50.1037
51.7966
28.7827
98.7335
90.3205
42.5374
35.6327
48.3731
51.4114
94.276
88.6719
16.9683
89.5135
59.3091
53.211
78.6468
13.0473
19.3663
5.46211
36.7357
96.5011
52.482
26.6787
77.5482
8.51622
40.0181
8.11078
13.6851
98.0767
25.0391
3.78038
89.853
74.8994
72.9272
54.9578
22.5329
49.8039
33.869
54.1903
64.9443
41.2557
60.4794
49.7232
27.9836
1.10126
78.2573
7.65803
70.5419
52.6132
35.8019
31.0047
0.526072
61.7915
13.8565
65.902
70.2776
75.222
84.5254
78.6081
54.7686
66.2962
61.9089
75.2966
0.797008
31.3799
65.3678
60.2208
53.5373
48.9472
79.3643
48.167
6.95953
45.7226
82.9302
41.1121
69.6656
28.2236
92.9427
11.2055
11.0533
48.0131
56.1379
3.14267
85.7397
66.2527
23.8239
12.1782
87.6639
82.959
87.3714
53.8793
93.4982
54.8236
99.1871
69.966
48.7272
71.4516
66.5696
68.3829
76.3273
78.6354
72.2941
57.4316
97.3275
91.3731
59.082
60.4418
58.6283
28.4141
65.5025
77.9605
58.3957
28.4397
35.7187
56.2895
41.6261
96.2751
71.3806
65.9354
7.33217
34.2885
79.158
33.3409
51.6851
55.6601
92.8079
36.2152
60.1234
15.2267
38.5656
54.6192
12.5017
4.24804
68.316
47.4113
53.0188
31.2342
17.131
89.2702
74.4919
76.5525
63.9935
90.6779
99.8753
78.1352
85.8985
28.1482
23.9754
6.18865
9.37126
55.0665
81.5102
43.0903
61.6188
53.4655
11.8931
48.0143
75.7216
5.36086
9.04813
71.6911
74.4743
43.5699
70.4984
9.61493
81.8875
90.8155
25.788
8.08972
92.9853
21.7866
67.5733
38.5401
2.79273
0.736478
24.5666
14.6109
18.089
49.4979
79.956
91.2663
43.3932
4.38015
60.2961
76.9449
76.172
54.1589
48.4866
27.1485
2.86642
67.2899
31.0913
42.9407
33.8626
62.2228
88.7277
80.1771
22.0898
49.5882
73.9502
13.3976
43.988
8.92137
5.52921
52.6014
1.75216
16.6637
72.5938
90.5644
4.76288
39.3848
4.11204
62.136
45.7768
69.2803
71.8001
90.3012
26.0687
11.0154
77.1759
21.2817
37.4196
24.6522
49.5344
52.8059
86.5281
34.8017
98.0873
6.36798
35.2479
0.0324458
28.2748
45.8855
62.0301
12.8991
92.9172
1.83511
39.5062
9.26982
86.7273
48.056
62.9353
9.70308
17.9613
71.9465
45.5366
62.9053
85.1881
39.3759
31.4021
76.227
35.1776
56.8104
66.3477
54.7315
4.49067
81.3126
90.1845
0.120712
85.0801
64.9547
42.2133
96.663
11.146
40.4558
43.7611
59.7152
36.9723
81.332
97.6595
80.4711
37.0967
34.8795
56.5156
19.5497
49.4733
49.3861
23.7676
71.4352
37.4388
26.5439
68.5176
61.6202
89.2819
64.3272
93.5871
75.1134
45.9712
40.7884
25.1177
31.0102
58.6957
39.5588
2.75516
56.4444
88.7242
24.6576
54.1492
8.45466
11.591
84.5364
16.5959
14.3117
99.1748
10.9174
85.2249
15.2877
13.373
87.2923
97.4499
27.81
30.6488
12.805
12.541
54.9645
39.5587
26.7468
95.2491
65.2617
40.4819
79.9453
12.0801
96.6562
26.6406
58.2102
22.0303
47.2013
63.337
99.041
28.0305
69.5596
34.573
57.0384
71.1829
72.0738
14.6003
6.12034
17.7355
85.7687
25.2999
93.8497
22.0367
83.0073
61.5126
84.6822
27.7311
65.0831
74.7584
34.2942
56.2871
53.5034
68.1352
60.0125
26.9188
60.4136
45.0149
56.0739
46.3249
34.6684
86.0254
42.5532
84.9676
95.514
77.8515
33.0179
31.2598
40.2974
44.7886
99.9906
91.8458
75.8061
38.3987
0.374203
91.806
7.95122
36.7835
9.70751
23.0361
84.8821
67.1287
94.8852
70.0396
96.4042
0.403993
82.3389
54.266
69.0758
27.5681
57.2778
15.5755
37.0605
19.352
69.3304
12.5538
0.24624
82.3095
48.3322
82.4834
94.7401
65.6169
94.8015
63.7975
70.7954
18.8087
7.75998
78.9426
50.2817
40.8894
26.3095
70.6694
84.0737
28.8305
40.3678
86.1336
41.0754
15.0838
45.9927
39.4807
17.6041
1.43272
96.0068
15.9153
92.1046
84.7877
92.2593
77.6516
35.0655
88.2213
61.708
10.3564
16.9628
44.6693
96.4937
40.204
56.5103
86.3774
25.9979
62.913
12.433
47.8337
72.628
25.8241
40.1751
5.137
64.0512
84.3772
85.832
31.6305
97.229
66.5568
92.3982
71.1388
88.5646
21.1072
31.64
43.166
12.1242
10.0337
96.836
30.7371
20.3507
91.7839
6.50194
60.7504
38.0825
61.9136
50.8884
48.1045
58.646
69.3065
72.9494
78.3304
97.8803
2.41572
36.7828
73.582
99.5389
66.2954
43.5004
56.3906
73.6056
34.6594
21.4335
32.2806
99.6205
5.81319
1.81592
72.904
37.5833
13.4696
11.077
46.6856
20.1558
27.9337
85.1017
73.1921
0.651401
80.6427
20.0526
97.7
11.2863
41.9267
72.9969
99.8556
19.5703
76.1291
9.76896
34.7807
18.0407
55.4927
93.0094
88.7629
66.1392
38.1047
71.005
36.9254
72.7579
1.63663
54.3791
92.2558
98.8968
66.363
93.9103
13.8849
18.6822
2.32013
43.8573
73.1635
73.446
48.39
30.3478
40.5
36.2947
12.7729
82.7113
53.1575
14.4378
31.644
72.2506
60.3709
35.9669
5.07264
23.8513
49.3759
97.6146
49.3509
89.5379
49.3379
65.9954
2.16734
88.7232
28.1941
35.5015
11.2182
57.3826
53.4122
16.5285
70.9878
61.811
72.6238
27.4942
1.52581
2.66685
51.6728
16.3483
96.1949
11.0183
21.5654
4.24546
54.2278
73.5781
49.1856
67.7671
79.4866
70.7298
50.6923
28.8964
58.616
79.0234
6.27669
47.9283
82.3253
90.7643
3.08814
10.4663
28.0022
16.676
14.0284
19.3975
96.8377
70.3221
70.3628
0.374784
85.5629
90.3843
28.4358
62.0813
26.2044
42.7376
38.9333
68.9409
93.7274
30.8473
90.4073
77.9753
67.5279
94.2319
84.9604
26.5142
68.6534
0.62583
20.3567
70.7757
1.2315
67.5079
85.4027
83.8548
55.8865
52.8058
10.3522
70.0001
11.8791
85.2035
21.0244
97.0651
97.9322
0.443468
84.3453
67.3077
55.6537
36.8996
41.3333
52.7906
14.8284
89.2359
22.9365
88.1115
45.4899
79.3089
71.7497
12.2751
32.7266
57.4269
99.7478
61.6444
3.72932
12.6189
54.5633
95.8299
8.11988
86.3597
36.1167
23.7348
13.464
25.8953
75.1056
85.2352
24.6103
10.3649
39.168
54.7257
57.5798
3.23831
55.8917
18.9722
43.044
18.328
34.0842
98.0353
51.3736
69.2581
46.3897
24.7241
88.4561
26.9961
77.294
61.6184
64.4748
20.3608
50.7951
32.1661
57.2124
1.5107
91.1098
97.2592
74.3236
7.84515
43.7882
74.8704
71.2439
36.2078
53.9291
8.83621
43.6737
88.705
88.3741
89.9652
71.4199
41.6083
94.3634
96.0374
87.9369
45.3752
67.1578
96.0417
56.804
66.5632
47.7589
48.6004
40.8873
74.1531
70.5352
3.80405
43.1107
43.1303
77.6189
70.9364
6.13683
3.76945
57.9494
89.8087
63.641
30.7327
6.44096
6.88619
24.777
0.143579
42.6713
86.7576
60.7907
0.251757
39.5458
32.6516
39.0897
15.4604
24.1842
42.8967
71.1785
69.0701
69.7957
16.8681
22.5625
47.2596
6.04543
92.9626
94.4666
90.1297
39.8864
92.7605
92.1843
76.1162
8.73509
98.4158
40.8017
94.0104
87.5391
11.5217
32.9414
67.2423
51.4724
25.8965
66.5311
43.3302
11.8683
89.1659
15.8811
89.7654
52.2062
85.3795
93.061
12.9782
66.1083
25.0058
82.3494
88.3421
4.69862
98.7986
68.4735
64.9843
45.2235
57.7759
1.80204
47.8169
80.1078
77.2874
52.2992
50.4913
50.7445
64.2716
95.0989
98.1178
82.7443
45.425
31.1706
70.3895
83.8721
6.34366
0.14891
23.5753
62.4033
24.3405
10.5367
57.4062
5.85255
82.774
72.5589
49.5719
18.2706
96.3263
65.3674
96.3556
37.4977
20.9869
81.7476
64.9753
12.4534
82.4968
27.6971
72.2186
63.736
63.4272
12.1579
91.1582
48.4608
3.09696
6.23869
2.14718
99.9689
85.4896
58.3239
30.1117
90.658
0.259674
57.6804
88.6015
58.6456
88.0622
82.7828
97.8741
10.1377
45.7877
55.7624
14.3426
88.7943
83.2194
9.13931
30.7486
72.0869
95.8764
0.795461
93.546
39.3273
92.0059
34.7074
64.2617
29.4777
4.66995
59.5183
8.44542
7.58159
59.38
33.9057
14.173
15.4426
20.3615
67.8209
58.2063
19.333
18.7852
99.981
62.4854
30.6479
72.694
66.534
61.1729
2.72642
6.34702
9.24904
32.6658
5.47952
79.5156
2.66203
94.1409
50.1224
4.59354
67.26
93.1507
16.6285
92.1376
38.4216
76.3202
45.0242
96.7088
94.9787
96.4628
4.96145
49.7666
87.5462
88.7283
82.088
29.341
74.7313
60.1688
89.0428
50.0985
43.8383
77.9835
96.5753
58.7808
62.2007
19.1299
98.7073
3.8817
11.5842
72.3095
31.2018
35.5578
86.1142
98.2491
80.3784
45.8653
62.63
29.671
92.1446
58.0398
21.8625
27.4231
72.015
3.48077
59.5828
59.9937
48.8993
80.0571
1.98458
2.71024
57.9508
91.3701
89.6625
0.0315227
9.98815
59.2773
75.5001
17.0129
78.4433
89.3458
4.08636
50.6048
2.53385
63.2924
11.8114
17.211
25.1747
5.33296
33.9488
20.7631
45.2423
20.6738
25.4818
3.13309
76.6188
57.6005
59.492
11.2514
40.0369
49.4289
91.8403
89.2127
24.3387
90.25
19.475
96.3287
70.8097
44.8466
26.7913
53.5822
12.014
24.9264
26.7633
63.4806
24.2521
3.34202
88.7226
15.6655
20.8409
86.8993
51.3255
32.9419
80.6951
3.36323
20.2799
0.743714
43.4238
61.9026
80.9847
96.8388
91.6915
22.8747
99.511
36.2725
33.6492
18.4619
29.7549
44.7288
30.3383
35.02
87.3101
67.8911
55.7036
66.7133
44.7453
55.6204
80.3656
33.4161
64.0075
88.2343
78.5993
7.22012
58.2955
1.46906
27.9386
43.2691
50.1705
79.3058
31.8778
9.12391
19.7292
94.658
75.6552
67.1512
59.2074
25.6185
77.7326
20.1834
49.9467
41.3288
52.3638
47.4161
11.9905
59.6981
79.5293
21.2665
21.6429
96.3028
53.2362
72.0195
16.4444
8.76838
66.2795
64.2431
56.0029
51.5951
27.9323
44.5579
49.6863
95.6094
32.1915
42.0466
18.5469
57.2407
95.3734
66.49
32.1668
82.1758
60.1362
58.264
5.54502
94.0711
86.1008
4.38553
86.177
57.8074
75.5761
9.60161
15.5324
69.4352
79.2082
79.1128
66.9979
45.0258
51.7923
17.5074
40.216
14.5017
23.8101
60.4081
71.1937
17.5752
81.0766
28.8394
52.8795
30.4399
85.6411
68.3047
63.4783
17.8618
38.8047
81.6723
15.5072
80.9866
79.6963
84.5239
44.5843
59.6
35.9372
95.2901
60.9675
28.0535
76.5975
56.7152
22.8581
88.0293
62.7743
85.4445
94.2855
66.5452
35.0519
70.7695
9.10868
74.1362
95.5164
30.7441
26.5181
22.0403
16.2556
51.0593
71.2396
23.9331
98.3398
27.5071
87.4935
80.7831
77.6096
93.4349
10.9284
96.032
90.952
79.3584
77.7472
52.0101
3.34274
3.87271
90.5344
1.12935
75.7238
79.5201
27.8271
4.30001
81.1434
64.5814
29.7748
11.3817
93.1577
69.0619
70.8583
47.5476
58.2138
36.3654
19.4676
3.38862
98.917
9.10161
17.1907
13.4629
72.5014
11.333
39.0486
50.7782
31.1537
92.2336
64.2784
89.4306
7.83224
4.38858
96.7845
41.518
89.3435
40.164
43.4086
89.3241
83.9763
6.23869
93.1215
64.6611
59.0337
24.7496
91.994
89.9656
10.7562
80.7929
26.457
87.3385
79.77
14.0904
12.4743
28.9034
20.2832
65.3224
97.9578
41.4215
24.9527
87.0026
87.7055
33.5989
83.1163
35.5789
44.6274
19.4818
67.7061
45.3239
3.32464
34.1614
33.1713
3.71047
89.8288
28.0732
40.9382
17.1922
1.49659
84.5445
84.1714
75.0245
52.3868
18.9843
66.9389
45.7431
33.2464
59.148
5.03856
19.6765
46.4348
33.0278
16.2489
26.1763
83.4355
17.0778
58.3371
22.0966
75.1934
73.9828
54.3964
19.8307
60.6881
56.7411
54.3439
65.6944
33.2525
2.27998
10.6761
59.0085
27.3118
4.97557
85.9901
38.3939
81.3879
13.2281
38.9652
67.6064
40.5511
66.2799
95.1735
84.174
10.3016
54.5959
72.1408
41.8421
98.3703
50.0994
24.3717
26.0208
98.8625
28.2887
98.5069
89.0187
21.7432
33.7507
71.5474
4.0384
49.14
88.2219
98.1582
19.1857
4.85892
31.9715
86.0904
69.4313
93.187
91.3172
47.1209
28.8069
94.2864
30.3434
15.8371
47.9162
3.53522
80.0915
81.1557
16.5093
24.3038
19.6161
82.4931
77.2692
51.9174
17.9899
59.4152
21.4517
45.064
92.5403
45.1991
35.0656
5.22392
63.1134
29.4838
51.2218
10.5627
60.0298
24.2067
90.8461
13.6466
25.698
10.8614
33.9476
82.9113
30.2306
62.0686
51.1784
53.952
51.3685
24.2134
49.4511
8.80855
99.0509
70.0111
40.9938
40.1516
65.548
95.5763
33.727
39.0418
18.4402
22.7417
90.38
18.3583
4.06098
45.1284
74.7651
41.3194
10.4472
13.6031
3.50868
33.5482
72.2282
72.6426
23.5482
5.70795
79.0287
85.0466
74.7347
69.6215
2.83806
42.3179
54.5968
94.8384
11.5621
48.1217
50.3311
67.0722
98.2148
75.2273
35.5338
18.3217
38.5791
3.29651
40.3958
84.3369
55.3263
71.3896
68.727
61.2357
8.67672
49.2577
78.5365
23.3675
59.3317
13.4197
76.1783
74.8971
31.4042
44.1125
49.551
48.2964
35.8419
24.7411
26.3045
16.4192
19.2855
66.2401
0.982675
96.5996
95.7964
12.396
35.5613
31.1993
25.931
43.1779
54.0343
0.18782
46.587
77.7219
82.0818
13.0119
77.1752
73.8673
58.0759
68.3962
77.3478
23.4326
70.1717
31.6442
88.9255
37.2117
70.5842
34.9248
76.253
12.6841
77.2369
56.9759
14.757
1.80124
35.8023
13.6197
33.1096
91.3854
23.8692
51.9407
71.0672
31.5093
67.0456
47.8331
89.683
53.5198
13.6799
80.5213
69.5247
20.3593
68.2725
83.4565
57.1407
92.8694
21.5918
77.6121
74.0378
47.0877
41.2277
12.1492
60.7155
42.4653
78.0352
0.666447
57.0973
18.4349
65.8967
61.8133
48.2629
11.4482
10.7981
82.7184
46.0291
15.3412
83.2822
71.4059
19.8094
88.1476
83.3984
73.8897
78.4639
46.629
48.2084
43.3664
53.3229
87.5574
30.6314
75.0426
49.29
97.166
14.2365
21.0823
85.2489
56.3133
26.4376
43.0844
6.209
55.8908
18.2202
33.9238
96.9907
75.0457
11.1415
7.05431
61.9274
74.6221
33.1065
17.1151
98.8145
30.1934
97.3636
92.9985
94.0221
21.1255
14.7954
95.0082
30.3565
58.0771
74.2462
82.7838
18.1107
92.7745
1.58494
91.3395
57.2175
84.9692
84.8368
48.1007
33.6605
88.8898
16.7701
91.4237
42.6178
30.1814
28.5501
6.90757
29.1262
26.9033
35.0084
27.3174
48.253
36.8359
97.7009
7.19181
85.2981
9.18158
20.5458
32.2499
19.2433
83.2383
83.6985
69.7999
22.2549
55.3273
37.6091
80.9262
64.4612
33.4161
92.1661
80.5452
13.69
23.8941
54.4255
89.5596
65.0855
13.5598
3.76214
91.1252
5.42052
1.68151
29.984
34.713
75.2372
15.7685
61.5167
8.20121
48.8679
14.9337
39.5961
75.5853
0.306603
5.35996
83.4229
6.51598
90.8001
7.27895
46.7216
99.614
16.0739
15.1233
13.7111
86.7646
84.5306
69.351
71.4577
85.8621
44.13
55.785
50.0502
63.5568
51.3465
53.7365
83.5035
34.9428
32.2307
26.0238
91.5401
81.779
16.6118
58.6044
54.3919
5.51834
33.4399
89.7038
54.3143
12.0105
12.6154
40.4561
30.4538
81.4682
15.0232
51.1868
84.8356
30.1547
34.0321
79.2
10.7512
37.3503
31.4449
32.9589
54.1386
59.5858
95.305
0.604074
51.674
54.1932
38.7653
17.901
98.1209
96.2663
10.4092
95.5927
72.5305
65.2204
5.69451
62.7454
82.9509
44.0307
35.7539
57.3579
97.8343
0.339219
92.5774
26.072
20.5112
87.6375
20.7041
52.3744
60.4568
58.4159
84.6925
57.9678
6.10024
97.4356
62.4226
54.7865
79.7465
12.7818
5.11925
60.186
91.1197
94.9002
2.91441
47.1687
61.5272
67.8056
39.8772
26.0744
53.9106
55.3354
20.8169
40.9703
9.50447
45.8392
62.1994
43.486
71.0663
97.2034
62.9839
75.8859
67.3289
4.45562
44.3707
67.6264
65.9034
49.4228
46.1945
88.5615
88.438
61.4966
24.7706
26.5241
66.1319
27.2848
71.0824
36.1186
85.0428
63.5578
87.9636
78.8018
94.6441
58.6048
76.4671
71.4265
68.5891
7.42169
96.856
14.6678
68.3551
25.7802
49.3681
36.1139
86.9466
77.0375
51.0562
27.575
27.8357
30.0806
15.2331
9.58313
85.5453
63.2086
52.1817
76.7757
69.339
21.1324
80.6014
7.46169
84.9736
17.0671
85.9248
65.4857
70.063
0.516441
39.1513
11.9937
67.4342
84.3714
50.6357
7.14999
0.277593
67.7269
17.5365
71.4598
69.749
45.3747
33.6333
71.914
28.984
55.0328
87.1791
95.8399
74.1022
40.661
24.1192
78.1615
33.4507
28.1212
36.2841
95.3989
61.7551
86.6246
48.0078
16.0952
21.9283
15.9344
44.6688
89.6851
72.9388
14.021
61.2917
66.723
42.3746
31.0763
5.33753
73.7302
95.3949
30.9716
20.0324
50.4627
55.5636
17.3903
99.0683
21.626
5.12513
2.02741
46.3739
49.5566
19.905
99.7757
18.0368
84.4184
34.8989
20.8302
11.6361
31.9637
94.7662
97.4508
12.417
53.0776
69.926
91.981
53.534
31.2938
88.4711
38.606
12.4579
58.7652
92.2022
15.3538
36.6678
51.2517
4.85864
9.60226
3.89965
15.8711
51.7135
5.64438
62.9936
45.009
72.9559
14.2616
19.8364
85.0082
22.4438
81.4588
98.8606
55.6546
14.1759
65.4622
81.5707
56.6502
84.8246
65.8696
67.3149
26.3545
75.5298
19.9522
39.5071
50.7592
2.9254
17.7627
27.7083
35.5626
2.48828
20.6862
24.5806
42.7384
34.0428
72.1787
25.5266
90.6285
63.6917
63.3648
8.9635
48.4898
77.8376
82.2815
70.0458
58.8375
80.4095
49.4989
0.878719
67.2822
29.3593
42.2375
26.3487
54.7283
79.1267
50.639
83.7678
58.4259
67.742
56.9617
48.9291
84.9329
63.5938
92.911
28.6491
78.0407
80.6333
85.4281
56.9849
21.7841
76.5877
38.3343
97.0901
85.5296
81.4719
54.2236
1.98188
77.6088
59.7831
94.9948
83.8978
21.2658
28.0981
31.3231
88.035
8.29167
30.4713
52.9392
19.4885
61.2317
25.2329
50.8391
67.4706
91.5875
56.1251
58.704
63.9819
35.3361
15.5644
82.9529
33.6107
67.4834
88.0537
88.9256
26.9377
4.60876
39.4254
31.0078
78.6926
12.1162
6.61703
94.1861
58.978
87.3384
50.7841
4.58087
38.694
6.20053
24.9399
26.0463
14.3811
84.9743
10.331
94.976
56.745
97.9079
4.45031
23.2393
92.0059
22.3269
59.95
58.9181
50.681
33.587
93.0146
68.2111
83.5402
5.21663
91.6115
53.307
96.7956
32.9966
19.5975
35.0425
41.8537
17.4542
20.7218
97.1479
8.8197
49.3862
2.7127
71.271
86.848
28.277
14.9319
46.0412
30.6039
4.40673
39.2385
73.9801
10.6587
10.7729
40.2887
93.1029
96.4928
18.1721
7.91509
46.9511
8.83221
86.0507
31.6028
99.675
28.0008
19.3867
79.0484
55.4438
88.8939
69.4486
57.5472
40.8836
99.0189
15.1943
62.6658
49.1337
51.0649
96.7568
74.6028
38.275
80.4755
54.4172
22.9806
34.6379
71.162
22.0177
47.5872
83.6422
6.18143
36.0022
17.6899
14.9951
99.4613
77.5596
7.40733
92.4068
0.970278
52.2059
91.4438
32.7598
37.0404
46.5623
3.2021
5.98783
10.7813
81.9045
67.3764
31.4327
24.6599
94.1707
53.6928
34.1233
45.7074
4.55688
95.2929
16.7561
98.419
73.5433
91.0089
68.6993
2.79329
91.8319
75.5357
53.3932
43.9121
96.5574
57.947
42.5916
7.92337
71.0358
2.77134
36.0069
79.878
12.4654
6.14747
88.5233
42.5677
4.95449
36.1667
34.4095
25.439
19.8698
69.6672
31.1422
96.5629
88.728
82.3719
75.264
74.2788
28.2454
99.3669
25.0517
73.1608
25.7365
73.4661
37.8436
50.032
27.1955
12.4005
28.3364
80.2124
18.2643
61.485
27.7987
69.3649
37.5094
91.5624
91.7668
28.2504
74.3455
69.882
3.51004
62.817
43.7249
87.1299
46.3526
53.0684
96.9158
58.833
1.37331
67.9606
82.8744
85.0471
9.14465
9.27457
98.5641
50.4934
1.63321
18.7116
32.5956
85.7728
28.7937
49.6148
69.7368
25.4814
89.6965
95.4147
14.6676
59.6529
5.54195
33.5249
36.3038
77.721
50.7477
90.0308
8.04864
79.4237
66.0644
81.4326
78.719
31.2959
55.0246
13.5339
3.45784
71.1327
85.3133
10.1951
81.7559
78.0421
46.9485
16.362
49.4814
88.5068
31.8076
57.4024
74.5581
92.4783
53.4753
2.84477
66.4202
49.8308
10.4567
71.805
89.2375
10.4326
47.7262
88.5989
21.5354
72.8403
57.2952
58.3137
58.6918
24.2858
65.3957
7.40904
20.5476
3.65154
66.6987
36.0854
17.8612
82.2717
4.32448
45.7902
2.53385
21.3388
46.9652
67.3439
43.302
18.8781
78.1281
59.9016
41.0742
82.1404
2.83177
81.2907
65.7006
95.8742
9.28455
0.644794
2.39291
49.6152
61.1101
7.09449
91.1808
84.4651
47.6766
57.5656
62.9474
23.1033
75.2955
22.7726
28.6519
2.98295
84.6363
34.3284
3.98421
95.3041
83.3117
78.1627
72.8272
89.3058
45.5254
63.2381
27.3593
66.9514
80.5172
43.4826
56.595
59.3396
46.9998
46.7653
12.6553
90.6979
73.1242
83.5211
43.8601
68.1363
15.9146
12.7405
17.4097
5.10936
84.1353
4.20718
26.6106
43.9593
42.6316
55.7887
93.0084
78.5722
54.6104
76.3374
54.6307
26.3052
14.8078
14.8531
69.2484
24.7641
10.3996
67.6201
28.3926
19.7417
65.2801
18.7278
69.3158
81.1166
72.1489
49.478
33.772
72.0788
74.2491
81.5852
56.1689
18.665
83.7295
85.4527
82.3556
2.27325
32.8051
49.4658
84.4686
74.911
96.2157
34.7653
67.0244
93.9927
65.6453
28.2652
68.8558
86.8568
1.5597
26.2854
20.2562
92.5987
19.1233
84.6162
83.1731
52.2315
12.8833
96.9698
12.6346
89.1444
40.5915
85.1287
19.0806
27.3546
51.4533
4.21593
99.0552
75.4529
92.929
73.4584
0.657185
89.6873
15.9831
22.5663
73.2327
80.266
56.5065
36.7458
63.0214
57.9645
57.5758
72.4822
48.907
75.4869
47.9377
35.9457
21.089
32.1403
25.0299
12.2583
18.0168
44.599
18.2163
1.51997
3.0382
86.5621
22.2911
41.7712
70.7012
12.8881
60.398
63.3125
58.7421
31.3222
65.2199
75.636
96.6348
31.2475
97.4112
44.2147
9.95397
62.8173
82.6887
9.50852
25.07
49.5493
40.4241
11.8633
96.5143
11.2704
58.3882
62.4804
89.5297
58.236
73.6301
84.3611
25.7522
94.4377
0.717739
27.583
82.7027
78.3105
84.5839
76.8048
36.5224
66.5727
74.8017
59.7276
41.8633
94.6525
6.26252
5.86634
30.203
45.9471
80.6771
26.9495
42.7309
41.0462
52.3925
27.774
39.497
68.0731
31.8705
88.5173
69.0136
71.5032
50.11
60.3457
1.85694
83.8587
3.07761
75.6164
7.58994
93.176
31.5645
51.2272
35.6373
68.3848
71.2947
49.7827
96.1631
71.5929
33.0626
43.8911
29.474
59.0033
51.985
58.5186
6.24321
81.7338
34.4697
38.7531
44.8882
92.7025
61.4367
71.8368
3.91567
99.7612
77.563
66.4226
58.9638
84.4299
93.5101
75.4761
93.4113
36.3498
72.2179
85.1682
18.9394
7.47594
28.2583
51.3247
92.2249
58.6484
31.107
84.449
50.8008
91.6995
28.2659
64.195
2.8413
1.06726
52.1191
70.7967
20.4809
96.4529
83.4137
13.6079
44.4231
37.546
54.5476
12.0262
3.68536
60.3476
17.7111
63.1161
42.9981
87.7945
4.04879
44.1997
29.9971
94.571
91.0471
18.0912
63.2155
16.1714
89.2812
92.1403
11.8942
21.9538
80.6754
57.5076
42.7013
82.5464
72.0049
85.9433
82.5095
62.8653
20.0676
68.3262
76.0534
13.7236
13.4423
76.17
10.8068
40.4482
17.312
15.1695
47.675
5.99441
61.3902
0.867633
27.1134
34.4905
56.6016
22.8036
34.4733
3.02922
51.9294
74.4605
21.2758
1.35449
4.74278
85.3406
76.7132
73.455
94.2456
64.541
16.1225
53.9594
87.6317
33.0993
76.4113
55.8727
89.2939
87.0115
1.83536
17.8673
42.0038
37.5648
92.3422
40.4577
50.5716
74.7923
7.62262
31.8318
85.3346
63.2029
66.6417
80.2118
33.3375
52.0107
14.1073
29.7668
34.9878
85.6328
59.5672
4.03418
17.1788
99.0751
3.39428
48.0317
28.9129
75.2857
67.3933
40.7578
3.37787
90.5992
82.5606
90.8572
9.41374
16.7119
61.4728
80.3187
6.32039
30.1787
66.5552
48.6306
36.2526
68.7531
32.6216
94.7465
68.2827
34.638
82.5479
62.3216
30.5179
44.9741
4.66207
58.0705
77.7137
33.3187
77.6441
19.9231
60.6762
70.101
60.8948
53.3697
44.4027
74.3987
45.2721
43.3273
54.9865
22.2621
13.1674
93.1742
91.3781
68.175
35.9256
63.5669
9.78138
57.0245
66.8237
11.9835
47.4406
80.3858
96.6306
84.2659
28.8987
72.0139
0.773368
85.7341
63.3444
78.3049
85.013
54.9972
10.7674
75.7964
26.3755
75.1332
7.13948
34.5288
14.3739
75.438
43.989
60.06
21.4209
94.3773
52.2251
7.28884
32.797
98.8246
14.2163
65.9358
59.2194
86.29
62.7816
53.7874
61.1132
35.5198
92.9202
85.4337
11.3519
96.3157
65.3634
7.98321
63.2234
29.7355
36.8468
18.6408
44.6994
40.6474
53.6582
66.4592
37.731
60.4009
70.9395
54.2617
55.4682
51.3178
60.8012
0.217373
77.6585
49.0454
79.0066
21.125
40.0922
8.11885
0.64985
47.461
20.3472
36.6422
25.1462
84.3674
64.7858
17.5132
64.6967
16.4564
37.7933
53.1717
5.06473
76.2956
45.192
31.379
71.0345
6.96339
74.0554
87.0818
52.3575
34.4327
53.7061
43.4164
66.5033
42.2843
24.3434
56.7335
54.577
49.7918
80.4274
33.3207
92.1743
64.33
29.6976
7.47392
5.36698
53.9479
57.4834
2.05656
62.7817
96.7057
6.74348
28.5505
24.0905
36.842
31.3051
58.2639
23.5752
62.9064
96.5958
69.7065
38.933
10.9534
4.90874
80.4213
61.9898
45.2533
15.4593
42.822
0.832972
23.299
75.0849
95.9562
87.5229
56.0662
90.6281
25.1251
84.055
1.2894
65.282
98.3261
45.2926
25.7926
30.1574
14.6712
53.9568
37.4475
15.4736
88.0609
17.3059
74.9173
66.4828
20.3306
53.7437
28.9209
25.6161
43.0823
80.9849
52.698
78.2047
96.5558
75.4238
34.3685
94.384
72.4089
65.0413
80.601
71.9628
83.6422
68.7248
86.454
61.4954
33.2782
32.5539
76.2831
9.36194
58.0856
84.2774
78.6198
76.7043
18.5135
27.7928
83.2415
72.9367
76.9351
73.1435
8.27183
63.6695
47.4186
48.7887
11.5702
44.6296
24.5128
61.5316
76.742
72.4177
81.7371
36.2089
25.944
33.2874
64.2246
72.2693
46.7475
15.1483
17.6402
78.6619
45.1467
5.56681
59.7986
69.9432
84.6632
18.6962
75.0269
28.8087
63.3284
92.9151
44.8723
34.9673
16.2258
58.7595
72.5087
25.0238
92.8597
49.8266
64.6786
88.4311
79.3713
45.3521
3.78191
42.7211
66.7848
76.3633
80.6591
47.8
5.54562
15.7449
68.1945
64.402
60.9391
47.8282
3.79771
93.5007
97.5428
86.3498
61.5182
92.6625
24.8492
54.6672
69.8075
97.7217
98.0994
34.8607
85.2156
72.0684
60.6011
28.4543
97.1871
54.1068
27.2519
54.4257
48.4902
73.8909
89.2742
4.03208
63.9556
40.1273
77.9265
79.7214
14.5671
31.2897
79.779
94.7373
64.4242
46.6779
2.65698
96.0411
19.7942
51.9509
87.1161
25.2761
3.84741
83.1814
71.4139
51.5365
62.2153
97.647
68.4595
48.6801
88.9505
51.2216
36.654
37.9437
51.1288
92.067
60.6296
53.6929
33.7489
68.6471
49.6202
4.26728
56.6501
32.4772
22.9617
97.5219
47.1268
25.306
54.4703
73.4136
87.9691
72.0864
68.8694
55.1617
62.9265
6.64927
21.1064
67.0684
49.1494
71.2567
96.1728
6.27346
73.4842
38.8043
51.648
1.0962
42.8802
26.7737
79.5768
52.3008
78.7818
45.234
53.9056
76.4178
44.3372
23.8321
65.5371
69.1528
50.8192
62.3381
90.0101
14.1542
62.6159
59.7071
37.1825
71.4391
71.4376
88.7544
26.2299
83.9589
44.5909
67.6048
52.2628
4.47985
67.4176
52.6942
52.9681
3.54241
75.3061
92.0483
1.59944
88.4732
28.0445
12.771
92.3677
6.96672
10.5284
27.7124
13.8458
32.9414
0.433819
65.6545
74.2892
59.5745
55.0117
5.9613
72.4511
78.8136
76.3508
64.7787
22.7697
16.9819
50.5571
80.7106
15.906
7.78884
54.5794
68.4067
28.5775
88.9198
99.1763
1.49659
20.8705
45.9496
20.0703
3.35514
65.9566
54.0956
14.6223
85.3142
17.6209
13.9157
3.19565
5.52287
69.4577
58.9242
63.5264
88.9811
2.0123
81.5424
53.7306
14.8461
73.9633
44.431
21.3226
22.473
77.3156
84.4937
9.1642
88.9582
39.9238
95.5627
12.0588
38.3414
61.7414
66.1877
26.0342
2.48104
80.5365
37.208
59.4004
42.9254
6.85593
7.20743
50.0304
77.8705
88.3243
15.4845
27.2537
54.4986
53.137
94.9534
11.7444
53.9611
27.5326
34.0662
87.5446
62.7613
77.0957
90.7809
11.0376
31.3036
55.9682
23.8654
81.0211
4.63447
4.05209
21.4325
65.5987
88.915
28.4614
47.2279
71.6839
38.1066
68.1833
74.249
30.6105
17.2473
85.6372
60.4048
74.6447
49.2602
56.0379
51.8117
67.5547
1.31328
51.2463
54.8752
17.1831
42.3025
10.6671
75.4671
80.9698
49.0737
86.6269
81.1023
85.0185
87.6608
15.3664
56.2991
98.4717
99.0926
93.2686
72.5558
11.4721
13.3354
49.2643
38.3106
40.2129
32.714
57.0302
67.7677
47.9838
60.1464
97.6841
82.9784
67.7439
30.4585
73.9295
4.3003
50.1191
12.4807
20.2959
67.0693
26.4383
23.0847
52.0003
9.88337
34.3858
94.2765
69.4369
37.4063
85.556
44.39
98.3218
86.5623
61.1796
40.9132
6.04997
22.9004
12.2981
82.7393
74.8955
90.0484
78.7358
72.8391
9.326
5.59789
43.0939
37.3292
15.8969
70.3611
53.6016
27.3697
51.7332
51.2941
2.77385
53.1419
74.5724
82.6508
70.9087
75.979
5.75749
5.40256
37.8288
7.87025
91.6058
28.9803
58.9786
67.9633
93.1539
24.7034
23.7123
58.4164
67.8823
58.8007
30.2518
2.03614
53.2231
80.5184
45.947
96.6575
39.9998
48.2747
13.3714
26.0422
50.8239
3.00067
65.5168
34.8811
28.2282
94.9417
32.071
76.1241
82.6194
62.5898
10.2283
53.7849
71.6022
34.4198
55.2031
75.0455
48.8321
25.6076
34.0878
79.4383
14.5089
47.1911
88.5724
67.8342
19.5862
52.9945
28.1017
99.0468
91.3446
73.8492
25.7622
97.6001
11.9019
70.7411
79.3422
31.1684
29.3112
13.7899
91.3407
72.1518
99.0669
25.4641
77.5891
6.97543
52.4623
47.8996
69.7594
10.1849
17.5834
8.42837
77.1687
5.93169
12.9177
3.98589
34.442
38.0418
90.1208
36.5412
59.5639
62.3977
20.1563
81.6544
55.0673
30.6541
37.4213
67.173
93.85
76.8381
26.4527
45.931
47.9901
52.7479
16.9078
83.8342
22.7261
53.5032
80.411
28.4553
73.6063
62.0654
8.03455
85.0526
18.3964
53.667
55.065
0.366345
76.0588
88.4925
97.7286
16.0149
82.2195
2.18672
57.4157
3.43974
10.0487
47.5421
65.1047
85.3625
63.1015
98.9466
94.2377
46.3869
14.8909
67.5714
23.5062
41.5485
65.168
98.7996
65.4038
87.7449
45.8457
11.7999
32.9576
49.2159
76.1211
77.6685
75.0294
94.4362
47.2188
6.22156
33.2465
85.1869
57.5631
19.1768
79.8438
2.6434
83.3727
27.6127
19.0459
32.8744
76.924
32.9691
10.9337
87.0716
6.33198
16.5982
90.6269
17.0248
11.887
27.2359
16.7003
88.6057
71.3002
34.735
9.20404
67.3629
2.36002
64.41
72.7568
43.3636
47.3159
39.9007
5.18867
86.7423
12.2063
29.4534
41.6577
5.29479
56.3984
13.1185
88.3567
43.7593
73.1392
16.5288
66.0361
87.8706
13.5795
93.4673
36.8025
20.7935
35.6007
25.6966
86.7987
8.7422
82.9841
76.8402
18.8735
9.05357
20.397
36.0366
80.2791
56.6101
22.4091
55.2628
83.1929
51.7185
52.9965
28.291
68.304
59.3291
95.5652
59.4607
82.3001
71.5508
15.1005
93.0213
15.7531
88.784
48.8867
98.9728
31.7174
91.9718
52.0626
98.8181
30.2167
24.9404
30.356
72.8413
58.0621
18.541
11.5624
56.1785
76.9866
45.581
62.7989
92.6798
68.382
18.527
52.2605
38.4531
80.2745
97.0063
79.7716
35.4692
13.4745
56.4919
72.6414
14.2956
6.13878
94.5694
52.2803
47.0545
88.2411
3.47507
61.0365
97.7056
35.5836
80.4422
13.7306
20.5346
79.8103
40.5322
47.1908
6.81746
24.4014
76.965
12.3028
39.6391
63.5835
27.0443
41.125
52.9933
2.70612
49.5409
70.5083
4.76956
22.0968
53.3854
77.7769
0.869652
78.8856
40.1709
0.132301
8.51216
87.9707
84.9614
59.722
45.1052
37.5018
76.594
96.6235
75.1786
57.5797
44.1634
55.5909
3.71004
70.8406
80.161
72.123
64.1573
45.1092
97.1156
18.9911
94.8822
53.5675
69.7182
79.7861
4.74124
2.5507
44.8261
72.805
87.0037
48.737
58.3698
78.9649
27.9173
80.2972
93.0632
13.3621
17.888
26.63
41.3993
65.891
26.6871
36.1794
31.7252
41.7785
99.1602
67.5015
29.7185
5.1135
23.8245
68.0064
34.8238
37.542
29.3115
17.9079
53.1757
91.3656
95.0138
51.5695
66.5431
57.9028
80.3881
19.8324
35.3039
76.434
81.5302
86.0847
39.4661
20.5637
61.3976
82.6973
89.5498
87.1021
10.111
79.5929
54.6794
17.6502
42.8212
83.1405
54.2946
17.9569
93.109
93.5377
62.9834
15.752
49.6656
35.1874
9.86109
73.1755
21.847
5.02234
88.7736
26.7013
15.6935
25.1863
24.7625
21.2719
72.7541
37.1191
26.3238
51.5609
70.858
93.9316
53.5504
19.848
39.7511
38.8857
93.7647
20.6181
78.5719
57.0829
88.9712
86.7773
37.8804
66.243
60.0858
70.8352
28.6222
0.432742
56.1914
6.96102
74.7742
86.705
43.5323
88.183
98.5263
94.5646
46.7519
2.5702
93.9706
63.9177
64.1902
48.1313
9.45571
15.9931
33.467
21.7474
68.2532
67.1872
24.7173
12.7712
69.9872
60.289
15.1305
64.707
65.095
8.9042
44.1355
19.4513
46.4594
54.3912
81.4964
75.7416
83.4817
76.8453
67.3401
84.8022
19.6911
44.3235
31.8725
77.7189
47.1105
64.9454
75.8355
84.0241
8.25539
39.0985
30.5743
88.2103
74.8958
83.9306
86.9272
25.9023
92.7274
0.395906
51.8055
29.9277
82.7286
9.70969
77.3687
37.4394
72.8397
80.209
4.28826
75.118
66.0467
27.1359
35.6194
46.2127
6.26364
99.099
0.627218
30.8885
31.7735
85.5149
78.4583
29.8444
61.5084
18.7045
84.2593
9.43389
29.3017
48.7473
41.0281
28.0173
25.1112
9.05303
81.1644
71.5676
30.7692
10.65
58.118
80.5987
26.1911
8.41148
58.3915
86.3924
38.2039
69.0022
84.8042
57.9106
66.4809
40.5755
5.13074
69.525
99.2788
30.115
31.9529
23.0594
60.9865
84.967
23.2236
31.4487
89.2162
26.7714
10.3494
53.1322
53.2006
5.29553
41.1575
19.8297
78.3047
0.946477
75.6327
59.2523
31.4574
37.0855
24.8177
59.4908
38.5038
67.7508
48.6691
73.2652
20.6819
85.058
32.5555
71.658
35.2908
50.5966
67.3691
80.1464
21.0321
3.85884
84.9276
34.7227
40.5
48.8764
33.5027
21.2212
40.7819
19.0885
93.8824
39.0118
65.2334
29.8155
65.4026
40.2448
89.188
80.4361
60.8888
17.9665
8.04897
91.9093
62.3677
96.1576
95.5256
16.3893
37.3964
11.125
64.8723
87.9096
70.5653
67.5734
2.70179
22.5403
37.7308
45.0846
56.5234
15.7853
81.5042
52.9229
23.3406
77.2066
7.89796
47.8335
90.5951
16.8108
48.3437
8.89863
7.90516
15.0066
43.9112
17.2352
7.43937
83.4595
34.7243
67.9529
72.2772
31.4689
33.2323
42.7259
8.34614
79.4628
44.8239
65.0213
29.3515
12.9156
83.9941
27.5308
44.5835
51.9754
14.2615
97.9372
70.9613
98.6252
27.1475
11.3974
69.2616
95.8881
87.789
90.6151
15.1433
63.1756
9.01914
3.39686
63.635
87.8623
80.5136
37.2796
81.037
69.5171
25.9336
34.8012
3.63505
25.753
96.9639
66.236
66.2577
87.7772
20.4722
66.739
24.0618
8.53739
23.678
66.3992
52.9502
27.693
33.8295
16.6011
49.3345
28.0725
56.7075
83.1438
66.915
46.1561
2.43824
66.2506
83.7086
57.2936
24.8298
21.7609
36.2198
36.6679
40.6023
86.6885
55.8024
38.9569
67.8105
62.9842
85.488
35.7551
95.2146
33.5875
40.4705
25.3299
67.4338
8.02953
33.5448
37.3708
65.8696
84.2125
9.94773
9.39209
77.7346
62.7447
10.9296
7.95579
63.5604
37.4861
1.1344
4.34247
95.0167
79.7399
32.347
56.3727
99.9721
63.5958
20.8065
76.5489
64.9265
5.37684
15.5759
80.7154
31.0714
99.7047
31.4677
61.8069
98.2243
28.4667
60.5017
7.24782
76.0585
37.2972
25.3368
5.75854
85.6732
7.12695
61.3142
80.1654
90.8256
37.777
52.3365
48.631
19.8291
63.5055
33.5684
73.8885
89.359
77.2272
48.2614
2.20807
61.6042
53.029
35.781
27.3366
18.0847
49.0738
14.79
42.4413
14.6168
23.1439
78.2811
35.3349
59.7076
90.3678
8.4043
62.6739
92.9776
12.5508
85.4325
41.3368
92.7798
8.67627
65.2863
49.9678
70.0762
26.254
48.0961
6.06525
14.8664
58.4264
54.5873
45.1843
16.7416
57.6148
93.7438
99.3545
99.3555
9.63999
18.4216
90.2572
49.088
33.9854
38.0122
87.6621
78.4272
15.334
19.8323
48.8162
74.9173
9.69356
86.982
37.3489
99.6737
16.0794
7.89404
6.92713
91.3021
17.3552
86.5317
24.9927
46.9124
63.8181
35.3304
39.1601
30.4784
82.2688
38.9994
62.5482
24.1315
49.9165
1.18837
4.83714
34.6085
74.195
58.7971
38.5604
39.5344
82.4394
94.8922
99.14
38.6662
51.8102
57.0371
84.9777
29.6824
71.9174
53.1816
67.781
71.8054
92.5237
44.8386
62.1194
78.3591
65.5994
40.7064
69.7513
30.2972
39.0064
41.1658
61.8917
98.7915
77.8588
87.942
78.2087
49.1839
63.7956
73.7123
26.9168
12.3933
76.8552
16.0108
0.321589
89.8891
84.4894
28.0462
37.6046
15.5907
50.5622
15.5132
79.2572
82.9252
89.1104
9.07172
7.79901
61.9779
99.0256
51.3887
99.5661
59.5961
21.8482
19.6331
64.2188
93.5695
31.7154
81.6397
14.6384
17.7748
56.9904
27.5023
17.5806
62.7099
25.6133
24.5643
49.9634
9.74572
48.5653
16.1062
75.7789
30.4035
32.98
25.3252
79.9169
65.8488
39.2035
80.2576
16.8423
58.3319
68.176
83.4052
32.0195
22.3545
6.58107
11.5257
34.0643
37.2581
31.2453
84.0887
48.6799
58.407
48.0589
42.295
0.225929
90.0662
85.6952
54.8334
16.0487
60.6129
85.1312
4.07551
63.2268
54.2984
47.3661
62.8016
87.8378
51.4862
1.64739
88.7366
92.2168
58.5987
35.4617
41.9345
16.7578
21.0331
28.3233
90.3983
51.3429
4.7657
40.6217
69.7596
85.1826
46.7745
21.7005
54.9606
58.695
77.6591
69.5992
86.5376
88.5209
63.896
28.6416
5.04652
5.37615
15.3695
89.2739
52.4611
63.9655
67.4787
35.063
79.0894
72.8013
87.0458
18.1638
54.2252
14.0472
58.1418
32.9639
28.4539
12.914
5.19536
55.1771
0.227238
24.9022
19.2016
93.9086
14.0979
40.4259
95.7491
6.25329
35.6585
15.0608
27.0924
42.7114
60.1997
19.9879
43.089
75.1807
92.7522
62.9894
43.6022
4.39593
59.8945
50.7209
30.0984
10.1608
22.9201
67.6539
43.0897
58.7526
22.7773
0.64531
48.2529
51.7594
48.7914
65.1411
66.2516
27.8389
76.8094
28.1441
92.8588
49.9347
65.2622
76.3248
63.2629
41.7513
50.0146
19.0476
93.5977
94.9567
92.6686
89.4236
36.1947
95.5612
30.8818
99.8296
71.774
11.5125
47.4912
37.9728
66.4017
47.3786
67.869
18.0663
99.0373
42.6183
0.566356
18.9143
41.1512
94.7346
88.4774
16.7098
85.4143
13.4371
6.9747
44.9118
99.1613
77.9132
67.6695
72.8812
0.257937
91.4486
41.7593
53.1968
98.5123
72.04
23.9115
43.6605
72.674
97.0746
30.0167
0.936833
28.717
3.96634
26.2537
78.0213
46.6736
82.9692
70.9542
94.0946
77.6407
43.8708
48.8728
11.7295
51.7936
28.3843
2.85244
73.4907
94.8719
40.3841
44.9396
12.2975
65.3436
85.0447
9.25188
11.5952
76.7671
42.8411
7.32574
29.5993
52.5269
3.12851
97.9104
33.3809
90.6257
95.4379
85.6413
58.9372
94.6449
21.2279
77.0661
26.122
22.6361
43.3382
63.1575
43.4601
11.6219
46.8502
68.7742
73.9299
17.2892
18.9785
72.0467
52.3847
92.8223
10.5604
78.2647
41.9491
38.4514
91.541
12.0829
12.6029
11.1676
63.1432
96.0857
35.756
60.8361
64.151
17.46
57.2116
79.6377
96.9123
41.6232
3.63738
67.7026
5.76331
84.115
59.0754
14.2736
45.2451
34.2873
26.5528
57.8252
2.60836
79.936
68.1743
59.9402
44.5885
0.169369
14.2553
92.1632
90.9456
28.4851
29.225
10.1723
49.8117
26.004
79.0262
40.5434
37.5648
3.21862
12.8562
66.0415
24.6892
53.6991
27.2808
29.6839
44.3495
54.7134
33.7274
92.7674
25.5587
9.46189
92.292
34.5077
48.9076
83.1363
99.183
1.9462
32.0149
79.8891
36.5648
29.6487
71.3564
57.8107
9.11137
14.7843
68.2418
62.541
8.80671
46.6524
59.1563
8.76066
96.9946
24.1858
61.3002
55.451
90.8251
12.7283
88.0067
44.0933
88.7606
76.6984
72.2755
44.7782
36.3443
47.9342
90.2538
11.4005
53.6555
44.3971
86.4528
23.6829
13.454
29.0314
53.3016
95.3844
82.3286
55.7864
69.3053
14.3771
17.8226
26.4392
89.2082
61.1719
37.9372
75.8579
27.6682
87.5991
20.5055
57.1056
24.4804
63.6777
50.5085
92.5805
32.3617
39.5383
39.5648
2.92394
59.8074
74.6185
17.154
32.8649
91.1318
48.1475
50.0122
24.78
98.4062
80.824
18.8643
79.733
76.5578
8.58174
85.4676
96.5252
5.78316
76.7649
83.5816
49.9718
12.3322
31.0067
90.7912
46.461
39.6155
99.2891
6.58754
3.34094
68.0295
33.6778
76.0274
34.6792
6.39888
10.7899
84.932
43.4083
84.7546
27.7445
66.124
6.61048
40.2009
18.5699
45.2915
89.1609
93.8898
14.1517
71.3564
67.3024
24.6318
1.56077
62.0403
13.6133
45.3897
0.0460158
16.2689
25.6747
43.8878
61.9619
86.0941
65.8314
49.1326
41.1356
4.70629
93.3813
26.5245
90.1108
75.5883
79.8547
31.3476
10.3576
0.372326
65.5014
73.4829
70.9701
55.3535
48.3095
16.4859
19.6361
21.8857
35.9156
49.5535
87.5069
0.985762
84.3163
45.8923
97.954
98.0444
47.0012
47.0463
65.8129
76.5519
69.6982
87.7744
52.2058
73.3926
70.4269
11.3453
61.802
27.5911
90.4089
73.2711
11.8449
76.0415
98.834
89.6155
81.8718
76.316
43.2738
27.4642
15.966
8.7232
24.999
17.7531
58.1785
72.4823
64.7523
73.0227
20.5111
39.4569
85.0699
32.6359
61.216
26.8678
71.8948
58.0007
26.4415
24.6082
24.3955
65.051
83.9662
71.2698
51.5081
1.94669
17.269
89.0773
75.2261
98.556
34.4967
62.4162
32.0836
10.9683
79.8644
88.5506
78.0277
62.2816
66.2277
26.3522
78.5683
78.6434
20.9454
62.7089
43.9123
26.9977
49.8511
4.44807
22.135
62.4835
33.4744
48.6202
48.1647
34.9079
57.5873
95.6467
42.9955
11.6107
46.614
0.600769
4.49123
68.4421
46.3863
47.9676
64.3769
60.2061
84.1959
13.1002
35.2875
88.5956
78.9311
99.0464
56.8863
57.4377
73.8962
60.8658
22.6158
73.9414
78.8041
81.7851
76.1773
47.4332
88.8659
77.0209
67.7852
80.3106
15.5129
82.1013
14.3316
53.9717
27.4814
12.3983
1.83092
75.8764
9.32994
75.8427
54.9912
16.8448
1.01833
53.4232
16.2535
71.0262
43.2538
20.4643
48.054
9.16584
62.4089
26.2157
85.2179
60.9532
33.0583
40.9536
15.1655
70.6713
20.3338
11.6706
96.2348
22.0528
46.6977
21.3029
50.8094
59.1449
49.7216
64.0839
50.8446
99.8049
92.2457
10.4028
27.2822
50.4925
74.4758
56.4004
86.9154
16.8517
27.9898
70.2254
18.5386
88.1265
49.2344
51.7292
44.9656
96.7919
69.4486
37.9329
73.5557
94.1647
36.0781
45.2477
61.0217
59.001
62.6428
76.1232
21.9099
8.5524
76.3431
8.00388
59.9366
55.974
14.5781
58.5992
3.26145
27.8629
92.3266
18.1166
77.8132
78.6189
4.22811
27.144
52.9255
7.72712
84.9441
47.4141
69.3462
73.0674
5.50227
23.2432
28.1207
19.1922
95.8849
13.1744
91.6264
89.1849
95.8003
69.3733
72.0393
64.0765
39.263
50.8151
97.9404
15.7846
46.0543
30.3649
10.2029
6.52899
74.2325
33.228
47.9882
4.84283
34.9121
34.5428
94.131
69.8639
66.6861
62.9943
35.518
26.608
72.1385
36.8141
50.2616
89.2867
11.7077
15.8123
75.9956
3.8723
12.7857
7.40299
5.06538
94.0074
4.80747
40.0274
93.0448
22.3438
45.6883
88.6428
75.1353
36.8526
92.2581
99.9552
94.5952
69.5903
57.8992
0.15602
85.8105
50.952
55.9202
76.7364
22.1198
48.0283
73.7375
66.6614
67.9064
76.3059
55.754
0.805636
31.5143
43.5106
96.3123
26.678
21.2674
16.4183
27.1824
91.7887
28.5768
32.0836
85.1663
40.4602
50.7392
24.3588
90.45
68.1657
5.92676
51.8588
97.9951
21.0765
17.8758
33.9397
29.3861
40.046
6.27731
22.5862
17.0717
84.3083
90.7022
29.3
0.288785
6.10501
44.5023
37.012
92.8541
0.958838
94.17
8.5735
33.6185
16.4291
95.7726
41.685
7.54118
94.2095
11.3972
20.8498
7.64121
89.7905
33.8949
44.3374
9.04832
39.0254
74.7198
56.9444
86.3274
20.6867
10.9002
93.3677
65.3887
54.9177
13.5605
6.1911
19.6751
97.2529
91.2765
39.1546
47.7959
10.5393
21.1886
17.6787
24.7738
14.8315
50.6966
52.6448
85.0463
1.0753
95.8221
33.6401
91.3879
68.1258
66.1758
70.3018
43.0492
38.4455
11.34
85.5026
11.5342
13.4724
59.6585
38.8039
9.94497
3.78362
87.6108
47.8269
29.4363
78.5339
55.344
47.9824
42.0778
43.3103
51.374
11.9713
66.9182
90.3729
87.6207
32.5465
33.9908
87.7715
60.1583
2.34203
41.9588
46.2824
50.1455
11.8883
14.3409
18.1373
75.951
38.191
91.761
81.601
36.2909
89.1901
39.2287
0.279351
31.1274
62.6978
19.5921
23.1656
35.0478
90.8884
2.01741
97.1499
18.0146
35.6965
65.4286
29.7929
92.2725
69.3615
4.80036
21.6898
57.4704
53.2495
29.5339
43.393
81.0546
96.3464
58.5576
17.7359
75.5612
71.2714
40.3015
95.8752
5.45393
72.4084
18.4086
52.4915
37.8795
76.1513
45.2812
66.8382
97.6106
29.0708
62.1846
44.2525
69.6363
95.8521
53.8885
52.5897
47.1292
65.4376
17.7845
24.0876
49.3124
91.9788
38.6786
74.8369
82.1032
47.616
88.3275
76.5418
9.60978
92.0071
7.59951
47.0705
78.5338
55.3512
84.0781
60.3001
2.78641
68.5652
33.6342
33.219
63.5476
61.0824
63.496
71.5656
29.9739
19.2357
50.9074
36.7935
29.2103
8.34055
1.54026
26.8183
17.6719
43.8256
28.5124
43.4382
48.2643
84.0822
96.2953
47.511
10.6959
58.8994
32.3408
86.3075
38.824
30.3512
13.0128
42.6972
20.5516
12.6616
76.4068
52.6706
43.5541
71.4188
48.3088
56.3776
17.8359
50.9051
87.7838
93.289
86.9583
99.6017
45.3838
14.0531
58.9086
18.5442
38.0379
95.722
26.7676
43.2031
89.902
34.583
56.3663
83.5265
3.01595
79.294
95.1358
70.1228
67.1435
61.8771
26.0288
85.4762
20.3403
91.5277
15.9152
46.4516
5.02035
60.0844
21.0476
8.07983
26.3622
38.796
27.8704
49.0697
6.70257
99.7101
97.2615
31.9704
44.1088
95.438
13.357
24.4787
57.7466
59.516
54.2765
47.5767
96.5273
56.1134
66.7228
92.9777
50.9621
63.9372
29.9312
85.1547
40.8521
33.7667
53.2939
39.0057
44.8458
3.67407
26.7286
87.4537
4.74521
45.354
80.0226
82.9229
49.9401
59.7836
18.8527
94.2948
0.893178
65.372
27.468
41.3582
53.2287
6.16979
13.5511
42.4145
80.1423
97.2052
48.6471
28.8091
13.6893
60.1716
28.2537
11.8088
56.9132
71.7575
51.4628
26.9542
97.5972
23.5861
11.4939
14.1977
70.3786
81.1039
23.6988
48.8974
35.3313
47.9587
61.9566
57.7338
90.002
9.77854
43.5562
11.2862
4.88953
3.27706
24.0496
56.6168
53.5824
24.8134
15.8039
60.0883
81.6214
0.449256
44.6678
84.6261
2.15122
35.5183
92.8919
64.8595
33.2785
29.5189
96.9509
24.9705
65.0637
82.9185
32.9472
85.2395
75.1189
86.1468
60.7251
96.7018
88.6795
9.55814
36.3828
80.3445
73.9075
65.8964
47.4534
27.2477
23.3214
81.5508
50.2393
56.6206
26.0258
39.2878
88.1936
17.889
26.6914
44.6269
47.3422
3.19246
26.5293
12.9337
37.2181
46.2113
2.35178
4.7539
39.8167
39.2706
62.1961
15.5743
1.90627
51.1845
48.0656
54.0916
33.2785
79.3478
98.3509
15.0328
81.7914
86.2393
68.1141
33.4789
64.7152
97.6349
58.7149
44.7014
23.6887
2.89727
83.0402
20.9305
67.783
13.7267
45.1541
25.513
32.8482
47.1371
81.8203
8.20272
2.16321
65.4691
55.599
3.04364
47.5132
97.0359
90.5407
39.7177
22.9691
71.8632
99.8381
55.2319
12.1423
39.0287
35.9426
18.2527
46.1983
35.6213
4.7979
17.6717
9.3
95.7133
83.6093
90.8966
1.29766
44.7375
78.1451
45.9072
32.6494
84.8089
46.745
32.7039
56.1438
37.6363
73.08
36.2031
35.1201
20.6332
53.9513
72.5029
43.9818
65.7341
57.3986
15.4066
90.8541
52.5675
64.1371
77.156
46.2282
50.8118
40.0519
42.7976
64.9776
32.6631
97.4722
85.8164
8.17387
42.5005
9.23272
65.7821
11.1295
41.124
12.8717
9.91491
72.5232
94.0466
23.3307
28.6337
78.2152
20.7353
69.0379
5.09048
66.2777
96.9566
1.65516
26.8243
37.259
87.7643
67.6046
8.25096
96.3909
75.1215
83.537
56.9721
51.7222
55.2149
81.6086
57.7061
92.4518
36.9415
79.2892
2.66949
88.3054
18.858
44.8204
0.0996032
95.1097
5.13992
29.882
55.5153
9.97426
21.2496
58.7655
28.1825
7.07347
61.3376
35.51
81.8879
8.49367
72.442
2.679
72.3668
17.6003
42.83
3.43358
3.13104
47.3152
46.8547
56.6007
70.6683
74.2275
65.7983
7.34043
25.0842
97.6696
91.4616
14.1087
29.221
69.3308
4.35429
98.4684
51.4293
56.9894
28.592
7.85212
41.375
86.7482
3.95401
35.6467
39.4408
30.2633
98.685
67.8126
6.80459
88.4423
16.4355
91.7854
53.0036
76.3044
47.582
33.0421
82.2885
82.9284
50.5596
81.1636
90.4418
70.707
88.2818
34.2739
42.0999
2.75845
74.4605
86.3775
97.0048
80.6532
5.95716
25.363
47.1567
83.3236
46.7933
51.745
92.1192
92.6779
73.6208
23.0643
43.3047
62.7128
62.431
16.8077
78.1126
44.8777
46.4676
37.364
10.377
40.1617
86.3738
22.7739
52.9938
41.6555
7.38128
68.2997
36.509
82.8844
38.114
71.721
86.6106
20.7112
51.7183
7.99687
91.2062
39.8865
33.9394
35.6587
99.8317
93.0146
30.014
7.48022
97.4367
95.7286
29.8126
64.2511
91.3638
99.7251
29.9512
88.619
88.7297
6.40526
58.8901
86.3874
74.2792
0.272523
34.9993
77.837
35.2145
11.6922
78.6188
67.7965
63.7835
61.7477
51.7162
34.8382
55.8043
17.2071
17.5692
84.187
67.5347
16.1204
37.4711
88.0023
83.1165
73.3597
85.8462
29.271
94.6868
55.4635
7.69907
25.3608
70.1123
46.5085
2.70055
16.2504
55.0092
50.8965
46.3079
42.0089
61.8541
61.4263
98.155
83.1979
81.3727
10.3637
61.1569
84.1051
85.4158
86.1251
21.6982
50.2894
40.6996
60.9057
71.4109
87.226
27.8326
19.9231
95.7835
66.282
55.6116
36.3167
65.9099
20.642
56.804
52.4926
99.1274
28.5122
96.7913
23.4573
28.9571
23.9348
20.3373
20.3235
34.1448
80.4514
65.1452
77.7369
76.544
27.8428
35.0216
57.9183
96.6863
22.2444
20.066
98.6775
76.7395
13.9872
65.5241
37.0429
55.2719
64.1708
24.0788
48.7214
66.3009
0.555844
82.815
94.845
17.3392
20.5264
95.0574
82.7207
2.19409
79.5996
77.3994
51.1633
90.3658
89.8718
96.763
31.5007
90.6845
58.8222
72.8566
75.3803
25.8551
99.1375
60.4779
95.6408
5.70943
4.9505
24.7205
4.13363
92.1364
4.06133
32.8486
45.8388
49.5928
60.4762
91.023
98.444
45.7435
95.7017
28.3832
81.8655
19.1966
11.3466
92.5803
61.1407
4.25597
30.5348
29.7075
37.6478
1.50379
61.2177
24.3007
17.3727
22.8577
47.3414
48.668
17.4114
86.7491
84.7673
0.470472
82.1309
20.4965
46.6009
71.5131
25.2415
81.3865
95.1653
2.30042
30.6702
24.1141
39.8225
93.4191
15.3303
82.5974
11.7953
8.29678
43.947
13.8633
12.7156
42.1551
43.2526
28.641
7.55515
66.8645
91.1467
19.9253
96.9395
70.8963
15.5906
1.59284
13.2957
69.1232
54.3973
58.7956
13.3132
40.2087
10.7588
21.6853
53.2212
45.004
51.4918
60.2365
6.7278
16.5665
47.5974
37.4011
94.4807
21.2222
10.5307
63.0261
45.8819
62.8086
86.1218
87.7521
88.0158
82.5919
40.3709
74.0079
86.1136
15.1643
51.8403
67.2196
18.536
19.7555
33.0428
42.3155
21.2945
17.545
97.555
44.4022
52.9587
54.6103
77.9383
4.67936
29.2028
7.67222
15.5557
50.926
48.387
75.8072
10.7777
50.6113
84.9715
56.749
4.2042
51.9141
85.9064
75.7824
47.4202
61.7369
28.5195
6.64094
18.8809
28.4199
74.0092
30.1041
57.0644
61.8298
14.6568
34.1682
85.159
64.6606
93.7488
29.684
85.0201
14.0785
73.6359
18.097
70.3354
94.2629
2.14235
41.3155
11.5195
26.6794
70.7015
62.3877
54.269
16.1406
57.7617
38.6266
1.22272
11.4155
85.4786
35.5841
86.2787
86.1457
0.633891
61.8963
88.1045
92.4761
11.3747
81.8054
22.4471
24.7965
45.0725
16.5436
54.4874
10.3327
13.8006
27.6154
62.2838
78.4432
0.503737
60.1169
32.3467
24.6976
56.9017
23.3677
88.9532
21.2117
16.9053
19.2533
4.93459
93.0697
55.5508
68.5332
89.3363
98.5419
28.4727
33.8845
22.6425
5.08595
79.2408
30.203
62.4791
60.8965
39.1735
89.7967
29.2877
30.6452
79.3804
51.2916
9.28531
49.4131
39.0524
51.7113
22.2872
19.6825
72.8014
50.4981
43.1391
86.9664
45.149
27.0231
51.6698
32.0421
5.35329
40.159
46.4393
53.1522
93.9654
57.1691
36.7392
36.2901
91.2446
19.9447
0.498971
97.1362
94.2785
0.759561
82.3266
65.7882
39.4511
35.1214
52.7201
94.6081
80.4983
21.5473
95.5361
52.1999
83.4236
10.5914
13.6059
34.6472
21.4324
82.2251
34.8092
25.2728
89.2982
28.3205
83.5469
63.8802
17.2982
83.786
22.4364
17.1914
81.501
1.48076
95.6492
57.0872
93.1839
74.3277
54.1457
28.0573
74.7884
65.7414
14.7014
4.31725
43.1774
45.2038
88.8136
74.4197
1.20569
30.276
15.1922
53.9814
45.6726
79.4248
47.5065
19.7073
44.2963
93.8558
88.9566
43.5374
94.9366
73.0586
76.6927
22.0635
29.8568
79.82
49.4357
12.9369
51.495
94.9106
49.3469
49.1258
71.4538
67.0047
28.477
48.8699
58.6383
82.6405
26.2662
82.9135
52.6505
55.353
28.1416
53.2174
1.06865
82.3311
39.3489
21.2532
74.1283
89.286
67.8842
32.8065
54.6253
66.5495
68.9529
59.7677
84.7929
87.207
13.9685
92.5643
86.2744
59.6214
22.3202
67.1704
46.7572
45.7238
97.5901
63.3185
47.4339
94.8121
0.326408
77.3427
82.6882
58.3666
21.2983
49.2392
23.8775
94.7085
80.6123
80.9235
57.0879
34.0894
74.1045
28.5345
66.6724
79.6026
58.7263
16.702
24.861
41.7817
57.6295
40.2559
50.6832
99.8171
41.2067
44.6751
94.2806
21.8212
32.602
55.3514
88.737
74.5772
5.1428
94.0942
18.2624
25.6049
23.4546
43.8787
75.4525
3.0205
9.09277
70.6792
27.0346
97.5053
19.8926
21.1117
30.1593
41.4284
62.8261
6.26557
15.8086
65.8334
13.3076
50.943
59.2571
23.4362
15.5097
14.6383
67.3248
31.3257
77.6724
66.8284
82.826
94.287
69.9727
26.1393
89.1676
80.5543
11.2258
68.904
1.47212
54.4197
30.704
68.5662
27.0489
20.9539
16.3445
10.4099
54.9148
41.4122
22.9004
26.941
14.7151
39.1107
40.3353
6.60923
63.4868
22.8668
77.6405
0.928614
99.033
22.9638
6.89106
26.5084
3.08795
13.5395
30.5111
68.4425
36.4699
96.4688
61.3834
94.7376
21.4359
23.6426
86.0804
62.4574
66.5444
2.25458
59.3476
30.4771
64.2022
59.9305
40.6188
77.6587
50.4241
63.4758
55.8899
81.2229
83.2003
33.6835
21.1393
71.3613
72.7023
22.4974
16.5588
89.6632
65.4816
9.05728
76.8729
73.2868
18.9634
5.81781
58.5195
74.2884
53.9279
5.54182
42.0051
93.0103
31.7934
39.8959
27.084
89.1218
3.57958
26.0247
84.9943
41.006
68.8563
6.36943
30.2107
96.9171
38.7321
39.9471
40.8728
60.7572
26.1197
2.34396
71.3226
94.0364
30.4624
66.857
0.422807
12.0253
31.2405
50.4263
82.9806
64.3941
48.0275
0.911766
13.5526
6.06319
71.5296
74.673
19.8091
66.8093
98.1074
4.9684
16.5527
74.9355
17.2354
95.8925
6.83152
94.9686
12.0026
61.2654
13.5078
2.30165
65.222
53.3419
43.0126
9.77437
30.0488
71.5926
1.59517
40.0164
21.0522
80.3364
34.6275
44.57
84.6851
89.027
29.1378
38.9453
4.3304
87.0844
64.6889
3.0191
45.7617
0.601422
27.7601
97.2631
81.1394
19.4076
6.24825
96.7104
78.0526
54.5505
67.5059
8.47112
84.903
36.0488
26.9162
84.609
34.1952
54.4489
99.1917
32.3933
85.2322
75.9271
42.6189
56.1018
87.5593
58.1092
21.6681
14.8456
70.8898
59.0496
21.7549
74.8535
66.8602
4.56525
74.7667
8.99317
51.6339
51.8759
26.3201
96.0581
9.07499
16.6254
5.93846
94.0946
75.6472
88.9645
84.4815
76.6429
98.2634
8.39753
38.3555
12.1132
52.9916
15.7811
95.2965
69.1961
74.809
32.9613
82.5726
63.4922
43.9525
0.261388
40.1819
86.1092
58.1734
24.8107
87.0657
16.7437
90.0498
84.3434
20.8913
74.9837
88.9744
63.2493
12.3153
54.129
77.0983
43.865
53.4466
68.9319
73.7511
27.1308
9.53123
4.62306
24.6158
21.3628
88.5079
93.2046
49.2382
26.2603
34.7981
22.7189
90.3592
1.668
7.53384
27.3731
60.5587
46.6908
36.7829
76.4929
78.3761
47.8455
75.5657
92.6679
11.049
61.622
8.17064
16.0791
29.4337
56.6983
49.5072
27.7396
56.1646
97.7499
81.495
21.277
55.3177
3.86923
62.6393
10.2738
83.1957
50.2826
79.8299
27.0353
26.8435
42.7605
79.3918
24.7046
35.5098
11.2421
83.8594
18.5234
24.7128
59.0584
60.9045
38.2339
28.3479
48.7516
74.7678
38.2947
72.4618
52.0954
38.2932
87.2354
64.8823
52.4603
94.4099
35.9615
46.9179
38.8025
71.8088
13.1099
66.4174
24.5943
50.2282
78.3005
96.1614
43.5513
8.28328
66.3521
21.8816
37.5844
78.9935
16.8877
61.6186
52.1038
13.6824
36.3101
57.5074
94.8834
20.6448
60.5291
67.3954
61.7081
89.9697
53.3793
37.7999
91.111
50.2186
40.9951
57.7632
92.3036
15.0468
86.4846
43.423
21.2856
93.4534
87.688
44.0011
19.5894
53.4114
80.7406
19.2092
71.3643
51.4318
73.4735
94.2751
32.9686
91.6783
5.55133
3.87356
18.1515
29.7087
84.0787
91.5718
11.6637
91.9129
80.4326
3.56598
38.0482
38.5407
52.1317
59.1793
39.441
26.5419
9.19014
80.5725
14.1032
45.5391
48.6418
33.4449
2.21121
1.57622
96.9991
77.3798
73.7001
17.3201
4.5402
55.964
58.7649
22.5235
38.9574
28.451
79.8957
75.3587
2.49325
29.6218
76.8486
87.995
6.52276
3.73741
34.5977
25.1524
28.9881
14.8563
22.5664
3.4626
70.9855
79.9046
73.9461
5.74236
49.2395
5.50791
15.6891
26.0304
46.1131
10.6788
64.9352
30.1717
52.9665
15.8618
20.498
66.5471
34.1649
70.5764
66.0176
93.6583
92.5716
95.7075
16.8703
87.2938
54.2777
48.4038
25.2036
20.6215
86.3093
84.1544
60.3323
38.9718
79.8907
72.1975
5.80414
90.9122
79.5337
40.2337
89.176
10.0235
17.1851
26.9839
93.2541
38.6134
79.012
22.7269
79.1478
65.679
98.5092
66.7281
7.24074
46.3434
58.0864
76.4158
38.0228
94.933
91.1131
57.9775
45.8603
52.1792
44.7005
30.8004
71.4583
51.3401
31.1972
38.4062
16.4598
55.3715
58.2153
96.2606
62.4834
84.2442
50.7897
38.8993
30.9921
42.9853
32.1605
76.0519
55.8377
37.683
97.0652
73.0765
16.4654
25.1947
84.9023
14.4023
69.67
60.1292
72.0946
50.5806
46.1137
72.707
10.949
76.6464
40.1316
47.487
59.2626
74.4469
54.3683
72.2264
22.4886
10.0634
41.3552
87.5713
88.2343
30.6602
90.8104
89.7327
16.415
81.0305
66.2078
67.7595
21.0553
63.1294
80.1051
42.8253
69.4819
85.786
43.8567
19.9401
93.6677
23.0188
95.277
7.96297
81.3157
5.57264
53.8762
29.3401
66.016
4.33425
60.5654
42.0524
40.2321
8.48612
36.3349
76.8941
6.98309
89.0258
94.1195
31.8716
40.5205
89.1389
31.4489
21.5404
34.9252
19.8127
43.3257
12.8286
83.7715
73.6771
35.0476
80.5422
49.6321
94.9049
13.8816
63.4363
6.24741
4.51622
98.4245
28.9641
51.6798
55.1303
43.497
58.2494
10.7236
33.0047
16.6234
90.5485
41.674
91.3543
84.1483
19.2494
32.6828
38.4585
33.4755
31.5484
80.0318
55.1346
11.0644
38.7208
20.2698
94.9704
93.5422
55.4102
33.6238
17.734
74.8115
49.6884
87.1206
27.3207
80.469
66.7396
90.3573
71.2799
82.3121
63.2336
17.5914
37.7237
10.5224
12.9509
47.5239
3.0964
15.7891
17.3898
75.9089
59.0972
92.9764
68.7552
30.561
34.6145
23.8257
5.28953
46.1238
57.3508
51.059
35.4853
89.5291
75.9142
58.2426
8.25181
88.5905
4.56187
83.1245
24.1199
21.5656
65.101
97.2917
70.4119
67.1099
58.3345
70.9213
90.7508
88.1859
64.5807
16.705
92.0118
98.7874
83.0621
84.8692
20.4976
28.813
96.9944
22.2955
2.95236
51.249
23.9787
93.4611
4.81726
51.2504
95.1447
11.8542
31.8491
5.68363
12.3857
6.12224
14.6701
43.8007
36.6771
49.1655
68.507
77.0561
78.7445
95.6279
82.704
7.72253
62.8893
10.2816
6.7029
81.3132
44.7299
59.2124
42.6547
67.6329
28.3271
55.7787
71.2945
76.7852
82.121
76.2508
62.1462
77.3452
42.9677
7.50193
80.8934
17.9223
56.3683
60.1929
68.4219
15.8553
47.5097
3.47862
29.3943
72.4138
30.4245
70.7771
56.8775
70.7666
14.0165
90.0679
33.1811
76.099
3.7291
41.9525
40.5662
86.7816
34.8194
33.597
79.2061
37.4786
5.69261
16.5047
96.7148
10.8693
96.2498
40.3304
1.85099
10.5989
52.1067
52.1023
33.1244
13.1352
57.1051
99.5675
76.8436
41.3798
58.5149
4.79652
75.3008
3.95946
26.9756
43.4728
93.2664
97.8476
65.3065
99.3418
53.8957
95.2858
89.8993
24.3634
19.8846
90.3606
48.8309
98.2764
27.387
5.71331
38.4204
4.33414
90.4415
19.7811
39.4822
44.3598
72.6671
9.64732
47.2739
31.9544
48.4834
10.9611
97.7286
84.7459
45.9439
65.3186
9.37236
28.5412
40.3113
17.9745
76.2867
82.7028
15.4573
29.0505
24.8828
62.9161
40.4356
57.7507
13.6735
17.6971
86.5176
20.3435
74.5781
50.4023
84.4349
99.6354
67.0471
80.383
89.3848
33.0336
23.8581
85.6631
93.5962
93.8421
18.8338
13.3009
97.4243
23.7202
46.6336
0.420553
62.6175
23.9695
39.5418
63.2725
16.3619
41.9399
56.5228
95.7464
69.0677
63.976
14.1419
67.6557
57.0728
1.21714
0.721685
10.5313
99.6321
98.7742
10.2399
45.0506
18.6608
53.506
94.0414
82.9552
50.5144
81.878
97.9146
79.2076
94.8902
7.21802
98.3
54.2721
81.1456
95.9437
87.0629
70.275
19.421
77.6716
81.3258
16.5439
81.1824
82.1011
55.0725
21.2554
67.491
86.7333
95.4025
30.5479
22.1676
65.8136
51.5862
28.8406
91.287
13.6158
35.1856
53.7521
64.8015
59.0659
24.2065
62.6289
4.4644
34.2647
29.6274
7.47751
10.1285
23.2474
85.8995
54.147
16.3675
91.3224
59.1958
25.0349
48.94
28.0665
29.5582
53.1505
4.05358
90.5934
4.9394
74.051
36.6792
49.5568
54.4134
41.1795
70.6737
43.3292
55.9569
78.5092
78.6338
65.0726
6.95019
1.58288
60.0378
40.2528
80.5212
85.7645
7.8971
10.187
49.5845
83.2586
38.8663
76.8437
69.1811
47.6079
37.7686
7.01471
41.6002
83.5399
66.0589
49.1741
79.7791
78.0344
1.31066
2.219
69.9053
74.4223
72.6586
26.2702
78.383
54.9178
20.413
24.2519
16.4142
7.11896
41.7545
9.81169
45.3438
2.21297
18.0023
60.5774
30.3344
27.1072
35.8145
7.3547
47.5225
51.3574
51.6396
6.1524
72.6297
8.61436
54.3795
94.945
78.5877
1.25846
57.894
39.938
61.8667
10.2051
73.5177
18.8224
26.6805
16.0014
42.548
96.3349
51.6681
27.6395
13.3534
58.6065
35.7263
83.3289
22.5681
91.6341
27.2722
65.9762
16.8507
85.9548
86.6497
10.6345
26.6153
24.9578
70.3287
93.7411
41.4272
49.2661
17.0071
90.6812
75.887
10.3588
36.6732
35.2416
16.1183
41.8066
11.4725
89.1664
46.1403
4.87597
87.5513
59.4773
95.1549
15.8595
27.3296
58.8181
95.5694
27.2527
16.7713
99.3667
17.1833
63.0289
45.5678
33.9527
65.8967
74.1634
77.6515
77.9302
13.6948
13.3786
84.766
11.4696
66.4997
21.5828
38.4544
59.35
76.17
3.71463
71.9503
4.28191
17.187
77.6084
20.3117
48.8678
25.529
76.9981
5.05684
79.7953
66.954
29.7363
6.43958
27.64
33.5511
24.5236
25.4299
50.9527
77.7391
70.21
10.6842
0.766469
18.0962
19.6085
1.52626
36.0097
94.498
81.9742
45.7017
63.3203
87.6952
53.3448
34.3189
34.0315
22.6016
39.3008
78.8908
29.664
57.8753
27.8107
73.027
81.7307
38.5367
93.8598
57.2216
41.3465
26.218
73.7058
8.65821
92.7017
9.5043
2.8047
10.5068
32.8837
35.328
97.7144
8.63367
39.0755
15.4294
92.6463
45.6893
39.4651
5.36214
63.1276
29.2494
98.4125
17.589
20.0482
6.0458
12.2093
82.6592
28.102
27.5488
87.6308
65.4433
70.3308
49.1948
91.4216
79.2695
0.969036
80.1479
93.4663
88.2499
61.4972
98.9701
49.0516
82.4466
87.4751
73.1103
37.161
5.72084
19.1671
4.78415
97.9544
30.6719
17.005
49.9229
94.9923
75.1575
50.2909
15.5117
52.9726
14.2489
21.9181
88.5209
80.3855
78.3684
43.8738
2.4457
45.6291
43.4921
94.4288
83.3471
20.5444
87.6699
15.8943
63.5863
4.23993
51.2217
22.1976
35.159
76.3403
34.2874
36.0979
35.9131
61.7282
97.924
39.7158
48.8162
20.6099
66.8464
96.3733
13.8241
20.8052
71.2556
99.799
89.5984
16.5027
69.7142
28.9498
55.0178
2.56832
39.7187
68.7595
11.1886
99.9778
4.13811
50.3441
37.5215
14.4046
1.43059
40.6026
72.4311
79.1397
63.2798
55.1405
94.5262
64.195
79.4185
10.3353
68.5576
15.6987
28.1851
40.51
6.12777
78.8881
71.2877
23.7518
13.2105
79.7399
10.2081
25.7686
50.8491
77.6492
17.3
16.8828
63.9872
86.5606
89.7202
12.1702
33.7028
53.5455
79.7025
2.71071
94.4232
45.378
17.2254
42.4431
9.88751
17.3592
68.0658
46.0211
82.766
45.4317
64.8504
27.0329
67.7211
56.2431
50.4946
66.0146
43.6177
1.33909
85.0519
3.12541
94.3938
55.2394
10.3021
8.74122
44.4604
44.7236
57.3452
60.3739
60.8569
81.4702
0.927426
49.6878
39.4062
34.9062
97.7923
6.38032
98.9112
50.9235
11.2357
28.0006
92.2628
72.8332
47.949
26.6604
60.2274
15.8969
75.6689
96.9284
89.369
27.7857
36.2275
44.4357
51.2448
65.9648
52.2937
44.9002
67.7743
3.41843
43.7569
91.5865
61.0515
63.2457
88.4168
30.8377
7.52977
82.8185
75.1826
54.1307
70.0549
42.654
48.9698
31.5389
81.8544
27.8055
78.6853
80.5114
1.09572
39.3611
34.294
58.4177
78.9682
35.4675
6.18454
27.5017
66.3059
5.21509
6.75317
90.0072
91.6268
22.7041
49.4533
63.2256
90.1312
46.6559
47.0555
28.9001
5.50791
91.5835
75.782
98.4905
87.5024
50.7105
86.9298
2.48673
68.0498
29.2731
18.4605
54.0003
54.5256
96.6522
13.2742
43.2833
93.415
18.045
53.8291
73.3138
58.4879
92.8028
81.083
6.24997
25.3582
54.2439
40.8985
66.272
57.518
43.7608
34.4327
64.7993
85.5289
0.441291
20.5969
42.6875
79.6551
64.9999
35.8809
3.17395
39.138
13.6805
23.2915
74.7856
1.75349
60.9119
13.6996
75.8828
59.7996
3.74626
83.4443
59.5981
69.9774
49.0923
49.694
82.0122
39.0905
49.6519
0.96431
2.99139
65.7792
44.72
82.1389
98.2557
17.116
92.0674
56.3164
83.8665
31.5783
60.3556
52.594
61.5573
33.2841
33.529
83.5809
49.4738
57.4251
4.21656
81.681
20.4852
22.4987
67.6092
98.2209
13.0623
94.5116
74.7373
80.8518
61.7995
56.0604
31.2569
76.257
23.0587
20.2174
77.0544
1.638
65.8919
80.0766
91.2512
51.0434
12.4815
27.6391
31.4391
54.6516
8.87579
66.8391
67.1179
81.484
30.0934
73.6766
56.0754
46.8721
13.9017
93.2616
14.6642
16.0863
30.4421
56.8976
39.9041
74.3188
28.2041
83.1813
25.8539
14.5068
13.3667
30.2802
33.5823
76.8806
15.9138
26.3572
89.2896
16.166
91.5034
13.3638
21.4812
16.3869
19.8606
89.84
82.2612
97.8954
5.16689
6.11323
70.4349
11.9282
79.9688
84.7859
73.4577
49.7176
68.1001
51.6687
94.1005
61.7183
36.7574
58.7637
33.1027
36.5992
84.8438
98.8503
28.0979
46.4813
71.7909
62.3436
32.1676
92.2456
71.888
9.09901
33.3587
94.7638
45.782
23.1628
73.3418
96.0754
61.8305
49.4972
5.26171
85.916
98.4787
57.6838
7.65509
91.0403
57.1855
37.3317
89.6286
45.4743
59.4884
78.1745
31.2729
64.1099
34.3122
91.4752
21.6889
48.6595
17.3095
62.932
90.2521
28.4676
80.0261
60.073
22.3166
50.5563
76.3212
51.1628
10.757
59.3402
99.623
36.0463
49.0154
84.928
48.2064
94.0025
76.4346
82.3394
91.2662
17.0534
71.9845
22.6756
29.6412
47.657
24.4174
10.4348
10.6032
43.787
15.5944
77.2151
94.071
22.8789
84.4644
20.4743
58.553
70.4644
23.7498
97.8887
97.9387
64.0755
94.3263
66.9689
74.377
93.1053
62.187
27.4763
50.7298
53.6246
84.6509
4.00319
53.5593
1.7247
65.1252
82.4567
75.5679
43.3637
15.0799
77.6151
28.9433
69.2581
64.3505
65.8762
15.7921
9.05552
75.0762
67.078
13.142
30.3153
12.2251
90.4093
50.7428
69.8122
60.2404
12.6027
92.1378
62.9807
73.6436
87.9109
42.1374
14.1482
31.4146
25.6682
3.81434
26.6326
64.1498
26.6195
70.7652
12.4962
93.0166
78.6911
44.8704
2.65102
48.9215
35.2159
80.8033
61.6903
87.5437
62.5395
59.3125
6.00387
40.5267
75.8925
52.4338
51.3031
84.5932
22.9134
56.5683
93.107
12.089
32.8876
22.9709
51.1801
1.21901
79.5102
34.8484
7.58813
68.8379
21.3844
13.8077
29.1441
13.8063
46.1391
34.415
41.5626
68.0572
78.6091
71.72
39.3119
11.6671
60.816
82.8078
33.9399
39.7116
37.4237
72.0552
34.2829
27.3424
84.4045
77.1315
16.5357
91.2325
67.0579
82.303
78.9442
71.5874
39.2218
71.2035
72.8158
89.7079
57.9707
81.1845
12.5434
45.844
57.1079
60.6374
87.5441
69.8702
90.0547
99.799
88.5473
94.3838
38.8549
75.9019
53.2422
21.0083
68.2667
27.6232
67.34
6.76034
95.7522
43.6455
17.1621
8.33623
81.9912
27.7543
93.5403
46.4498
18.4254
10.6899
74.4196
38.2353
76.9622
75.9983
47.5359
79.8048
61.5357
51.8328
32.8563
67.9815
63.7223
86.5452
65.4817
30.0907
29.1613
78.2854
75.6965
53.1425
12.1726
72.6122
7.72432
78.0402
85.9543
11.7842
78.0306
89.2956
98.0447
59.5278
93.452
7.99099
24.3499
96.6502
19.0449
40.5105
51.9109
41.4387
35.4787
83.6664
37.281
87.1728
5.10646
90.7058
14.9203
20.0576
38.7694
16.2202
17.5926
55.6684
99.1472
34.5771
39.5058
31.1199
88.4587
6.06459
41.633
88.9365
46.8682
28.7465
1.23595
24.1393
74.5798
48.3491
88.2817
77.8613
16.2815
6.86942
22.2909
70.2179
90.0794
41.7047
63.4362
81.9154
2.05486
62.535
24.9437
66.6561
86.1654
56.5167
93.8019
47.7256
38.6281
21.6532
14.6269
47.1253
65.0781
54.45
25.0496
50.4343
83.289
94.8765
36.1579
98.8857
58.9501
37.8068
16.8987
8.26549
56.6372
21.962
44.2401
96.7384
7.08451
0.908436
28.9114
10.0894
4.29776
8.25586
95.5316
25.6276
83.718
37.5963
9.8512
19.6945
62.3703
44.3731
99.3975
22.9077
70.4063
20.7353
5.54579
74.7473
36.8282
51.1179
51.0834
53.9675
38.877
4.10167
26.7335
23.7544
40.0288
87.778
27.1255
79.9336
51.5592
31.1166
99.2596
2.1781
21.4839
88.8329
84.1703
67.1426
26.3833
47.8272
77.6669
46.486
48.6754
77.8406
26.6883
81.6293
87.0409
36.0586
25.2691
3.23689
85.2878
10.6801
5.69226
19.5062
3.52274
64.7033
13.0542
68.61
84.4093
5.99699
63.2037
96.4298
39.8029
83.4899
78.2857
9.87473
3.3462
48.7348
54.8477
53.3642
93.9704
75.528
9.73887
26.0604
17.8395
71.4803
64.5304
45.795
97.2479
34.5759
84.4148
3.91856
58.2899
26.8054
12.0436
9.93391
99.7639
50.1581
63.965
44.9075
5.89025
5.48804
73.6244
51.1388
25.6235
49.7668
9.82073
50.6898
90.4914
39.4185
85.6048
59.7884
41.2107
22.749
29.881
98.6281
4.82283
11.1332
56.5044
23.4893
6.87913
76.0655
88.1414
88.5305
46.6344
34.9578
31.8857
32.3799
11.5061
63.7699
4.01322
71.626
47.1881
97.7676
14.5398
45.7532
88.9073
81.4623
4.92692
87.0474
90.4431
52.0341
77.4507
50.633
53.6424
99.2028
31.5873
20.3367
3.37662
47.0342
94.1272
39.2579
76.4747
2.60003
72.7401
41.5839
5.99801
74.6614
96.334
9.41575
6.07846
76.5257
87.6853
61.3418
45.9907
43.1547
60.4001
81.0038
29.3214
98.6355
72.1233
76.3104
83.7516
11.6149
32.2666
93.5473
18.5041
78.3506
33.106
18.0371
