100
100
87.4524
17.439
38.046
75.3948
51.5782
21.9516
59.2628
75.3691
17.2635
33.3176
74.663
83.9631
96.3057
25.1498
73.5273
98.756
38.101
19.9884
8.97899
96.6226
14.5877
82.4185
83.4924
95.6472
31.1283
30.6505
37.8584
2.47038
47.8287
57.6706
20.1612
25.0049
36.7325
56.0129
13.7733
25.5024
97.6787
45.9646
63.6607
43.7484
7.98082
0.857879
97.7638
90.899
34.1964
9.61385
86.5435
70.1038
14.8001
97.6777
39.6135
17.1553
46.75
71.9116
75.2233
17.5425
57.2616
8.7199
77.6668
56.4835
13.5989
12.1568
74.6616
24.5134
70.8715
26.2749
32.5538
93.217
84.2887
47.0094
32.3374
56.0305
72.1151
3.05833
0.231398
10.4071
42.8884
67.5438
92.7062
42.4912
44.4103
39.124
45.5318
7.10622
60.7997
1.77365
19.1316
24.289
61.2433
70.7512
92.8451
89.5725
11.186
51.0928
32.6649
75.1405
3.64321
57.1474
62.909
45.6603
35.7484
83.8714
69.9335
39.6007
59.8897
3.05
32.7794
81.1781
98.9281
56.2801
4.56648
90.0092
22.0253
63.5308
65.4034
32.4858
89.6248
50.7135
83.9167
91.4955
32.7978
51.2687
98.254
93.564
83.2738
66.3841
26.0056
16.5437
33.6143
96.4795
6.8585
87.6058
4.73085
77.6928
54.4657
94.6713
25.9399
36.725
40.5126
17.8806
91.66
36.2479
51.1959
84.2907
96.0023
37.9386
6.81161
5.99764
95.3845
31.8069
67.7836
10.5056
97.2924
94.3804
1.88843
74.751
71.7769
15.5835
10.1278
40.1087
85.6803
66.6247
55.9284
34.4557
88.3867
78.8344
83.757
40.2818
40.5365
33.5084
50.7594
27.1599
16.7179
42.8291
97.2879
78.5692
53.814
70.0491
32.5269
85.3374
6.5428
55.0262
12.2297
75.954
45.9438
39.7645
2.31182
75.8221
40.1905
72.8975
26.2914
36.1029
25.3396
21.421
6.83933
34.1037
50.5808
52.5308
61.1115
30.4068
45.2583
39.5485
23.9943
19.0758
26.0013
42.7943
97.524
62.5624
90.5239
17.7142
60.1616
93.4775
34.8675
53.2135
98.701
53.5993
70.6336
35.2566
5.21509
89.3489
16.214
17.8412
4.04857
18.2917
11.7458
51.7514
64.1255
37.4767
56.254
51.1842
79.8425
6.42408
33.6917
77.1041
42.9456
20.7522
29.908
2.86228
21.4151
83.0737
59.6844
61.5155
58.6536
52.5219
25.0779
0.301906
43.1399
20.1551
23.0665
28.1833
55.5353
41.1049
8.49139
7.99055
18.1439
83.8579
79.073
15.4508
89.3593
4.02409
92.1667
11.011
42.6596
7.09116
31.8583
92.3184
62.9507
99.2996
76.7884
24.1746
75.7446
21.5329
48.7001
98.7895
74.5705
92.9857
30.3736
97.4808
11.7822
63.1969
54.6552
14.2377
20.2471
16.7196
15.8605
79.7332
6.17448
40.5155
37.3941
89.0787
3.33109
20.37
29.6176
59.0566
22.232
55.3045
71.4068
62.4006
96.1006
15.8736
73.7432
72.052
26.4834
54.5199
28.1992
43.5669
68.7107
26.0446
95.8239
33.575
7.85839
44.1691
67.9315
42.2041
21.2257
23.594
42.2801
12.5359
12.5281
62.0288
22.6802
68.1674
78.8808
37.4144
61.0566
43.8265
20.3768
38.0171
48.243
73.66
87.0672
45.547
38.2506
86.1118
31.7317
36.7394
42.8028
32.4377
29.2819
42.3851
6.43836
39.0179
85.9816
95.1867
53.8419
87.6129
81.4665
78.1707
8.18237
69.8472
37.1974
0.460736
10.8978
94.7778
12.7469
4.84202
51.4231
90.1115
9.7363
53.8056
57.6783
43.5401
51.6184
42.9533
65.6931
85.9288
16.8375
7.63947
59.8637
21.8965
38.3701
98.6257
81.8572
42.7905
56.0334
88.6424
8.28934
72.1697
47.9617
35.2344
49.7166
32.9816
23.999
54.4097
88.6491
52.5722
82.1693
66.5452
29.2979
43.6218
64.7553
51.0634
41.3035
6.03566
15.1944
94.2195
72.295
90.5504
66.7117
18.4648
36.8364
79.8821
57.7583
91.036
10.7515
48.6241
70.3125
82.3982
46.7887
19.3339
60.3863
7.84845
54.2374
58.87
31.6228
52.7979
98.8656
22.1321
81.4598
66.0482
7.79163
63.1667
87.0379
27.0711
9.56047
80.0759
89.2738
17.1132
34.7698
84.4694
26.4274
76.7443
93.7351
47.5803
60.7896
47.171
91.5493
32.1066
51.1011
65.9535
81.1834
71.2542
5.27838
4.85764
2.04776
32.8732
48.8706
90.2019
12.4788
28.4749
51.3121
60.5429
91.2427
21.3318
92.6058
90.9542
3.09492
4.45787
77.1527
73.201
65.3428
66.9067
58.3859
41.981
72.4404
31.0079
91.4641
89.3088
74.0553
78.4054
13.4522
44.1014
65.4679
36.8403
76.1064
71.4363
15.7001
27.7722
55.8078
7.52618
63.314
81.7062
97.2702
12.8034
0.201303
96.2475
61.1371
75.7512
70.1934
11.5578
32.268
89.1526
50.0982
76.3784
49.6333
17.1493
98.7493
96.0896
45.059
62.3648
66.3107
8.84408
84.4044
23.4367
50.2193
23.1713
86.6611
96.4815
94.7045
98.8216
32.32
53.7888
38.2947
73.0493
71.437
38.9656
75.0929
68.739
84.8889
32.8846
14.8267
98.6918
19.6162
30.888
82.3891
54.9645
69.1644
43.2533
53.0613
91.2719
82.4368
79.7327
15.3818
24.2513
53.1373
0.361977
29.0377
9.91837
98.2297
53.9711
49.6951
89.4129
12.562
42.5802
25.1192
16.4237
87.09
60.5734
56.2974
98.1302
43.7043
52.9481
91.3127
14.5959
95.4292
67.1794
62.3545
24.8329
27.7561
92.7275
3.8686
15.8943
83.8796
99.0303
27.1794
87.1116
2.79992
76.6224
1.50084
38.9071
36.2099
9.43557
91.6381
70.4844
68.3497
13.3685
79.8039
73.2569
24.6869
86.03
65.6432
76.9917
80.1847
44.881
3.77783
19.7918
84.5961
28.3222
73.5317
21.9938
11.7048
79.511
32.3621
1.28589
45.7565
70.4793
57.1292
22.76
66.0012
50.9
97.3105
42.621
97.8496
89.322
52.9023
9.85398
26.7769
87.6119
23.3917
86.4994
54.7528
9.22311
88.5659
29.5484
33.2654
72.0238
29.7618
20.2773
74.6133
78.5838
8.24325
34.7436
62.1323
74.7225
98.6192
6.53715
75.6181
85.8036
80.5685
80.3915
87.1431
93.9625
47.1604
52.0271
73.4158
24.3855
52.6798
29.8413
66.8337
79.3033
53.7532
27.8803
27.2914
46.8813
14.8087
43.9638
22.6941
47.2013
9.33479
72.0917
5.34144
84.5512
61.3947
0.266523
39.9727
80.4085
59.5624
91.0468
74.2142
4.82798
39.6649
88.8779
2.60171
72.3649
87.1379
25.7103
61.9513
48.3399
6.09591
58.4567
2.43979
31.4429
17.4743
36.885
47.3638
98.8868
97.7824
47.0507
72.9005
62.329
68.9505
8.38666
8.48695
93.1676
37.5774
9.84892
12.1842
86.9875
4.07083
1.66922
95.6136
99.6996
57.7062
85.8779
77.6215
14.908
87.2293
48.642
15.9183
3.20059
51.1436
24.4005
32.179
94.189
71.6494
69.2588
73.8958
12.6382
45.0755
46.0936
40.5509
79.5627
43.5215
77.0788
20.2974
69.2376
98.4707
14.4692
11.7121
17.918
24.9033
81.6159
62.7855
32.9586
10.287
99.4161
44.8074
13.1279
56.1606
32.8282
34.9522
85.1079
8.78195
70.9322
37.8292
83.9948
61.3702
91.0681
81.3161
88.0335
45.8111
85.8905
61.0868
24.8859
80.1913
96.3153
82.7928
55.6468
83.9179
87.4152
2.72719
94.6606
93.4251
23.9891
90.1625
27.8113
79.0921
90.3358
86.8523
17.5152
20.4328
58.3425
80.1397
52.7395
41.0583
67.6311
83.2722
9.13858
79.6781
34.1149
60.177
49.7391
10.0738
12.7479
93.1978
70.0583
91.9244
91.0337
13.824
27.6586
22.3643
97.8287
32.2067
47.3139
51.0374
59.4748
24.9691
30.0918
81.4612
79.6335
50.384
80.9984
34.356
1.99167
61.5952
39.8516
86.5851
87.3095
10.1982
31.3546
16.5288
35.0061
74.1402
31.9489
37.352
32.7685
70.8477
48.4214
73.2414
52.4049
11.8734
34.253
17.0449
3.61881
1.20043
73.0417
21.7072
3.00278
71.8189
69.1861
52.4639
41.4536
45.9684
56.1225
38.2212
11.5941
13.3492
27.9047
48.7383
24.7061
79.0322
48.4874
92.3941
91.6117
91.8446
96.0544
64.1891
0.854571
60.8272
93.9155
29.2324
3.58577
3.29712
78.0355
92.9312
90.5426
71.6705
90.1831
62.2873
58.0323
2.16906
73.1415
51.6789
76.0805
36.6961
73.705
15.2869
70.3525
91.4569
86.9433
71.4479
59.4478
24.2278
62.7891
43.8618
27.5011
39.8773
24.0164
72.7815
69.8241
95.4988
95.3186
62.793
29.6565
24.8287
97.3247
15.8987
11.444
88.4285
18.4238
83.176
79.6977
39.2527
1.25197
1.05111
70.3931
6.26385
5.33219
33.1923
24.2118
3.85377
86.7033
51.0895
56.0897
72.9082
61.5863
15.5617
94.1814
95.379
74.2052
95.3823
12.8239
61.0305
32.5001
88.9152
14.0899
68.9769
94.8854
99.8087
80.736
14.1663
65.2689
50.5788
56.5229
44.5874
16.8319
69.9431
19.9782
47.3961
70.6729
13.6902
26.4214
82.8871
66.2772
26.6308
6.16659
91.5493
62.5761
63.004
33.6951
32.4346
78.8441
43.1117
90.4208
42.4622
70.2932
43.42
60.2601
39.7581
7.80822
25.0566
97.0999
97.1042
35.1283
50.8416
55.7869
68.9358
45.322
18.04
3.04214
66.9023
81.7813
0.904401
25.3347
28.5517
65.7519
82.2229
5.49012
28.9644
96.4445
5.52038
91.5367
89.2186
41.0443
93.2701
22.0357
28.7701
65.8689
50.938
68.845
86.9938
10.803
94.9731
38.4826
22.4213
6.11213
14.5531
59.0564
29.4583
45.3862
58.7302
11.9238
34.7988
98.0764
92.0705
58.0872
13.6687
59.9623
19.5494
51.6959
51.8412
33.5717
59.3234
1.93487
85.2215
58.0416
42.5613
0.00449652
19.7711
0.318188
19.2745
8.67118
85.9821
84.2545
88.3271
39.0721
70.0823
2.11476
73.8551
10.1017
9.75004
36.1037
55.8683
15.927
53.7777
98.9195
36.7675
78.3721
21.579
51.4132
93.1228
92.5084
63.614
22.3615
50.4208
3.91959
67.9421
61.6832
16.1663
97.5381
9.65969
51.9824
20.68
11.1791
49.5962
30.0905
28.432
83.7466
61.5267
43.794
80.1914
31.4724
73.6677
62.9427
98.1412
96.2947
66.4465
36.1748
34.7575
32.8743
80.8021
1.29949
5.95902
83.2885
32.0402
56.5912
71.2335
96.8615
28.5975
41.3088
33.0699
89.5234
27.3959
45.3798
64.014
9.03863
45.6842
14.9768
47.0482
19.1495
47.8393
18.1448
89.9297
51.6429
89.4683
41.4379
83.0116
30.3524
35.2633
39.8988
86.4426
24.6288
91.6955
87.4247
15.7806
25.346
11.6799
83.0479
17.5743
79.8159
97.548
41.4064
84.3401
14.95
16.6308
78.5746
44.3206
53.5211
29.1768
59.7009
58.591
95.8731
7.50559
13.4428
79.1791
21.4234
56.3971
72.6179
24.2027
43.2597
3.34886
74.4462
13
54.4316
74.5378
9.19931
51.9362
23.0593
9.83628
8.38795
37.9002
46.2263
63.2257
62.5727
50.5253
30.5556
84.9871
40.344
74.7365
34.8958
46.2209
78.0728
38.0083
37.0569
95.1668
22.8986
62.3134
73.6475
97.8683
78.8281
38.9597
23.8565
80.8978
84.6812
10.7161
8.55969
38.9491
86.337
47.5147
7.25362
20.7929
59.4216
79.0037
57.2878
54.5628
20.2835
23.1023
96.8042
72.9782
60.2906
55.5017
0.351294
86.1181
82.0783
61.4776
50.7606
10.449
30.9932
13.5981
59.8731
66.2055
49.3954
74.6037
75.7686
98.2392
79.4676
78.1319
1.13158
57.9046
1.01398
79.4955
92.5194
62.5936
30.7966
91.5348
36.3643
63.0555
17.1882
55.7063
79.9873
13.2642
44.5414
4.88809
60.4208
56.8799
86.1296
29.9506
70.3759
27.0543
69.9138
34.9719
39.863
98.3244
46.558
69.5063
20.7347
83.7351
26.194
7.27522
40.157
1.49942
49.7948
19.5655
28.8997
45.4702
51.4074
9.07235
31.5625
56.3014
85.958
37.8664
56.8721
14.8565
48.7223
63.7395
40.5158
52.8374
32.9399
55.9808
72.0115
45.8518
77.1319
45.9758
99.9144
62.7554
4.46988
52.0326
48.1341
36.8471
37.1325
54.7217
84.5319
70.8806
7.63663
58.9394
67.48
73.5178
0.0215664
31.1366
86.743
26.9719
62.3194
15.8328
88.5964
66.4529
6.34074
2.53148
71.6518
27.1224
90.2276
33.3609
3.81563
72.3843
57.7709
19.759
70.806
90.2155
36.9925
14.7437
16.3594
73.8898
84.6153
32.0876
11.651
90.5808
40.7329
87.0801
37.7574
30.513
62.2406
12.0112
94.2256
14.5926
20.4496
94.7209
45.5055
56.624
20.8146
60.0123
76.494
80.6743
86.5996
7.84825
79.5368
39.3314
92.4493
47.3729
92.2323
19.3626
37.4528
27.9221
89.8669
17.5436
7.5603
37.3637
17.3307
8.67315
32.4868
41.7232
50.9302
27.7855
80.0296
48.4483
71.9875
14.329
75.7224
41.359
32.1096
24.3985
85.9245
8.23856
43.9566
49.1075
71.7227
63.3647
8.53143
70.9101
15.6077
29.002
44.7707
19.2106
19.8655
42.9374
50.3589
15.1892
88.2658
43.7775
95.6765
90.8566
10.1706
15.5427
49.949
65.4019
4.4377
65.5051
11.0947
5.44869
51.9368
85.4737
0.909999
86.3735
31.9672
68.3082
90.5163
81.3097
56.2213
21.5547
54.216
36.275
63.3822
10.1798
84.7541
11.9683
26.5855
9.7191
68.9371
29.052
63.0832
4.94022
50.1341
0.512442
57.8781
49.1309
38.1922
29.9754
32.9266
11.1107
12.9306
56.9835
52.8519
85.4252
19.2287
53.0266
51.7163
94.9856
94.9006
28.071
21.5904
23.0198
42.9503
8.35911
35.8966
98.5046
18.1475
86.5748
80.4697
31.4142
29.5408
18.4758
79.4193
11.1872
58.436
16.8342
37.1717
91.076
84.169
80.038
16.8265
78.6368
3.7534
57.819
86.1868
78.3525
49.7817
31.0973
7.53962
65.596
68.965
42.0293
50.101
34.8101
24.7037
47.8028
41.2404
3.09993
32.6773
45.3749
55.2124
90.9079
34.0163
28.3746
29.6902
75.7085
83.704
67.0228
6.43027
32.6758
32.2795
36.1169
8.52894
5.40376
54.1975
14.6895
39.7774
12.7317
23.149
85.0371
20.95
19.7546
13.372
63.8847
46.4561
59.7674
21.3191
21.3012
57.6764
33.8776
60.1516
35.5156
23.029
82.0204
91.4681
36.4777
72.4576
72.3156
77.8705
2.79434
89.4758
89.3443
79.8203
32.1716
68.4937
13.3957
87.0329
41.0753
27.0821
29.008
45.7936
41.1491
71.8976
84.7955
28.9186
54.8436
5.61432
23.6205
62.5154
23.7594
35.7225
58.7373
91.3473
21.6788
72.8222
39.5261
42.4477
86.35
77.5079
82.7557
99.9986
62.5844
32.2865
61.9711
85.4918
64.866
74.691
4.63852
12.142
23.7994
92.0361
80.5031
50.3587
63.7203
75.5805
57.0411
59.8787
20.1027
28.8338
91.586
80.0018
3.33536
79.4064
64.0745
7.19588
88.1842
60.326
23.9125
64.1568
90.7427
25.7783
15.1055
80.0113
25.7887
90.1621
27.0477
95.4092
10.349
52.5515
88.02
64.8662
89.6899
58.5236
43.6141
53.3448
35.0315
83.7762
24.0772
6.28772
67.849
66.6223
42.3227
52.7209
51.2288
75.0585
1.16017
90.7058
19.5422
31.5579
14.7198
51.4742
81.5099
17.4422
97.7276
65.0831
34.025
83.8358
3.1594
65.677
55.8741
74.7901
30.8469
13.2358
86.9078
70.8825
9.3601
67.1541
96.6046
82.3292
70.1428
12.0305
56.5168
76.0922
30.6039
53.5153
12.1195
70.7674
76.5902
4.16169
31.0055
31.854
47.9398
47.4665
20.2456
46.724
99.7634
61.9606
98.5442
95.6945
7.36937
89.9086
52.8226
41.0466
83.6779
8.8859
52.699
63.2276
93.277
35.5155
34.8146
99.8417
88.6451
98.8201
86.1437
92.3699
69.3401
34.9411
72.7865
69.3972
76.7659
52.1614
24.3853
42.4134
44.2745
49.6402
58.7057
82.8144
87.3841
87.9668
16.7461
18.1987
55.8299
12.0456
8.59285
79.6498
36.6619
3.63668
81.8525
16.1102
22.0847
63.4418
53.3051
75.1312
29.6549
75.411
89.1455
33.745
77.1203
58.7096
68.1267
99.7826
98.6309
22.8566
12.3547
2.66366
36.9568
71.6508
21.5098
0.543454
93.9642
57.8639
86.8937
45.9616
43.3667
61.6072
28.2964
58.064
76.4161
60.8749
50.5506
27.9528
12.1551
62.4473
56.3208
16.0067
53.1407
48.1989
64.9717
3.18555
66.8696
61.9357
21.6111
56.618
46.5846
35.8033
74.6964
84.4859
84.4833
4.49256
74.3465
33.9875
6.80256
66.4211
98.0905
98.9294
11.3155
65.2754
20.8357
94.1153
68.5824
9.24234
0.450503
13.6434
91.2448
92.7865
35.1948
45.7435
74.1183
26.553
30.2168
80.0667
73.5425
64.6897
30.9517
65.9907
97.7699
22.3506
17.1145
48.3274
50.6473
46.9055
4.30851
8.99012
85.8923
38.1173
11.1352
64.9674
79.5149
75.3356
57.0953
18.3798
55.9823
77.227
39.2856
70.8085
63.4308
64.0117
24.9479
93.0294
70.1368
30.369
59.6733
94.6483
51.3156
55.0464
18.5673
67.7082
68.0298
57.8681
33.8423
25.0558
24.2466
58.7732
88.4408
2.11923
80.936
37.4816
71.2689
71.4651
23.6443
89.3709
68.2576
82.1196
48.5914
6.20606
78.6485
69.7735
20.3349
86.5029
15.2058
89.6433
18.5125
56.9054
74.0718
39.3941
81.0911
40.9062
67.0029
0.524475
70.5188
28.6878
94.1642
2.74888
21.2349
74.6563
7.93942
17.3287
95.8998
17.872
44.204
43.5805
2.69122
16.9085
29.7661
6.22729
16.6893
73.9055
76.3642
30.2322
27.3304
72.6479
22.3245
82.6937
77.8387
14.3037
68.8306
91.7797
49.8377
6.31324
54.236
98.068
64.7954
4.52717
39.5761
41.8821
9.5095
86.5465
53.3717
41.4597
85.0113
43.8313
10.1345
8.77447
0.0995826
80.1205
68.5774
71.2831
8.91559
88.3073
48.9131
31.4517
83.4089
76.5925
65.3848
73.2797
57.8716
36.0993
15.0693
26.9515
97.9767
88.6607
75.9213
40.6632
19.8224
50.039
25.7934
82.202
85.9011
42.0676
77.353
6.47852
99.364
89.8634
57.7364
89.4138
64.8435
12.618
16.8488
85.2319
44.7947
92.5167
73.6191
60.5971
58.6797
22.4139
83.7108
79.5719
37.2736
36.2662
89.5115
22.9676
42.9476
12.5941
70.2135
12.4388
99.4627
54.2318
34.6132
39.4738
89.0894
54.8977
40.6354
72.2419
70.1637
65.1425
44.964
83.8544
4.82693
91.8777
45.6426
39.3303
84.2546
33.4863
2.59434
19.0882
36.9528
53.1931
57.5038
83.2465
93.7112
42.8201
84.1246
86.9137
57.2023
82.2982
62.5039
33.2683
64.4599
88.4244
78.3288
82.2005
23.8723
15.4006
37.4885
65.5955
5.77229
90.2785
93.389
46.2481
19.9237
25.4249
47.6617
98.8452
13.6713
73.7114
36.6437
18.6484
97.801
84.6671
64.6053
60.4314
38.4409
22.9103
76.94
19.8714
98.6214
23.8845
30.0073
37.0093
24.4399
88.7921
9.23274
34.3733
37.8551
75.4605
47.7088
96.9987
44.3979
53.3263
27.4886
96.8386
24.0445
5.0919
70.1683
86.4059
18.6143
87.969
45.4687
83.1268
38.2105
53.1353
61.5725
78.1162
52.2991
60.9151
8.7791
35.6694
95.9011
72.9216
76.766
20.3536
63.2978
81.8577
47.9094
17.7341
64.0678
9.37486
30.4146
28.4787
29.5704
12.878
77.8348
92.9556
50.6325
11.6579
51.3136
42.5925
48.2185
70.001
35.3448
84.2785
82.792
47.2361
33.92
61.6931
25.3302
1.33699
68.8289
9.08184
47.5943
41.0925
27.6352
51.926
57.1726
98.3758
46.3278
76.5792
59.2665
49.8011
81.6588
8.59563
39.5718
59.8018
2.55821
57.1705
96.5728
82.2652
33.8789
27.6031
18.2689
13.3379
19.3905
95.7883
48.1123
59.584
76.4427
33.4029
14.9451
12.2324
52.8286
14.215
66.1715
68.6606
42.4978
13.5083
82.0378
19.0985
2.80756
51.0429
85.5348
99.1237
76.9356
31.2186
41.949
22.381
85.4096
9.60775
78.2834
5.6171
20.1511
20.476
36.0578
0.836518
51.5075
39.4639
91.2863
63.0708
78.9273
42.0356
30.181
33.8869
18.8002
6.92592
24.3046
11.8138
6.68374
68.4117
13.7065
50.3521
56.2597
28.7746
16.6251
24.0736
8.55959
44.0953
84.6669
65.0575
47.3512
22.1492
67.2021
36.8579
8.60506
29.8764
57.1224
77.2899
18.5803
0.554474
1.03932
6.80167
86.9707
44.4872
30.8455
34.5992
65.5198
98.454
2.89395
71.8349
47.1512
59.4584
34.8165
16.481
32.0158
15.2788
66.991
32.3337
69.2532
15.3755
95.0329
36.7286
47.7553
31.0484
32.3675
51.0725
11.8183
52.1925
24.2941
39.6484
60.1012
99.8159
40.0564
43.0882
99.6109
63.6746
11.6938
76.4148
91.0019
83.7986
20.8281
61.2967
74.6412
59.852
12.1753
44.3714
61.2011
23.4842
23.1171
3.91898
25.5356
9.26502
3.98217
26.7638
99.8201
26.5269
3.97233
69.3253
77.2602
34.2579
52.674
96.1115
71.9148
7.77493
67.5779
64.3089
34.6679
86.4802
63.1013
72.2721
50.7617
48.0772
55.9636
63.1955
10.2597
25.9904
52.8633
66.9273
15.5597
92.2891
20.9805
88.2792
91.9231
65.394
70.7661
83.8417
96.8277
86.3256
78.2123
52.4941
67.2849
62.5047
3.47408
8.03384
38.0972
30.1939
13.4619
4.63638
72.0995
48.3916
44.8102
68.7884
71.8324
17.6637
2.02706
81.7427
19.797
45.7684
28.1685
88.6782
33.3989
82.4597
48.6551
1.55755
94.2607
25.8376
61.7534
55.1348
43.1951
9.96305
82.3539
52.7479
10.4985
34.7117
85.5962
46.9681
12.7795
61.515
13.1998
84.1889
53.0837
44.4365
24.9717
2.00626
54.9676
83.3027
81.1001
30.1435
38.2683
13.9669
54.572
31.2602
28.8834
55.6066
84.6705
98.3938
1.33621
71.295
14.9015
76.0536
25.636
9.5024
71.4029
31.5892
91.2473
0.865436
63.1685
86.411
19.37
84.9751
27.2446
31.4087
55.3223
93.698
29.5267
65.6785
48.8931
94.9803
0.653998
65.866
29.3828
94.2316
61.9422
12.8219
31.265
74.5411
39.3684
81.9264
61.2913
36.5549
93.6557
9.58654
13.0794
33.3341
12.2361
23.7801
18.0027
80.5422
10.7637
44.7622
79.58
54.7793
28.8769
80.452
63.1999
1.81042
98.2234
64.2512
10.4802
31.0616
32.0578
89.9555
62.3098
22.4805
71.4031
38.1328
87.9407
96.4826
43.2769
58.593
77.5635
5.70518
64.5833
38.1298
26.4421
42.177
40.8983
25.8356
99.1212
74.5178
31.481
45.1462
96.0875
39.9653
30.2411
91.4864
81.0295
48.0786
89.6808
70.8354
69.7509
64.5207
76.4796
4.21476
20.9617
74.0239
13.6797
39.4398
1.7722
38.2653
74.7152
63.0346
43.2973
61.1621
37.5196
44.9879
90.8927
61.1078
15.1651
47.2445
57.5895
14.6777
36.5837
83.9995
87.9681
77.7898
34.0909
52.856
84.3741
94.8372
17.9944
68.3273
96.8496
62.5645
31.3343
92.9135
16.0001
56.4841
25.9783
83.5387
73.842
63.9085
95.4646
77.0088
62.2263
91.6039
17.5726
94.4396
61.7073
98.2425
13.5484
17.1748
74.4949
58.801
35.3784
38.1242
47.0677
65.4633
75.803
50.2526
58.6614
90.6478
23.1675
42.6263
90.1001
27.2725
54.1747
58.4965
44.2973
95.831
36.3542
0.203872
88.2684
9.00464
97.3843
15.273
34.4607
34.4659
53.6915
49.4083
48.5786
20.7167
93.8738
22.3552
23.1334
19.9544
70.0915
33.0689
42.608
1.07555
5.54772
88.4466
99.0195
36.9989
30.8037
55.668
96.5159
84.6673
32.6814
46.2353
80.2648
87.9609
6.18564
35.9106
14.6649
42.6985
61.2317
11.4356
72.8419
83.5698
57.3766
62.5829
45.8699
58.7296
55.1594
13.7926
67.4691
57.9359
32.4588
17.5352
46.3801
94.8606
53.6187
84.1004
11.6301
22.751
60.4378
13.8952
24.3839
69.0518
23.5575
23.9077
31.0337
45.2396
82.3857
56.9962
67.8741
86.966
69.3072
34.3575
85.5813
76.0312
28.9763
89.1884
6.96093
97.5875
73.4079
3.34168
35.8464
43.9589
77.6721
98.2926
90.1792
18.4921
27.2397
80.6748
86.7805
1.92201
77.4567
13.6658
60.3563
1.9917
83.2577
56.0022
71.6743
22.1587
85.7609
91.9366
91.6235
98.5917
69.0254
55.8284
82.6455
60.4058
58.6167
0.668406
34.6815
61.6856
71.7351
15.0457
94.5107
53.3535
89.5983
20.355
21.3704
71.5109
64.5935
8.17519
74.8808
55.5258
18.0012
65.0661
5.65622
45.3031
93.1862
38.7473
99.2564
46.5038
37.0866
84.8868
92.3484
67.5273
78.5352
21.6364
57.7561
7.78517
2.72773
65.7074
70.1947
1.76593
11.2176
43.648
90.3603
43.0308
18.8981
93.1396
55.345
71.5442
59.1939
29.8262
12.4135
46.5944
78.2044
77.6346
68.6818
28.0888
46.5006
36.2365
18.6549
39.6463
69.8576
25.4236
61.3544
47.7658
88.8874
18.0636
69.4151
7.95706
80.955
29.0292
43.8285
26.007
47.5594
81.4922
82.5086
60.0592
47.0748
9.57005
60.3328
93.8022
29.6177
63.7657
43.706
43.6999
53.1198
44.1656
42.834
72.672
49.2401
94.1207
8.57273
25.3485
73.022
33.1659
85.3008
55.6554
75.3495
17.5846
34.8245
67.1486
57.8219
8.82933
46.2497
0.922508
68.8728
32.0391
5.14325
1.88409
3.9869
94.644
15.4692
71.1606
49.7866
63.9735
75.8141
93.4179
16.57
71.0557
82.0119
8.39275
94.798
29.8223
78.021
9.25152
61.6292
52.6639
92.4708
87.2287
85.4909
64.2387
66.3041
76.9354
86.8975
26.1223
77.9651
12.4407
64.1523
44.2351
63.012
75.3221
42.4414
59.1551
90.9753
41.791
23.5474
99.1337
88.5359
96.7677
52.8721
80.4212
23.3857
61.0866
1.74987
60.3603
95.6974
15.3271
67.6019
2.81031
46.1342
11.4112
14.1867
73.0081
17.1264
49.8153
6.37771
11.4225
73.0169
6.7094
61.2769
92.8285
93.569
49.7484
45.3301
81.1188
89.0692
19.6687
40.8325
32.3988
95.8541
31.796
88.0696
66.5862
10.7682
94.6048
25.7688
32.645
25.2035
62.1086
27.712
35.9574
76.2638
79.2821
35.5103
48.6888
41.7584
80.7115
37.3055
94.6087
56.8589
63.9447
15.879
84.8386
64.0393
13.8696
97.0077
67.1779
31.188
2.55752
45.0031
49.4156
89.5702
91.7689
48.4666
52.5345
89.5529
82.7332
99.4513
83.7401
37.4209
30.9605
1.22582
74.725
46.2573
30.6518
33.7331
79.8112
43.3127
25.3207
10.1271
1.28977
96.0404
11.1787
56.4571
22.7166
10.7329
56.9658
73.1167
23.2196
99.649
35.1749
53.7018
32.6802
84.3687
96.2119
4.13275
63.5438
12.0805
80.8628
41.1184
33.8655
68.3469
10.8383
31.2076
8.39808
94.0325
65.2537
95.9777
92.8783
41.1342
1.67293
92.9001
34.7863
21.8215
75.0671
57.3792
57.0464
13.0529
48.7768
57.2955
74.4614
80.386
37.7788
49.4247
47.5963
69.3637
69.0897
67.2486
94.0534
94.3857
8.17124
73.6941
8.57644
97.2788
15.5224
32.9452
16.6533
81.9988
6.97711
27.6691
71.3293
22.3545
64.5377
87.0437
91.6553
36.3085
68.3088
47.5574
96.6993
34.6148
92.6666
4.36763
62.5815
3.72481
43.2776
77.9282
27.9939
53.6974
66.5165
17.0406
20.2289
15.1562
71.1418
28.1574
25.7414
94.1436
4.33802
6.0349
59.0351
17.5513
89.929
33.4803
72.7105
86.7587
72.2153
48.41
82.7513
3.49274
47.3235
30.7453
14.8239
10.531
50.7082
20.0371
22.912
89.6126
65.752
0.76896
34.9657
2.20503
2.07932
48.3295
47.2925
9.892
51.2843
82.6161
96.5609
96.9994
84.6697
81.9344
48.6194
81.5951
22.0797
7.24616
4.27905
42.9756
20.6255
94.7106
34.094
31.344
8.26269
21.2919
69.8852
88.1846
65.3174
66.1386
88.1731
81.0949
56.2184
17.9393
92.3889
80.7143
63.2073
68.4162
6.8095
6.29836
36.646
91.1193
94.118
47.3099
98.8788
5.70536
0.79536
83.869
19.7203
69.4074
73.0208
77.0416
75.8171
79.6099
62.6782
50.3382
59.5539
41.6749
55.2283
79.5043
82.7712
75.5293
58.9734
88.681
65.3791
60.1349
71.2971
74.4201
33.0704
47.1894
92.0766
42.0761
8.75199
35.4438
17.1885
27.3545
42.2567
50.5908
80.9921
50.7836
59.7292
45.031
96.2368
92.2806
31.4416
76.6904
71.2826
55.1485
38.1913
46.2964
30.9596
61.8088
55.4548
46.1891
76.9472
38.1615
54.1394
50.1061
60.7397
28.0828
64.6712
13.9732
55.3467
34.742
59.9565
32.6279
14.3958
13.3008
7.83558
21.0291
77.0841
30.7649
86.0858
64.9513
65.9822
58.5392
20.5595
59.8616
32.6079
12.9686
23.0251
36.3137
78.2781
90.7762
59.9066
36.4642
71.7879
50.5933
67.8123
18.0627
89.0789
11.7865
87.3734
26.3951
76.1961
90.2604
7.64887
72.7916
70.9538
14.6951
2.39139
99.2486
7.87494
77.1532
25.4819
4.50931
5.38097
93.0485
53.8679
15.4147
42.7246
17.4818
28.8516
23.042
53.2759
45.9733
29.6637
14.6944
37.5453
39.9459
0.654727
17.4586
27.6021
5.02562
45.8667
98.5295
51.2438
50.0171
20.4149
52.7375
72.0931
72.295
2.72821
32.2609
47.0089
80.3359
96.1335
13.0385
26.4121
47.9099
55.6294
50.6316
48.8883
44.8391
84.9604
91.2327
61.7237
37.5519
53.5164
2.39667
8.39099
88.3522
14.9196
41.3099
88.3602
19.1541
8.0188
35.9526
33.6864
63.5285
92.2093
50.3362
58.047
91.7186
65.3246
19.667
10.7224
18.4442
16.0441
36.6708
52.8814
3.31828
83.6355
98.28
56.9878
34.2071
57.7141
45.4559
0.0643425
59.5499
56.787
96.6546
69.1578
29.3612
74.502
1.93138
52.8864
55.354
76.1462
53.3517
62.9152
97.9941
35.16
85.4519
29.5656
94.5206
41.9769
83.3093
75.0826
94.1558
8.41283
86.1484
41.1239
29.8704
61.1178
47.7569
48.5386
51.9314
51.6965
56.7993
11.4329
82.866
51.6798
90.7658
76.541
98.6914
4.10961
72.3223
5.62827
73.9922
61.7168
21.6773
57.531
40.5393
97.3151
70.8995
36.2089
70.5622
54.1843
70.8537
5.52062
84.9635
55.5512
13.1724
49.8674
55.53
88.6598
90.8572
31.475
89.9123
20.6415
93.4873
76.4741
55.5972
65.3237
85.0585
94.6621
46.0216
47.5844
65.6735
16.069
78.1557
31.2866
27.0509
39.9737
84.0583
49.4642
58.1381
42.9004
98.5916
62.3747
15.3567
17.3842
85.6974
97.7265
79.4578
77.943
47.7504
53.7546
30.4448
54.2316
17.1605
9.6746
18.6669
4.63227
95.3684
47.5821
4.92486
50.2436
6.63631
64.374
2.69146
34.9519
29.1078
99.1617
55.4882
79.499
74.7281
35.4212
80.9387
85.8508
20.7084
73.3737
64.6893
64.3005
55.9377
80.7499
25.6778
15.5294
83.9652
93.1295
4.7182
6.27471
21.9715
23.3922
76.5769
27.0703
16.4228
12.9373
53.6962
20.0302
9.37901
31.8476
51.7249
65.7366
50.5696
69.961
84.5632
22.7721
72.2106
25.2624
19.9396
98.0974
34.2128
72.4853
20.9346
73.0707
93.5517
57.3595
8.43262
62.8278
34.9212
98.3245
46.6298
68.2813
60.0194
17.3972
54.234
38.1395
13.6926
5.38951
80.7794
80.1082
62.2141
71.0423
36.5801
74.3326
87.9279
19.3695
45.2246
87.2397
66.3753
45.464
68.2144
40.4779
3.56487
86.6252
39.731
11.4532
11.9995
56.1667
46.771
6.61536
32.996
53.5205
15.9017
80.7799
39.3064
24.3793
54.6434
73.5636
37.6234
73.6916
69.6821
43.675
13.0049
15.2308
85.8015
69.3329
53.4811
40.9057
27.9737
14.526
41.9721
44.1973
32.4665
9.72654
57.4049
73.8099
13.4472
20.8858
79.5701
97.879
23.6875
70.5766
92.1489
82.3999
44.5685
86.5372
24.8229
42.5001
84.929
74.4997
33.0817
59.9375
92.896
84.2153
76.8054
94.1497
55.9512
76.233
68.2412
56.0115
39.7599
96.105
43.2612
8.23295
68.5084
7.59445
72.4728
85.9922
24.0014
82.6283
17.2554
21.8206
44.4733
91.0082
52.3289
96.237
92.928
44.9906
98.5863
38.8312
57.6004
68.4299
87.1753
30.2372
63.6193
78.9429
9.02144
86.0362
95.8899
88.4367
68.8333
4.03621
17.234
4.51797
35.0759
16.0788
92.9206
26.1052
48.5139
8.3971
76.1774
41.5737
17.8551
61.6181
6.58623
68.943
68.7436
81.5581
66.5502
75.8882
95.7672
83.6163
31.4128
62.4739
82.5697
53.5208
92.9248
4.06565
83.1607
90.0595
31.9717
34.0919
77.1526
78.4663
75.3639
2.92662
80.9651
39.8606
56.3391
30.6734
88.0147
27.0238
27.0093
53.1883
98.4939
96.3014
76.4182
91.0984
53.5294
76.2649
93.9433
37.5561
12.6645
25.8348
62.3822
90.5334
83.5151
12.4369
78.3151
52.1349
72.53
68.209
79.6152
40.857
14.8821
50.9962
33.5877
35.6075
58.6105
73.2126
39.4659
75.3305
73.2619
97.0954
2.69594
3.10908
85.7744
24.9137
76.3325
71.7686
60.7864
14.0347
86.76
15.9421
76.7367
94.6998
8.24782
94.5993
88.2946
75.9212
42.79
8.92395
77.7619
43.9643
62.264
93.8756
86.0129
36.5152
67.2306
48.526
82.0806
19.8436
13.2577
38.2289
14.7323
73.629
61.4974
49.644
86.0141
75.4556
94.9825
82.1778
5.28407
73.0582
0.418237
55.4364
11.1196
24.4034
38.0369
85.5517
64.5782
35.1408
40.5144
21.7695
68.1272
91.7717
78.6877
27.8916
4.22772
55.2216
56.9175
90.744
27.1002
84.3215
47.7276
82.6813
35.9182
6.75905
9.12982
73.9698
15.0893
94.3484
9.33019
67.1119
56.1946
13.5919
89.121
55.698
57.9057
73.8344
75.5871
59.0783
68.6845
85.5919
77.1009
5.6409
93.7015
46.9351
62.3965
49.8149
73.59
66.3455
42.2699
12.9991
33.2604
20.5768
13.5599
41.9268
47.7491
30.4733
33.5822
8.52707
6.60302
58.6034
92.8526
94.9418
20.1723
60.4968
69.6561
31.079
58.2118
26.8951
9.58373
25.6429
75.721
23.9047
37.7305
6.44961
99.6765
49.388
87.9333
74.3169
75.2138
11.6167
26.529
28.6899
80.4044
23.8543
17.6158
59.9903
19.9723
62.0783
47.3315
22.9568
58.2404
1.76771
92.0133
6.57357
26.7616
53.3125
22.4518
99.3479
35.1877
39.423
38.5966
33.5853
93.4593
22.2149
54.5626
69.7821
20.0339
80.5917
25.4622
60.8559
28.5803
41.4924
89.4132
58.033
64.0508
50.4359
63.4172
91.2553
73.7945
62.4018
77.3508
1.43947
4.58218
6.85921
9.15718
85.7802
47.2505
49.0549
34.5143
42.5998
6.27548
64.0118
25.9259
49.3607
30.8822
58.4219
14.9302
91.9084
84.7546
73.3541
47.6634
90.9951
1.9756
15.7011
50.2718
41.4064
91.4676
1.9185
65.3364
15.2232
68.2696
83.4585
30.0065
54.6385
81.6934
0.112923
5.22785
32.9453
19.3676
79.6693
84.2085
35.3666
28.2806
93.5183
87.3154
64.3344
14.5256
34.6241
44.6746
87.2557
13.466
71.9882
63.1214
56.5485
30.8543
27.9837
7.69866
44.8083
36.8086
47.3866
62.3686
75.0325
54.0805
48.401
62.2006
97.2808
53.2377
27.4729
67.4534
27.6893
21.737
12.5604
87.6251
24.9268
80.8339
62.1859
14.4722
14.623
89.2921
0.583655
81.6791
37.682
53.6325
14.4428
81.3769
74.58
15.3834
14.5043
13.8019
17.4384
51.7341
96.7741
45.9862
95.3375
65.5976
69.7923
47.3535
58.3431
30.2899
78.8283
4.40167
12.845
79.1947
93.8318
6.03411
20.0863
0.576757
69.604
52.1285
69.612
85.5839
56.8748
32.7156
89.2287
97.2337
29.213
85.256
52.1521
8.09371
93.0143
24.7367
15.3663
11.2712
5.16447
82.1837
68.0291
56.4096
67.2393
6.79451
27.9687
17.682
27.6186
35.0886
74.5146
94.8204
82.6482
31.104
45.8148
41.6116
10.4639
82.4998
76.366
10.4614
10.9437
41.9757
48.7603
40.9711
58.9157
90.5378
35.7339
61.3328
23.022
81.7795
16.5931
99.9994
55.4322
75.1521
10.2098
23.5185
14.4436
19.3932
16.6356
52.0141
87.4152
64.541
91.147
79.9302
9.16554
66.16
48.0829
41.5093
61.2409
84.8891
36.1434
40.7669
84.6787
83.5484
11.7262
38.5495
45.082
30.18
75.7136
85.7329
2.98722
46.2801
20.2952
26.7105
9.86329
39.1336
28.3066
43.7453
77.5753
59.2562
8.28313
91.3708
49.1841
4.07798
42.7711
0.515973
8.70698
0.407451
12.5226
2.75189
86.0624
62.883
1.85006
42.3807
41.2297
24.1389
11.0758
78.8887
60.7932
98.4558
27.7897
63.2472
58.3856
36.9818
59.3448
8.65727
66.0004
36.6633
96.6877
67.9157
51.7631
2.06141
38.6928
76.1917
38.7104
29.4079
38.7094
95.2117
68.9167
19.6558
0.383456
50.1889
61.9162
51.0565
45.4121
53.9668
57.4902
90.635
41.9925
93.0728
22.8258
38.6066
39.4657
66.6988
20.0627
47.1611
35.4918
87.9052
10.8922
41.8014
8.11884
95.2902
49.0876
45.6395
60.1948
52.8353
26.5247
13.7583
77.3319
96.3226
27.0549
68.7595
84.3907
52.1513
56.2674
18.981
92.2155
32.1362
14.4059
37.0887
52.6671
67.3125
32.8752
65.9734
76.4267
55.4851
8.66062
37.0673
48.0545
5.17138
40.1328
79.4659
51.398
82.8194
13.5502
35.7492
60.272
73.3877
54.6203
45.5738
90.8612
99.003
35.5438
72.1991
62.1876
11.6237
46.3966
38.721
92.5076
85.8983
94.8928
54.9683
71.6707
8.33734
73.9408
14.7056
38.9151
89.0683
19.6586
9.84379
36.7759
33.6094
53.0825
8.35534
15.8975
74.9171
1.16537
26.7555
81.3309
88.8279
33.2162
70.7047
99.7489
71.6073
54.658
6.39464
82.8543
51.5418
92.5971
9.68461
88.7534
41.8704
49.852
15.3017
45.6932
12.5654
49.7276
76.1329
26.4003
42.1046
21.1769
9.67977
62.1632
46.7322
81.9379
95.712
46.7305
38.4352
2.07995
44.5826
36.182
81.2383
8.98209
42.0546
46.8
98.4038
87.2382
48.9537
62.342
64.2787
79.7556
78.7294
32.2868
27.3779
59.4218
4.80539
60.4578
92.5847
60.9817
60.8665
77.3317
92.7072
96.4389
31.517
18.2418
90.4926
73.6253
3.38627
40.6848
25.4514
83.6289
33.8408
16.0336
61.3519
70.6268
52.0231
29.0325
65.0833
24.6788
94.7244
20.0436
44.6297
18.2797
39.7475
49.9548
22.1345
74.8826
68.5907
13.6996
40.0219
87.7473
35.2665
23.672
3.87388
47.6395
45.0597
60.1546
57.2545
47.0579
95.0029
47.261
99.4028
2.35455
36.9349
28.2326
44.7899
66.7193
40.0236
85.7188
2.72806
92.1078
53.6316
27.4769
80.6374
30.0284
50.6564
55.4698
57.5593
51.635
7.8701
44.3387
90.3192
77.9668
93.8969
75.4714
66.4403
7.78859
98.3986
87.8101
98.8899
29.3675
25.1516
28.458
80.2238
60.1676
91.5889
6.12701
67.5966
28.3542
14.9718
40.8049
3.85315
42.1355
26.2416
66.2995
96.4267
76.0299
34.9549
10.817
47.3932
61.6204
59.9234
3.97091
40.9607
41.6656
55.0752
62.1729
10.4862
56.1263
84.6977
16.8794
54.9332
49.9476
34.1272
68.2491
83.1369
61.9139
0.123139
95.6919
33.129
73.6602
59.9704
46.7166
9.59762
76.1405
65.7644
34.4732
35.2946
40.1514
22.2603
41.9782
23.8055
28.0281
47.1897
33.192
42.9781
79.0002
43.8275
72.7827
42.51
93.8706
87.9396
98.95
39.4849
76.358
74.9805
66.8627
47.8245
6.11519
16.4958
30.8318
30.1495
40.1669
37.8862
84.6795
37.209
31.7523
18.8862
2.17785
96.8801
48.2076
7.58179
30.2295
65.4103
79.7547
22.678
60.7451
23.9817
34.7856
70.5938
69.2285
37.1827
72.7192
46.0296
83.8947
76.388
63.6024
5.1881
1.0489
22.531
68.212
97.3369
51.3895
1.4976
18.139
39.2317
93.579
1.57388
70.8545
61.3508
59.8148
47.1314
82.6593
4.96291
62.1297
38.0568
84.5663
56.3196
77.3364
16.0937
27.3731
88.034
93.0619
38.1334
40.5219
7.3081
31.2876
2.21857
16.5207
10.9438
62.7688
77.0626
68.9789
21.8417
92.3537
9.26283
7.5801
73.8348
26.4266
26.7504
91.5461
72.5887
43.9064
46.4334
35.9117
86.17
64.1916
41.3298
16.3036
61.7401
88.3993
8.66271
87.5262
92.8791
73.3667
61.22
76.4872
67.153
76.2542
47.425
38.6868
35.1597
3.14307
82.005
36.8835
12.8468
35.2098
55.5148
55.8333
44.6013
69.6502
14.4115
54.382
14.3144
99.186
6.95731
57.7566
97.989
78.1924
17.4254
74.5251
3.77453
89.2723
99.0033
0.0377878
70.4086
91.8929
97.226
7.57394
56.7328
7.90291
89.7096
67.9968
5.23142
97.3361
2.03369
91.1655
59.1445
56.7527
77.3679
61.0758
96.1223
86.7919
38.4278
69.3626
11.4926
72.0766
50.115
85.1279
62.1569
15.9979
78.7862
50.3885
26.3947
61.75
15.0346
65.8128
93.2743
15.8631
93.4555
39.4565
37.3204
28.1599
34.8835
72.8645
83.9845
81.8812
48.9818
33.5997
85.0692
20.5914
96.0561
70.8851
44.517
72.6734
65.0303
82.8246
55.3225
63.7441
35.2877
92.0168
71.741
62.26
24.5776
33.1995
2.54845
59.5881
50.0704
65.0228
69.4609
54.9395
90.8507
96.3525
77.7558
87.0118
17.3013
97.7812
30.9042
87.3471
37.8902
66.5753
74.2262
47.5285
84.7717
32.3207
55.7758
68.7143
96.2036
33.3948
42.5176
54.5146
20.1957
61.7761
15.9386
85.5203
99.3527
87.0027
63.1259
82.5231
75.7063
52.3984
9.13337
27.8282
66.7555
12.1067
12.1339
6.23044
68.0084
82.6282
21.4682
4.21175
56.5246
27.3622
68.5006
51.24
64.6795
87.2562
76.5304
88.9416
56.7945
30.3815
4.64708
20.9774
42.8174
90.9642
83.1237
42.4913
30.6521
45.5423
70.6781
20.7921
17.1174
86.6769
31.1297
26.7203
53.3066
62.1595
64.9055
81.193
74.4474
31.5343
94.8953
43.834
39.2851
88.2236
24.5815
82.9075
94.2213
82.3202
91.9729
57.0363
56.4326
99.7425
53.6926
97.1488
28.6071
13.3212
9.19549
27.2544
89.4304
59.6181
97.8368
3.58867
24.4541
24.8628
29.5039
74.989
88.1321
73.0913
78.2411
13.9897
69.6573
5.16004
93.1655
33.1063
5.73353
83.4701
95.8601
20.9168
79.357
31.0031
42.6614
83.4819
10.3655
83.9946
33.9199
34.3427
21.3423
6.13676
47.6325
17.5748
57.1214
2.48632
53.719
73.2759
3.66187
38.093
21.4177
73.8297
24.0025
38.4352
40.9427
34.0451
37.7946
37.5256
42.4369
31.5511
14.1972
71.7782
85.3375
85.5879
11.0725
57.3345
78.1171
95.5457
66.9689
4.3353
92.2682
38.8063
53.0441
30.4526
9.34809
45.6151
16.0902
38.5886
33.9526
39.0845
58.1979
91.669
21.3631
36.3087
27.8057
69.2589
12.8112
41.6665
77.3882
77.0155
3.69256
69.5687
35.4563
64.8259
15.956
82.9288
55.677
48.0822
44.6718
48.6183
10.8917
49.0074
52.667
13.699
4.84807
49.0085
70.29
64.3413
23.5918
83.3025
15.1938
58.5362
51.1489
77.4705
80.8272
87.8631
95.5409
7.63447
49.5347
72.723
12.2399
31.9113
90.7421
33.1699
27.8733
7.39166
35.8165
23.7256
76.4091
64.753
10.9305
71.9307
38.2816
48.8573
50.7023
53.092
47.4069
41.3212
78.3519
46.3045
60.9635
7.77015
30.075
70.5602
0.784994
86.3492
82.6226
89.7023
88.267
13.9778
19.5437
32.4084
53.7004
37.9072
13.9544
74.0265
10.9716
26.6233
80.1277
60.8301
26.278
70.6572
61.6731
58.037
90.2221
25.8749
54.3623
35.5283
32.0091
24.0921
70.2552
69.6833
34.3514
13.9277
81.5475
6.02067
91.4544
21.0789
6.47822
66.9771
78.1861
6.71826
85.1768
58.9482
87.1453
86.2851
24.8993
79.8975
1.60943
46.2824
24.6885
45.4039
11.9313
18.8758
48.5076
86.596
51.7177
10.0362
75.0604
66.0502
29.0198
50.4262
63.706
24.3448
53.875
57.072
22.8695
22.4552
96.1276
90.3643
20.9185
32.7091
77.317
42.1178
6.55109
86.9637
72.3803
74.4398
5.64837
92.2654
95.4453
20.2352
60.3688
88.9558
19.2252
26.0427
53.4643
70.7157
84.3241
4.21149
63.58
19.6266
74.0072
75.1043
79.63
1.726
99.4613
72.0981
68.5075
91.8633
81.2407
54.3448
62.2722
67.8866
84.0804
8.23219
75.706
6.83941
20.6539
44.6791
97.0035
42.6746
11.2219
75.4275
91.1538
19.2963
3.23323
84.5643
84.4496
84.1009
70.8027
72.104
10.8125
84.032
88.6962
95.8559
81.8963
38.2729
5.75482
14.3383
5.53844
34.7352
97.9437
2.27905
89.4426
49.896
97.661
96.5785
6.7442
5.00672
54.4116
81.2648
29.4154
12.1394
38.7962
59.4991
70.6559
69.168
39.6566
39.6674
47.6612
81.1916
37.0319
63.8208
56.8664
29.3258
4.15118
62.9146
29.2201
95.0496
18.0207
74.3563
72.476
7.39497
20.1529
75.3229
10.7338
57.0274
48.7098
42.1551
0.781457
7.25613
92.7658
39.0246
61.9113
10.7846
12.6383
85.1888
53.4164
39.1458
78.8748
98.8696
93.3466
94.001
95.446
95.3222
20.2132
28.5156
16.0826
36.0216
83.8801
85.783
69.0469
89.5267
86.2755
36.8266
45.397
67.7708
57.9971
40.6304
89.1913
72.759
89.9552
70.2957
8.35021
77.5449
54.8792
63.9817
23.2041
69.651
36.1374
25.3039
5.51233
55.8774
38.6703
99.1282
71.8196
21.3614
45.5963
97.2281
70.0713
46.5683
16.1844
98.8237
97.9803
28.217
87.4773
62.6998
63.5735
86.6645
62.411
50.8368
9.56085
6.54484
39.952
99.1304
28.2096
9.356
10.5428
43.2462
89.2034
23.523
69.3029
83.7752
48.0514
15.9829
12.5745
3.62704
75.9323
72.71
11.0619
59.4773
88.2788
5.87257
99.6339
91.8147
8.376
11.3098
37.9489
84.1338
45.7063
48.8491
41.3121
12.5191
90.9917
41.3784
39.6301
99.2823
96.3783
52.6997
91.9596
10.6976
75.5341
19.884
25.1017
37.5033
54.2466
90.4488
36.9188
60.6898
28.986
50.1099
46.572
45.2155
36.4662
87.0415
72.4784
27.3623
58.2616
80.8631
33.0152
35.3725
91.5867
23.9885
80.3572
28.503
36.5525
75.0662
55.4721
5.01413
29.0902
7.55279
28.7059
93.4168
13.1397
89.0128
19.5794
61.3532
9.7768
14.5213
13.508
90.2723
40.5941
83.8688
57.321
35.6337
39.2679
84.6873
56.5438
21.705
76.8286
98.6099
73.8282
20.4843
46.5429
41.8817
7.50307
83.7272
96.9809
27.2776
37.1248
31.619
55.9625
70.5457
28.1321
41.824
66.1508
5.56483
90.9615
71.4697
52.5326
40.7057
91.9793
25.3693
85.2358
85.2145
36.2148
45.1729
22.4451
40.3978
93.2709
54.6462
12.3818
32.5192
39.7524
79.3825
86.9125
55.7797
49.1788
92.6032
59.2366
30.4929
37.2485
89.0345
84.8267
23.0627
20.6395
44.8057
13.2421
38.6917
71.5658
79.6147
81.6255
51.1079
92.4434
25.081
83.5155
39.4073
85.1633
67.601
52.5405
38.615
16.3511
66.1828
58.5108
96.8511
16.8951
34.7274
9.27197
97.2409
33.7168
49.9955
33.6805
69.7525
30.9456
56.7724
18.0286
39.8063
36.5373
49.7314
15.083
79.4006
86.5188
26.6598
72.5212
10.3514
56.6421
44.321
91.9228
16.1442
20.6478
32.0455
79.4795
57.547
39.7452
25.5024
81.8817
54.3378
4.78443
70.6039
86.0085
61.7473
29.325
40.9374
62.768
35.25
62.9874
79.1791
72.7577
14.8628
76.0573
63.4231
92.1078
5.02793
10.6775
24.5524
5.60041
13.9072
2.64397
22.8787
98.6156
24.8453
32.1066
29.048
68.5623
65.7264
87.3451
43.0736
16.0208
69.8996
74.9916
53.8395
59.3564
46.5145
34.705
43.6295
72.9818
54.6944
79.0578
1.3628
72.2567
72.4243
37.2714
11.9221
59.729
17.205
20.2433
43.5739
2.08152
83.6147
85.7927
51.0874
2.9003
47.799
62.0109
90.905
81.2156
56.472
62.332
27.4531
27.7879
30.3213
76.7555
70.5935
60.8308
68.6019
78.0848
64.6149
31.1519
62.973
81.8568
74.4436
44.9682
30.1899
6.09789
86.8656
71.1904
49.9728
43.8982
82.698
66.5443
79.2375
89.3192
60.1591
66.0866
66.9587
19.7227
76.5997
40.0528
54.8829
80.9321
17.8206
79.1315
16.4745
97.35
21.5421
55.5304
0.93325
82.8699
33.4944
59.5827
69.5358
59.1321
11.4177
68.1938
40.6558
86.9399
16.9315
98.1867
26.1383
51.5004
5.73452
50.1962
78.7867
10.1157
64.2728
73.1736
93.2104
15.3698
35.1239
34.846
62.8534
53.5575
17.2615
50.6457
35.0711
49.5273
56.8201
33.4362
55.9565
4.77312
2.29738
72.4034
92.7863
56.8362
74.1129
70.8799
44.5781
2.40876
72.5582
24.0351
31.0496
65.1845
27.9196
28.4802
6.97392
45.4024
89.5608
89.7673
98.9479
11.8833
36.1225
23.1959
18.7292
38.7729
11.2147
90.8904
9.09726
34.7198
45.3569
93.5913
10.5413
85.0129
68.1258
13.4062
6.91282
71.0998
51.2468
88.2689
17.8724
57.4551
24.1646
0.819409
58.3618
18.2124
3.9635
84.2613
72.0649
99.87
58.3404
56.5788
4.3914
52.7504
98.5087
83.3079
75.4187
38.1936
49.3222
55.2455
97.648
51.7184
43.4077
2.16656
61.985
9.62012
96.5487
48.047
20.3567
52.4449
94.6266
53.5946
18.9635
37.126
2.34198
94.4522
59.6158
71.5709
93.102
27.3955
55.7563
66.6952
44.497
33.7973
63.5013
78.7646
53.4819
17.4644
48.1573
39.18
41.4707
87.8774
24.9842
74.7713
72.6054
19.1558
46.9077
61.5449
46.5099
91.2741
49.4796
40.8653
95.7387
40.017
84.4451
96.925
77.7583
33.2403
32.3589
8.44523
42.4043
40.8954
39.0885
76.8203
48.8363
87.3849
80.2332
17.2123
27.0709
47.121
66.2947
89.8347
92.9526
1.01601
46.8962
40.5557
84.6649
59.9582
72.8101
0.108377
79.8334
5.36916
52.83
82.5227
34.8434
1.0086
10.3594
98.9329
53.8259
12.0795
48.2838
19.2516
49.1192
10.616
0.971099
72.8946
79.1534
3.43818
49.4141
14.8206
55.3485
35.2341
99.8765
22.5766
27.4964
24.0288
49.8153
47.9284
7.39181
70.8502
58.1798
50.8288
65.9324
98.2797
64.4729
64.0498
37.3161
88.5655
22.7494
18.4909
20.9559
42.2682
90.5219
45.9501
65.011
71.3276
79.3453
47.6543
44.2366
20.109
37.012
43.2594
0.281013
0.712879
34.9044
67.7999
1.84223
24.1807
14.4617
3.68329
29.6804
85.5863
69.3325
62.9521
63.6472
34.0821
64.1804
90.2391
14.9085
63.172
29.358
9.8081
70.3204
91.3722
61.7933
1.69598
75.9632
42.235
70.0699
74.0907
38.0914
20.0121
3.47277
69.6389
62.9946
71.5474
69.3975
44.5373
83.2223
62.1827
83.4307
25.8492
94.1756
2.51121
11.4737
73.7046
67.3198
72.2175
40.2705
83.1601
88.7498
2.42912
90.1733
88.9308
14.9648
22.0319
92.0861
1.20185
68.5339
56.6874
72.2381
85.8389
1.20742
44.7883
56.7168
10.0702
56.191
48.4506
84.2307
96.5722
78.8095
38.4591
87.0125
56.8971
24.468
0.754516
53.4389
82.824
48.8718
90.8145
2.96004
36.8957
81.0161
89.3912
42.4649
50.2133
88.4694
71.0901
93.2223
3.85042
21.7735
51.5058
34.9298
29.8982
95.2594
65.0215
26.9813
65.1522
69.4256
65.4716
88.643
54.9745
13.7684
88.2934
8.98057
23.5776
68.9092
45.2731
41.602
60.18
3.91224
6.67832
80.5171
55.5845
99.0042
70.4428
80.8395
77.6958
45.4983
66.8351
38.4161
53.4282
3.85493
66.6641
18.6239
18.5896
29.2478
14.075
54.5412
84.7626
25.3061
34.5336
65.7613
50.7807
74.8877
41.2597
68.4889
58.6022
73.7497
42.851
43.3844
36.855
38.1287
78.1635
2.03187
19.8731
41.3582
29.1587
23.0642
89.2918
76.6172
22.4746
66.1479
69.6834
66.5196
14.7424
78.2078
86.0013
27.3004
13.9049
27.3748
28.8581
55.7539
92.0667
59.2272
81.3809
90.3745
3.63124
57.04
27.1146
89.7491
11.9011
98.0894
82.2771
64.1872
32.2011
70.399
38.8476
15.1881
84.6283
91.8797
13.6607
56.2296
33.4316
36.5262
48.9885
78.4751
9.33838
56.9116
46.1006
4.21318
66.674
52.2976
49.3621
26.1221
12.455
40.158
82.3346
37.8642
6.97549
10.5356
95.5721
24.949
96.9972
65.3117
76.988
17.7331
27.9446
79.2188
71.2379
31.4263
50.1872
47.4647
46.1745
10.7382
7.09654
43.3902
4.82185
5.10292
68.8375
55.1848
5.44856
33.8685
66.4592
26.6221
37.8233
3.59387
32.3615
6.87676
39.9262
87.5506
36.9829
79.0538
7.06142
40.3227
68.4144
28.3118
6.89301
97.9063
16.8719
30.8154
66.3143
97.1673
21.9777
20.9202
54.2354
24.1047
61.7304
11.0755
74.8235
42.868
48.6665
13.9921
20.0423
79.8313
91.9013
71.4671
14.0979
1.07037
69.6691
62.9615
55.8353
33.1187
98.5841
78.7609
6.9855
32.0094
87.8123
44.2512
32.815
23.6758
32.0837
62.441
53.9109
20.4099
40.0288
6.29944
73.9067
90.9305
44.6921
22.0883
46.2934
42.9412
60.506
56.0769
81.6223
31.7558
50.2728
20.9919
32.0393
38.1307
16.7631
49.3229
81.3285
3.13517
18.3953
44.8086
23.4574
94.4892
78.7704
27.6598
66.4269
42.9073
90.813
62.1769
21.9746
60.3387
68.478
10.2927
40.0375
29.8843
73.8547
78.3371
60.3364
78.9202
68.5428
98.6463
43.9305
64.3168
11.7506
50.0747
3.68194
92.6756
14.5056
81.7477
71.7875
9.03213
84.8429
71.1454
79.6384
26.538
19.0315
40.4717
0.442628
18.6626
68.0633
54.0648
77.2187
29.4576
42.4475
71.3916
32.0348
30.0862
17.1761
54.1722
34.9363
78.7554
45.0594
23.8403
40.5367
51.3327
48.299
48.9029
44.0902
28.7574
89.501
50.022
33.6607
86.0691
3.06748
67.0986
39.4576
85.3078
56.4184
79.4678
70.508
70.0861
72.8345
53.2825
20.1298
2.71717
69.4928
32.2521
39.2828
81.4643
68.6286
40.4049
52.1312
83.2293
76.3958
78.9913
65.872
70.2045
96.3521
40.0524
23.6212
91.8111
6.93654
37.1812
81.5226
20.0661
41.685
53.4219
57.1379
75.9342
51.802
28.9034
42.6089
83.0914
25.8279
90.6347
38.2322
69.7706
59.9678
31.1393
9.33845
60.8458
36.8966
40.1937
29.2054
59.7406
89.3238
40.9228
14.2012
99.6726
5.12427
42.5251
49.431
60.544
61.3459
91.7697
43.0265
24.2099
88.0344
90.1348
83.1831
37.4229
88.9558
10.067
2.76385
90.3723
40.1898
11.0644
43.9668
13.635
40.516
14.9927
95.6888
58.6365
35.1994
10.9117
15.3902
59.7652
35.9196
9.81704
22.6008
7.06559
99.3533
24.8301
0.509437
20.2651
12.8349
9.17872
88.5815
59.6592
70.0874
49.752
45.1952
57.1266
26.3184
73.9692
7.06246
33.3885
60.7485
87.316
27.8814
26.611
22.2862
96.6862
96.9722
15.1728
73.2555
45.8552
71.1645
82.2508
1.61617
78.356
19.8027
44.2173
28.4569
17.8866
61.2201
37.7218
15.9402
96.5854
96.0633
88.0451
69.6712
50.7138
75.7183
67.9788
10.3799
95.9975
2.48188
70.2877
55.289
12.83
31.5747
31.9849
15.5482
35.8841
68.5941
58.1149
82.298
20.9671
52.3375
35.3177
62.7692
46.3675
29.0598
40.2556
96.4369
48.3872
15.0473
42.7774
12.2398
45.2743
8.80875
99.7469
84.3068
26.3454
55.2352
97.842
42.2733
20.0401
54.3933
74.6496
14.3734
15.2695
34.7242
17.3728
15.0039
88.3053
68.6906
92.9866
60.8852
15.5405
92.3839
62.145
83.176
7.75087
53.2117
23.2897
99.9428
33.3609
18.3877
68.3398
24.7424
86.3976
17.2649
2.0231
39.6417
55.7831
43.5898
78.9649
80.4372
68.2349
66.9701
81.4916
93.0548
24.0482
57.5851
93.4791
94.2815
94.088
74.5874
34.8197
33.9465
55.6624
47.0017
96.6839
49.2102
12.2563
60.2886
31.8324
13.0457
13.0088
35.1836
83.7589
38.2611
71.8367
91.6235
24.06
49.5752
75.7456
22.4548
64.1546
46.1269
52.7879
20.1089
4.71692
27.5313
43.9277
7.09728
35.7802
43.5988
6.91725
51.1693
30.4466
55.0342
6.94191
1.93722
91.5961
32.5714
42.8884
59.2801
54.9474
25.3369
74.2375
55.9165
14.7229
37.8939
92.2068
57.3441
46.0981
99.7308
1.20385
88.9336
13.7324
1.32087
41.8436
52.1486
45.2101
4.05854
64.4809
71.2388
92.7723
22.2639
2.10587
80.8642
1.26306
65.2888
71.1236
34.1758
98.4738
11.376
79.3855
87.3458
30.7473
38.4879
82.5703
88.4919
52.8028
27.909
11.1379
8.05302
1.975
44.7084
59.0153
94.2384
84.0129
32.6677
45.1148
48.2229
92.3012
1.58145
30.8848
74.7791
19.9345
71.4143
77.9369
70.6652
93.7059
50.451
44.7215
66.4857
62.9644
13.9687
54.9555
13.0299
37.5035
91.3143
7.31919
96.6621
38.5106
81.6815
89.1817
9.42672
57.6907
56.7818
16.77
15.2967
17.8008
65.7158
9.14209
90.8697
85.8645
1.32225
45.3524
55.2167
28.6426
38.9638
68.9443
90.0831
92.5875
33.8008
35.8805
70.278
54.4208
48.1824
55.1725
25.2759
61.4259
96.2762
99.4481
56.8958
57.5451
71.5115
32.8602
33.5731
22.3222
93.0486
84.2004
92.1294
27.6665
58.8217
9.04158
66.4715
80.7729
76.502
62.9114
71.1839
49.9513
82.178
94.4728
89.218
96.4581
6.50705
99.9959
36.2442
63.0827
26.9485
83.2798
92.3768
96.3864
44.0088
62.3162
26.4341
73.4605
45.7304
61.6199
35.4274
82.6772
25.5321
75.5691
23.3698
42.0313
1.55836
26.9094
48.8389
67.5576
22.7269
60.463
71.1976
56.2202
67.0868
34.4216
27.1296
5.74598
7.91354
96.0489
14.3086
37.6675
3.72411
7.94155
22.592
60.705
53.6302
4.94891
18.264
85.0579
61.4402
11.1727
37.3031
70.4239
82.7111
34.5744
37.742
36.6063
9.17119
81.094
29.6363
44.5313
22.2385
33.2315
87.1827
82.1631
16.9811
49.5926
81.4237
68.7742
94.2489
15.7178
71.8893
43.3084
32.3306
88.6471
11.1846
94.6631
65.8864
95.438
10.269
13.3432
61.8023
3.73838
27.8668
94.291
51.4502
11.7466
89.1947
11.5526
70.857
81.4577
62.2366
34.854
54.3159
54.0263
44.2526
16.9354
11.6613
68.6021
5.82596
78.8341
93.0568
79.7693
99.4243
70.8863
6.65399
46.7111
11.4146
88.6554
70.1524
26.4966
14.987
23.9462
22.694
70.9953
38.573
39.0921
21.3375
61.8903
3.31784
84.0294
28.0256
98.0321
32.3608
23.6865
59.4845
46.3541
49.8929
16.4189
52.9425
63.6187
64.6189
56.049
11.2021
54.3207
31.9213
47.4738
51.594
44.6077
17.4467
26.087
7.25007
17.1131
10.9011
13.0978
24.7227
15.5691
83.4659
68.4718
99.8035
80.0686
78.3513
20.9113
24.8322
0.382272
61.5788
59.9551
28.5216
79.4855
64.4152
95.0138
64.2703
78.1369
21.7034
72.0295
23.2801
78.2697
24.6182
10.0979
20.5798
97.7957
22.512
78.5048
61.0806
35.7689
74.2113
83.7224
1.00743
36.6056
16.6316
29.1414
72.5174
43.5431
76.7387
82.5494
30.3626
20.1041
54.446
65.9667
87.911
12.6216
10.0817
18.1912
72.0257
3.93206
21.1945
60.7413
81.6568
37.9771
65.1871
71.6222
51.9684
20.1103
21.8705
41.6605
67.1029
87.0663
72.0969
62.9868
2.84069
24.64
36.5724
6.86477
99.7282
94.3051
28.6556
19.1075
57.642
90.5891
24.4445
86.4892
91.4375
3.34723
58.3892
60.022
36.427
24.3398
13.9055
94.7354
51.112
61.1589
84.8937
45.1827
4.89973
14.5202
73.0591
76.9223
5.6214
35.651
16.1211
93.7702
10.0009
1.50849
63.1403
32.1223
43.3299
29.4574
14.9612
90.3899
46.6684
83.4654
50.0137
1.42581
79.6756
24.3417
94.8786
87.2563
51.3024
58.747
98.6059
92.8834
59.8717
17.5549
77.0182
26.9883
31.1927
6.47026
2.97359
77.1812
90.8952
20.6408
46.8825
4.02033
16.6668
87.5602
61.0438
30.9618
46.8738
59.2821
97.5982
67.0541
70.2685
61.1648
78.5731
15.0761
12.0508
30.1753
4.47254
58.531
63.6108
38.3847
62.9832
33.1871
43.7851
64.5928
79.644
30.6403
32.032
51.5712
62.0411
81.4263
72.0904
15.1144
82.7053
72.9321
62.1043
65.3197
21.3027
57.7448
72.9701
30.8642
58.0502
12.4553
22.1645
93.6028
53.485
13.4342
29.7887
11.084
93.5655
25.5776
24.1237
37.9437
38.7264
59.4155
87.2558
24.6359
28.2968
45.5006
70.4774
14.2176
1.64235
10.4517
84.2473
44.0962
45.7965
10.3783
3.28199
43.631
19.2335
87.9111
10.3604
72.3155
25.2835
95.6568
82.7379
4.11064
73.7523
64.557
36.1683
46.5938
18.2418
56.2747
3.4194
7.94807
2.43134
0.906778
65.1089
61.8438
55.3141
60.0607
6.2037
26.361
91.9009
88.4378
38.9526
72.9848
58.0005
95.8445
10.6718
28.6551
25.5855
63.3387
41.7096
20.4947
62.9095
60.3997
16.456
65.399
94.8322
36.1153
34.0129
29.0008
47.8063
92.3884
85.663
84.2319
10.1293
84.6234
64.4087
38.8172
70.6693
97.6818
89.2371
52.3509
90.8824
85.2167
71.6806
85.9993
60.06
16.9736
6.74943
85.1588
80.2038
50.9945
68.868
17.7534
47.9947
62.988
58.0803
45.8661
60.2116
11.1859
89.0693
16.4593
6.78744
79.57
24.9024
48.5154
43.0488
95.4827
40.0251
54.1987
79.1318
30.3019
92.4805
99.8746
65.7946
97.1989
92.249
87.9979
19.2623
29.6126
48.8255
28.0123
1.60343
91.1488
64.5989
59.8385
3.24826
95.4199
60.7312
58.0188
38.8749
27.6239
66.6948
59.7663
15.9324
78.1984
57.2083
53.8786
91.7985
41.7971
4.40236
98.2613
85.2663
30.5317
20.6704
61.8854
8.98366
81.551
89.0931
20.637
6.6324
46.5292
56.3618
38.2073
17.5142
94.3132
97.3852
91.9454
78.4632
54.7379
29.3218
91.7804
13.9712
79.8274
44.2686
44.8386
85.14
36.7359
44.9902
29.5352
0.740042
65.1777
47.6179
41.9248
98.9193
56.9749
40.2399
8.85863
3.00968
63.1818
70.6121
42.7632
78.7949
29.1712
68.8321
68.2143
28.8064
50.5651
60.9899
6.14656
17.7604
30.0972
35.9363
91.1025
89.3309
67.5047
37.9166
40.7188
29.493
32.97
48.2421
2.70218
4.83306
60.6812
75.4971
52.2072
31.0307
55.4322
60.1811
84.9054
24.9394
35.9103
32.1943
7.95613
45.3183
57.2092
33.6817
14.6797
77.8185
49.2483
88.0605
4.57979
5.03079
11.0142
82.774
14.1173
91.485
96.6968
90.966
41.3691
19.4794
62.7956
31.3446
56.4813
41.9706
43.5782
45.1623
79.7668
26.4319
92.5242
33.205
0.606602
88.8219
24.8124
63.9669
84.5818
60.9882
83.4168
43.3867
29.9918
55.3333
79.1232
3.72271
74.6793
82.5888
18.0382
5.77731
71.637
80.4702
39.6278
75.2773
60.7729
0.509712
6.29225
20.1357
56.3774
0.294167
70.1632
56.0429
86.0785
54.9056
86.8447
72.8371
44.21
91.2326
74.4731
40.3475
33.0845
71.231
27.7865
32.0797
40.514
22.4339
39.5642
9.79395
95.5355
24.3051
75.3019
58.1033
51.6295
49.9359
21.4582
44.1849
85.1633
34.5603
95.9737
87.7024
4.4932
19.5476
62.0993
8.17855
69.0584
48.4675
95.612
35.0728
84.1422
93.9837
81.014
35.2434
62.3472
76.7633
44.9672
51.834
59.7768
68.8112
67.2701
38.6046
5.98934
80.3301
38.3433
88.4751
99.3179
2.71407
1.12229
30.3822
27.9524
66.9611
70.5924
46.2786
79.0746
34.4133
69.6266
97.8272
98.459
83.0825
31.6689
92.3629
60.1857
7.36281
11.9726
61.3251
81.7825
78.0184
59.9851
33.7934
47.4357
32.415
65.7016
99.9052
73.2961
54.2974
38.2526
12.5426
39.3303
0.27044
8.84356
43.9321
49.2319
39.1454
5.26544
89.4587
50.968
96.4917
68.9267
23.0591
24.0024
87.6848
31.0571
54.1852
89.4976
17.4624
23.4674
43.8748
11.127
19.7131
10.2662
40.1297
62.7219
8.39981
4.13139
88.9137
1.73883
78.8157
59.5336
46.8944
97.616
86.589
45.6635
87.1538
9.01309
97.8196
10.9848
88.8404
79.8317
95.3262
85.9448
16.3207
47.6338
52.2249
17.7595
15.8309
69.7718
29.2393
78.918
60.0901
87.9384
81.6454
29.068
33.4844
76.4136
33.6944
0.0839749
12.5144
80.4663
91.2568
58.0547
20.8292
29.4904
8.6755
87.6456
12.8764
78.4481
65.0206
82.4041
38.3933
22.2403
80.5991
96.8593
65.3134
64.878
48.0321
13.4041
13.9453
8.82128
50.4467
20.7981
63.4838
17.8904
17.7244
91.1578
35.2846
56.6832
0.196498
22.4401
5.42506
35.2395
56.6471
72.5462
91.0687
36.3381
56.9042
87.9356
47.8294
40.1258
82.8506
9.53647
65.6547
75.4039
8.46965
9.37635
11.0152
91.8934
19.1991
12.7727
63.6362
24.5079
69.3485
72.1025
73.2708
23.0536
88.0555
29.5122
62.1435
76.5488
43.5939
44.2306
53.706
80.8468
66.1311
19.7303
1.46638
70.7469
86.4936
73.9796
5.64064
15.6009
91.175
25.5975
15.0704
54.5475
79.9609
27.378
89.174
18.5754
56.7843
95.1941
59.6536
53.2792
17.1181
57.8968
29.0759
64.8881
19.3052
75.3042
64.7892
52.7908
12.7098
93.1142
13.8136
99.3481
6.31631
10.4903
47.5777
22.4604
59.1202
74.6476
85.4158
11.4538
23.8046
44.5858
53.6581
74.3721
52.3843
69.3573
13.064
92.9455
95.8867
9.54183
70.1607
35.2009
25.5135
82.8819
31.9214
26.0853
94.0991
13.1901
30.7462
36.6416
59.1475
81.7529
30.4388
29.8196
74.0779
76.9644
72.0607
77.5961
85.7249
98.7831
54.6579
35.1563
37.517
47.1524
60.1324
41.9186
89.3833
46.0069
23.4593
99.2556
15.5587
14.1424
70.0977
43.4211
31.6137
52.1071
61.7473
66.8413
82.794
46.5292
66.5043
97.0222
96.8812
35.605
13.8082
3.12565
81.7704
10.207
1.68027
56.1065
53.0105
44.3796
32.0791
95.9462
97.586
49.7741
33.3124
9.97905
43.6983
91.9375
10.1174
39.0448
14.4769
12.6052
24.1151
94.3288
0.720324
44.0567
29.2117
65.7341
4.43668
98.2427
48.9455
53.7371
32.0159
7.33817
73.6223
29.2242
24.1637
56.7276
20.9763
65.3344
23.0434
65.2624
78.5445
69.6401
7.94482
95.5767
82.3499
83.5646
39.5863
46.6265
79.8459
48.5019
6.79204
43.8934
30.8981
36.6594
67.3686
83.115
49.0305
65.1369
97.2964
71.4767
40.2079
39.6887
7.22136
42.7447
71.2516
20.9789
5.81864
39.7623
24.5723
40.1681
15.0002
19.3299
42.4507
13.4361
69.0783
62.3893
67.8209
25.0592
56.3588
76.9454
88.7342
78.0407
29.6783
47.553
39.1438
18.1486
58.8012
5.6489
39.6476
12.8843
47.5482
14.3388
77.0258
81.4926
78.3198
73.0495
47.2579
12.3234
56.0691
62.9331
10.5736
31.1896
66.8742
45.7581
28.0349
73.6141
50.2012
12.2502
84.2038
50.8264
24.4552
19.7284
99.7297
24.1407
0.347281
22.9955
83.4764
36.068
66.579
95.3755
40.9916
36.0991
14.3072
78.1603
48.4569
62.0397
89.3136
70.4266
83.1434
2.64701
95.2126
55.3447
15.5752
96.5991
18.7128
77.1225
38.6558
16.5465
13.1602
51.482
95.3338
94.0165
27.006
18.3267
94.2169
84.1107
54.2493
78.5068
11.8794
13.992
37.2197
44.5917
50.0171
68.6369
19.3201
89.367
51.2117
59.7707
3.00037
85.0747
22.2826
82.7621
65.1523
59.7132
52.5522
37.549
27.5682
27.9337
68.8939
9.76574
8.55184
38.3375
80.3422
36.4049
83.4026
53.8771
79.8967
69.5544
27.6089
87.6845
19.4367
94.7838
89.2452
92.3908
17.1965
68.0011
18.1543
98.1298
52.8855
41.7454
34.5008
58.4659
76.2016
74.2355
45.4814
98.5028
15.3754
44.2305
97.7352
91.6753
8.87571
58.4868
39.3059
90.9611
92.1411
82.9268
10.7137
55.9123
82.7047
79.729
28.5482
20.7796
4.04444
2.83903
40.1287
87.9396
79.349
34.3032
58.6903
59.6648
16.5518
77.9972
61.5897
55.6519
52.2383
14.2609
77.9845
35.2284
21.7832
61.327
50.8223
93.546
55.2818
26.4162
16.0961
33.799
39.265
82.977
40.1571
26.5239
8.92957
93.0872
11.1434
3.68009
50.4991
36.1327
18.5291
64.6295
98.2878
92.6517
92.1318
19.3122
35.1985
67.8282
64.4774
23.2414
10.1826
22.9481
60.78
6.55392
35.7953
73.7248
39.1588
73.3447
88.0007
83.6995
54.1504
29.0139
29.8416
32.1742
11.0128
5.19699
16.8505
44.3153
25.7485
84.5019
57.386
27.2641
91.1486
74.6293
40.7698
71.947
40.0396
1.47672
81.0187
50.8906
23.4289
58.4811
60.4169
21.3879
25.5106
27.5785
28.1876
74.6299
81.1926
34.3393
65.3942
26.3897
22.0328
64.0631
94.0321
63.2933
73.3593
16.334
69.2769
84.4606
67.9822
85.1845
35.9323
38.0818
23.8277
16.0736
29.7391
86.009
78.6532
2.75455
57.5106
0.665187
74.4003
16.5761
65.0758
35.9944
55.7956
6.22952
39.6978
21.8604
89.1344
15.1221
3.87867
3.68474
66.1431
75.5872
56.7592
91.138
24.2869
52.4195
54.1053
38.9945
83.0138
11.979
88.1421
45.7805
73.7092
30.0499
17.6446
23.716
61.8466
88.6047
3.65136
76.5301
53.9817
77.0854
73.8763
15.6596
11.196
55.8977
91.5405
59.0075
85.236
70.4266
79.6928
16.0467
82.2019
9.6074
19.076
27.0941
22.3145
70.5942
54.7218
80.335
52.8864
4.00934
79.6597
45.1884
87.9645
64.5672
64.701
73.2668
63.9406
7.17489
54.1446
57.7955
52.3563
8.29808
63.1255
52.9343
29.395
74.8774
76.8302
85.6035
93.5778
98.2335
53.4139
45.095
83.5079
74.0984
69.789
80.5353
53.4059
14.3226
12.0712
49.3287
6.1059
39.3371
29.6088
44.4685
11.552
72.065
31.3352
33.4857
29.4181
81.8581
37.7865
8.70694
56.6669
0.331892
99.5701
63.4411
54.613
88.4374
79.1251
76.621
21.6153
9.44791
50.6755
78.5604
0.257383
33.1954
60.206
71.6259
17.0543
47.6984
24.838
4.17915
92.5476
3.54907
65.4061
8.09252
85.7489
95.3885
41.7672
29.9282
13.176
82.5183
35.5467
0.41428
15.9894
66.906
20.5421
1.51815
30.0988
17.9584
11.237
45.1241
86.4731
65.6211
98.6367
98.4575
38.16
88.2178
4.28763
19.6456
77.9991
94.9231
8.06699
93.3823
72.1695
97.5839
83.3055
64.1477
22.8662
37.5235
87.2995
94.1615
81.3916
32.0695
97.3221
44.0794
31.3834
76.9568
18.44
94.8216
59.6538
84.2837
14.4225
75.575
74.8871
6.03269
42.5951
9.74215
39.7322
55.802
78.2353
65.401
4.62586
55.2555
92.7432
5.30628
93.8576
78.4672
47.3035
27.8494
50.7985
63.0377
42.2562
68.0546
72.8706
71.9102
61.4909
30.1176
54.9429
82.5296
19.079
68.6518
33.403
3.80268
72.8045
73.7596
96.0107
87.8248
51.4353
50.8618
45.5741
37.5331
1.22013
47.8606
63.0537
55.8198
17.8392
32.2122
95.3392
66.2194
20.3121
9.24081
71.4186
97.5431
74.5527
74.9938
11.8981
88.7839
33.5071
26.2867
13.6918
63.2682
0.569485
1.15552
87.9899
19.5689
89.1384
89.0042
69.8876
6.32392
52.4997
65.6094
95.3816
10.5885
48.0729
89.5234
35.0063
54.0825
20.567
6.04544
94.9346
42.059
84.2042
17.0943
96.668
83.5285
50.0373
93.9503
26.9513
90.7173
16.2032
31.3181
88.8744
67.0249
33.0923
79.6625
0.281976
2.4575
7.5253
84.0536
52.1736
7.70716
49.027
33.5188
44.897
62.6928
16.9415
48.75
94.0112
78.8185
92.8671
61.8861
57.723
23.281
22.1887
56.7712
26.6799
85.0405
36.8494
54.2575
56.4831
58.8253
99.929
30.003
38.6603
5.97659
53.0496
24.7586
54.9574
42.7939
83.0456
48.1684
43.5588
83.9475
31.958
32.1995
69.2956
60.4101
4.36095
24.218
80.3771
89.1371
33.9191
4.1806
81.1073
72.1584
60.3113
3.4272
19.8358
72.736
85.3663
4.45926
33.4823
79.6738
43.5357
98.6127
80.8506
15.5677
12.5962
70.6433
3.21313
5.03895
5.77661
96.8073
40.0877
2.59436
73.3087
81.6901
47.1472
10.1917
79.6098
99.1298
7.05609
76.8145
70.8975
90.0106
27.8974
53.9085
90.0583
0.0412497
16.1218
43.9501
40.4183
33.2309
69.947
88.169
11.8432
82.8213
6.6054
77.2852
83.3215
83.2815
9.38217
38.3968
88.7035
11.7019
4.88324
41.22
91.9392
95.3211
94.7932
39.8492
77.3228
24.7124
14.7325
60.4653
87.9027
42.9379
71.6949
93.7792
20.3828
49.4303
75.7761
12.9048
22.833
10.988
62.754
59.9377
28.1614
87.9173
40.0585
78.4216
87.8066
36.1376
32.9151
8.37373
59.141
2.74455
42.2293
23.5246
15.1747
85.7225
60.3595
69.9006
35.0264
28.267
70.569
71.3662
34.8021
24.7032
66.2871
58.0662
61.5672
27.5678
52.9244
46.8944
65.054
20.6344
87.3443
12.0397
48.4298
87.4816
7.74133
62.0852
16.555
85.563
66.5761
83.2515
37.3081
37.5627
62.7107
55.2414
47.7865
32.3256
6.73153
0.0759537
48.4154
8.90981
65.9153
41.6841
87.6461
9.87705
97.4036
37.5518
36.9182
47.3149
88.8624
41.3098
51.6946
60.9668
56.3509
41.2276
69.0305
1.15243
2.24451
68.1441
84.0905
50.4969
5.48875
27.2258
75.5665
8.13927
0.935325
64.4779
51.0224
81.9866
45.3378
50.9833
29.4115
21.4449
39.7815
45.1138
40.7005
46.2322
36.5602
64.0697
32.8172
35.6171
94.0945
91.3303
10.2444
89.4931
74.881
24.9388
27.0946
19.234
75.4051
84.4879
38.7579
48.9283
57.2767
30.0149
20.4423
74.7729
58.0474
30.8583
48.6362
16.4027
79.8422
62.4271
20.6885
14.9343
58.0916
49.2066
84.7358
92.6354
44.5183
74.4207
3.15299
60.898
20.6346
3.58332
30.2399
98.2868
26.7597
80.1646
71.7142
89.2841
18.2088
88.6746
16.4398
99.6051
92.3371
30.2523
51.8697
17.1116
18.4492
75.7476
5.88743
0.726531
19.3402
55.5336
96.0148
21.3907
48.3588
8.52473
8.36366
15.0469
23.3519
77.0396
36.8238
69.8209
58.9616
30.2151
22.08
64.6277
14.6363
55.8085
20.0282
78.1435
63.4421
33.9223
65.4449
71.4391
58.9403
51.4151
34.1177
2.18247
2.65734
97.5567
36.8571
75.9972
85.8779
9.69959
44.3142
55.09
91.4357
21.7538
10.7585
68.6179
36.6231
91.8081
19.8298
5.62281
55.7095
46.7248
5.63769
44.6059
75.9076
17.0914
98.6219
76.2244
63.2615
58.0162
20.1324
59.0503
16.1225
34.9365
34.5104
50.8361
63.2273
63.832
54.3406
11.2678
68.0757
18.116
91.8458
84.2577
25.6133
11.962
22.7023
87.8359
91.22
65.1391
68.9899
96.0203
26.162
89.7359
8.51213
87.1327
9.59714
84.1866
51.9398
78.5369
53.5834
79.5534
80.4642
78.7501
30.5695
29.7634
34.0761
46.6143
34.2638
86.93
36.3015
37.6372
42.7619
26.3522
25.2345
55.8321
56.6295
44.1848
84.6514
95.6769
33.4342
96.5953
68.7547
77.0123
67.3604
38.7073
95.6924
35.1513
90.9362
62.5975
39.9444
79.5374
14.1728
90.7351
35.4553
67.8121
74.1189
84.5805
29.6096
5.98989
59.9021
58.4647
20.1934
60.3662
61.4846
41.267
6.5256
52.9324
45.5196
63.7008
94.2158
67.5793
43.5535
40.3482
63.7588
16.6825
40.3895
37.0774
47.394
71.2807
30.917
59.2889
85.883
71.1549
59.1722
56.479
83.9562
36.0948
38.1871
63.7416
32.3939
17.5328
2.706
59.068
56.371
97.2733
50.6014
21.6678
77.01
59.6606
2.21799
92.1489
7.19235
18.7274
54.8038
27.1516
91.1071
58.4325
71.4214
29.3779
23.3052
34.1396
70.2029
63.1809
43.1781
36.0129
4.23597
42.2
7.27352
76.4169
94.2365
59.4135
56.0458
62.0128
26.9744
11.322
44.8081
40.1814
99.701
72.7828
92.0892
5.44699
91.6778
20.7548
91.5547
28.0115
99.6294
15.9312
76.7725
82.4355
53.3035
45.2915
84.8816
95.9513
38.3937
69.0464
45.9077
90.7402
30.4188
72.9243
28.5049
71.3034
69.2196
69.8129
88.247
36.0329
11.8231
46.2417
98.1207
8.70522
30.9504
61.5609
97.2301
39.5097
25.0681
88.579
85.3433
22.6605
14.4433
54.7502
91.6165
65.8555
2.6588
86.6169
68.6795
6.13216
96.3254
66.8188
17.529
44.8421
10.3884
84.554
79.3601
77.4987
1.59758
75.0575
7.2253
16.7707
12.0058
56.5578
83.0571
89.7797
3.53717
26.3119
4.90874
54.4931
48.2383
1.48455
72.9748
15.4786
50.0267
56.2276
33.8721
1.6172
16.057
7.59998
43.1336
55.332
51.3625
3.85277
97.1176
25.1546
84.2707
53.8032
90.0655
16.6777
69.8134
96.1865
89.4766
28.7796
64.0082
69.1991
56.541
12.3468
38.8483
33.4803
29.6819
38.2967
63.9029
9.86692
33.4952
68.2196
10.8925
0.828556
89.403
40.1338
4.50346
23.1346
48.5553
60.0057
64.7099
74.7075
66.8745
11.898
40.2469
11.767
46.0957
67.0618
92.6784
80.2106
55.7605
34.3802
45.5819
12.5808
38.0568
17.9499
99.9794
83.6537
80.528
50.8397
45.4591
78.075
6.63892
12.5339
59.2994
41.8777
28.7799
92.1414
6.52572
41.7451
23.7937
12.637
31.181
47.2562
92.6403
22.9557
41.4076
62.412
5.83823
67.3701
85.0345
87.6622
68.4057
79.8559
38.895
96.2705
71.3797
91.0871
39.3188
21.4393
12.2402
64.0782
26.8001
59.4889
40.1109
64.7433
65.8712
86.7108
52.9562
36.1131
0.182341
47.164
60.4081
49.9841
12.9584
55.0355
38.723
57.7355
66.2115
18.9786
28.3462
42.5348
60.867
33.3654
81.4939
41.827
88.6549
85.5494
24.1966
50.9613
90.8548
91.4755
40.1932
95.9551
50.8128
73.3373
36.1576
30.2291
20.0565
38.0174
39.2018
85.4363
4.77272
17.2572
6.45018
12.3041
18.9615
71.6379
12.4393
25.9982
10.1897
67.1888
29.5855
45.6142
45.4452
3.32218
26.8442
98.1244
72.793
37.0412
84.9126
9.72727
20.2707
77.6007
6.64567
17.7848
18.0171
67.2785
96.1539
85.2274
49.2213
18.6238
86.28
27.3249
81.2073
17.8667
46.5784
7.81533
26.4517
81.5214
73.3473
84.0538
40.9035
61.8903
19.2892
17.6157
23.2595
70.5718
6.97677
40.8165
90.049
70.7067
54.0768
11.8107
46.1121
73.4105
82.1429
62.2331
89.6875
69.4761
82.5901
96.3195
12.8217
23.3408
29.5446
90.4837
65.9711
56.7917
11.856
22.514
55.7755
9.41044
57.8381
53.7986
4.33109
83.9718
24.5432
14.3889
76.1945
31.6752
95.7086
26.9258
27.0392
37.2939
14.058
80.591
6.64473
14.7582
31.3086
7.46657
59.421
87.3331
84.526
68.9867
72.3768
0.882794
34.5755
39.1292
11.5843
8.90527
15.285
24.1762
30.4507
31.9694
82.4451
37.1088
34.3492
61.2881
70.3638
92.9768
38.3164
13.4172
98.2878
2.86409
9.49355
20.2932
34.1766
8.61261
87.874
97.089
29.3243
29.6651
87.432
73.7764
72.5083
8.09779
11.6931
4.58206
54.6996
13.0966
83.7008
60.0696
80.5381
14.9284
63.2618
37.9012
40.5889
20.3086
66.1617
98.1579
93.7831
27.8405
12.2789
83.1656
16.7265
26.4889
48.7703
61.4454
71.1236
63.8056
47.5143
86.896
73.8123
37.1145
73.1684
68.1596
34.6208
72.527
78.701
1.05478
16.8544
53.281
82.3018
79.7938
22.3732
2.65041
87.4183
42.9553
60.8522
40.4628
24.798
28.8331
53.0279
48.5249
77.6019
54.1099
34.4077
4.81163
92.2278
99.5915
37.1346
9.59969
81.1957
31.5615
23.3058
49.0366
78.2586
38.5908
30.372
67.8681
40.8285
18.0354
43.9259
92.58
56.0605
60.5512
76.8029
4.59149
53.7375
2.81947
34.5113
15.1157
51.4482
85.4935
49.3612
12.9439
4.61184
2.96804
53.9245
12.8357
47.2326
9.55093
67.8831
22.2574
39.1798
65.5929
58.1753
15.3456
11.93
29.3298
66.3765
35.3513
18.4766
91.7342
41.495
67.3639
14.8
39.0022
15.7621
50.7162
68.0357
5.57132
30.6677
62.3492
7.2278
49.2695
99.6301
50.3212
57.3545
7.67754
22.0734
77.11
95.2307
84.5723
81.2057
45.7051
59.8985
83.3679
48.1064
57.892
30.9846
52.6732
39.7333
59.2012
86.5493
40.5071
91.4886
28.0991
82.5782
21.7203
12.9531
98.9826
94.6
61.3311
64.2916
79.205
69.5545
16.3912
38.5424
5.44557
63.1344
10.8112
94.4901
14.1645
3.19742
69.9441
1.89503
87.0935
76.0197
89.299
19.7184
4.32813
62.563
9.32856
23.7289
11.8969
62.7456
23.6408
44.2086
54.4341
60.4937
54.4701
11.7406
65.3526
95.3501
56.5596
98.3403
13.6597
45.9057
32.193
41.713
96.9099
78.4773
84.5771
78.6677
52.5746
2.12166
60.3877
14.8684
16.1715
99.1205
82.1536
51.6173
37.7003
46.647
71.856
83.5317
70.3624
58.6319
38.2486
29.7009
66.4441
30.341
33.7917
55.0963
2.01557
14.5893
46.088
34.613
72.2399
6.11839
43.0918
87.0345
80.7637
64.0313
66.7384
37.3929
10.7754
63.3474
62.5374
62.7384
26.5187
91.1168
50.3597
90.3793
10.838
27.1099
92.3453
58.4826
75.7463
19.9472
65.9661
19.0983
38.792
11.2643
42.8361
47.6145
50.8761
44.662
83.2445
70.8836
5.30007
36.3993
92.25
74.8177
32.0857
26.1511
60.7039
18.5343
3.03106
11.36
8.41463
28.2808
34.638
82.0269
29.4701
91.3784
52.8051
29.6227
35.5302
62.3727
45.5497
45.6288
66.5416
28.133
35.1322
91.4074
40.0643
65.8421
73.2279
10.2017
62.2208
25.7856
37.4756
30.979
74.6325
77.4265
82.5136
48.4393
47.034
93.4485
26.2081
50.3238
73.3276
11.6038
60.173
23.641
37.9053
92.8384
59.1247
7.99977
79.9369
13.0302
81.0719
95.4949
47.5936
48.0816
35.9874
16.732
52.8429
21.3911
88.8923
68.8129
64.1509
76.1396
65.1377
38.8077
94.3312
66.6007
11.1861
65.9779
24.2568
12.7391
85.3274
2.10942
53.0893
25.2172
12.1883
79.8224
54.3875
27.2146
64.3667
61.2675
61.6407
26.0649
83.4004
94.871
65.6586
37.7976
16.1032
96.8764
13.018
86.2673
77.2725
55.503
6.02376
41.5963
83.0626
74.2731
26.0037
13.8516
18.5927
59.2897
97.5269
50.3178
81.8693
58.6562
74.3815
11.0395
87.9275
70.9725
39.5713
60.1244
91.9151
82.4238
59.2128
3.24522
59.9964
97.6763
33.46
3.59382
36.2218
19.019
35.1553
55.6673
55.9133
18.1848
26.1414
67.3549
46.9219
47.8899
58.3582
12.3403
20.8917
62.9535
58.4575
93.6749
35.4069
20.0518
99.9868
56.489
36.0359
5.68355
9.59821
11.0916
24.0194
79.4354
45.836
2.59096
26.8279
67.2749
89.3822
59.7844
93.7246
53.2777
66.6633
27.8443
78.3071
67.7652
62.4486
64.9606
14.1122
25.4621
23.7436
29.3073
11.6152
47.615
62.678
47.8458
13.1572
21.9466
25.9812
70.6965
68.6486
81.1345
40.2
44.3222
72.4095
3.64791
50.6187
82.5794
33.1868
76.8531
16.3281
31.4785
66.697
91.9378
21.4985
64.8695
7.21491
12.3131
55.8084
58.1286
4.00981
10.0067
34.9963
70.259
55.7589
49.0051
64.6276
3.76611
61.1595
16.5745
21.6698
32.7696
89.4977
9.59199
46.2754
12.3971
83.7827
23.4708
89.7314
63.0329
12.8109
47.128
34.2609
13.6457
37.1683
79.7016
81.9747
34.2241
86.0758
34.3505
18.3607
8.57185
83.0423
42.384
50.1789
63.2401
94.9058
60.9363
73.1327
79.8039
19.4174
72.5688
86.0171
40.7878
85.0513
77.9405
62.2792
58.8891
51.0821
13.4136
63.3325
23.727
76.415
42.6583
11.7204
63.1674
65.0744
43.2107
10.911
41.1183
87.7223
80.3077
57.9251
86.5991
37.461
98.0895
23.5564
86.1193
45.9119
0.848929
3.87781
27.9308
55.2981
34.7191
48.8052
4.10583
4.49197
45.4012
24.5561
55.6631
21.1686
16.1625
49.9677
13.7887
89.7667
29.2193
32.7419
59.0905
66.571
14.738
42.1708
97.3159
48.0192
8.63243
12.4114
0.167517
29.1682
77.0851
41.9003
70.9004
67.6954
53.8733
25.9276
73.4424
41.5108
82.8942
53.015
30.8513
36.4394
45.7377
53.0958
11.7143
72.2793
55.3566
20.4445
7.85807
43.9539
25.5613
8.08723
33.4051
77.1631
31.4579
90.0141
52.7242
44.5747
72.6492
59.7401
50.4071
35.6845
28.8119
3.96456
17.0887
45.1992
94.1712
30.4366
6.03191
84.2923
54.1685
75.8559
66.3016
52.4684
26.6678
33.269
12.6258
93.4253
63.8295
6.79916
29.368
36.0251
72.9246
80.3932
10.9571
85.0031
24.1505
58.1704
5.67336
68.3034
96.5813
39.5961
83.1176
30.8239
40.6901
4.72027
74.4
9.95662
23.7945
86.2313
82.1396
76.2083
96.6943
90.7619
98.4258
61.824
35.7799
9.50395
39.8563
57.0413
37.1424
6.50762
14.3553
63.6834
21.9121
97.3066
53.674
30.0749
41.0425
92.1093
43.1548
60.9521
57.3308
49.6858
95.7361
34.1142
70.5892
33.6374
48.1775
12.1007
99.3583
83.3057
41.5562
90.1026
87.0777
38.0086
57.1445
18.9467
42.8672
84.1186
96.1496
39.5598
11.6272
32.8445
13.087
28.2367
87.716
14.6371
7.47634
36.3148
86.0198
82.3487
72.3642
37.1894
91.2325
58.9597
87.552
86.3418
52.9115
31.302
45.8671
56.2619
73.4123
9.80491
70.0407
71.1829
52.9089
43.5142
82.3588
35.2272
16.5805
51.3448
73.2255
36.4322
55.3374
20.6025
76.8509
43.1578
73.2635
23.2765
56.4318
69.3968
24.0712
77.938
35.8341
10.4169
96.7003
47.8591
42.2327
82.611
10.8647
68.3472
40.2215
61.9594
20.2478
48.1549
20.8991
2.35529
25.3504
55.9276
59.2421
8.20024
0.0494393
58.5633
63.2537
67.2776
94.6166
59.3619
97.056
25.4136
82.2353
57.8136
83.7422
81.6575
16.3182
23.959
82.5833
44.2462
95.2714
74.6787
32.1546
8.9324
99.3079
80.4827
77.6054
19.4849
12.0467
26.2155
92.4008
51.1427
19.4104
91.5886
1.72741
10.9271
61.176
65.4429
25.2931
62.7008
50.9423
56.2237
36.3375
4.04783
75.8546
76.6172
58.1066
63.7352
65.5085
60.9983
50.291
75.9895
80.815
35.8295
62.7637
14.0147
36.0616
47.9932
14.9665
79.0119
31.8502
27.1847
38.2826
50.5568
5.5893
11.1329
30.8357
85.1482
23.2482
51.4419
28.529
66.0293
95.1121
71.6065
91.1798
98.8029
59.9146
16.7645
79.2757
67.6216
66.4324
15.082
86.7982
62.2201
21.4666
65.3075
68.4354
35.4302
36.8968
95.7333
95.8352
10.1892
91.4336
3.21223
42.6998
18.607
55.0868
77.8596
58.0135
15.3979
68.7547
17.2623
36.5703
90.6334
67.3346
66.8422
41.8995
10.2536
47.749
86.3087
95.4202
11.8112
42.0633
63.0667
37.3447
10.3503
25.5892
7.65839
70.5705
6.53669
44.516
50.5427
24.8064
75.7131
5.6077
28.0352
98.6381
93.3716
63.8491
41.054
39.1313
98.1125
67.1682
34.4877
4.70121
3.57585
24.1513
80.3484
21.6248
96.6833
8.17012
14.4409
27.1276
35.8875
2.63353
10.6409
83.2258
5.13956
88.9297
42.7667
0.906655
28.1542
17.6907
35.7537
92.2267
86.2047
97.9294
70.7871
29.2262
7.48613
43.8331
9.69132
32.5852
30.1573
18.0299
0.422615
23.5958
45.1952
30.4154
93.5193
32.9804
67.5721
46.5453
72.2422
10.3104
14.7846
53.1019
6.72946
58.3562
55.0452
99.2569
89.4764
54.9002
11.5942
96.2943
22.4245
12.5154
11.9125
72.9894
25.7281
28.4003
28.7664
67.7788
95.8163
50.2044
65.2455
67.8197
10.4663
82.3136
6.00551
38.1031
23.8989
85.8637
84.1499
19.2863
51.4669
52.056
66.7729
54.0439
94.5619
1.29641
68.214
74.4456
76.9315
97.0664
98.2578
59.6541
33.9129
62.8452
11.1689
70.6788
36.6406
65.3934
94.1836
44.5135
31.8489
12.7172
83.7068
52.0129
2.4116
42.4264
27.8185
71.2476
26.6142
73.8868
78.7497
98.2623
32.6717
23.031
14.3846
53.1361
97.4618
57.952
43.2982
39.4939
27.1355
64.5372
39.9833
76.9107
26.1897
78.3333
17.7725
48.2564
17.2027
26.6801
91.2157
35.4851
75.8951
99.2132
54.9439
58.7375
10.1361
38.9239
36.0312
72.8366
80.6912
76.6947
17.894
64.3235
32.1697
52.5112
61.7239
31.5676
75.291
95.9195
7.42751
93.9105
59.6946
98.1884
5.04806
76.5814
7.30586
84.4574
67.4289
56.4321
1.62453
95.3185
56.771
46.5931
64.2781
95.1752
46.2297
75.4836
24.3962
51.4236
16.2801
52.1691
95.6287
72.4931
46.963
42.7971
82.0146
66.4922
25.3133
10.9506
71.6611
87.9764
82.8467
78.0825
27.8337
96.8594
5.4822
60.5866
78.7249
8.57442
82.0397
77.8969
83.9141
11.1049
23.7318
59.6866
69.6925
96.4249
87.0693
21.0113
52.5122
0.885506
97.7547
36.6649
36.3134
12.9806
48.9383
41.9224
70.0934
62.808
46.6959
35.3873
49.1653
26.3006
99.3065
67.5739
85.3651
8.85487
47.5909
52.5933
59.1666
88.4691
83.8393
19.9545
26.965
38.202
88.6111
90.8967
54.0207
34.7894
17.9468
57.256
8.73452
96.6233
16.989
97.0373
98.8069
90.251
70.6671
27.4598
52.7934
97.9386
72.2145
95.3451
14.4287
31.3696
90.6693
31.6846
78.4713
90.9081
93.108
88.5702
35.872
36.9176
58.2107
90.8769
1.57119
78.2357
65.5673
79.8559
25.3295
4.86249
59.7701
50.8022
90.4687
46.9472
71.3481
76.3273
48.3949
47.5995
33.1273
28.146
54.782
63.6349
51.0489
84.8758
11.0325
46.5712
92.1419
30.475
98.9645
85.2294
39.711
62.7102
76.6986
42.0885
95.2766
92.077
64.4925
17.0203
34.692
20.4679
94.9146
21.8729
65.2837
43.1219
43.4261
84.678
93.268
82.6259
55.0236
29.8308
99.8419
66.8227
18.2351
30.0265
18.7534
14.0506
38.5081
21.368
91.1361
85.1951
11.3101
68.4986
55.9654
5.76834
81.4951
97.3961
97.0523
81.2066
25.717
95.2766
35.3149
93.4022
1.29773
64.5175
66.5389
80.6738
68.9409
36.0119
50.7975
77.5733
1.42738
61.2583
59.0573
5.87421
91.1176
4.67554
45.2717
0.735281
73.3548
85.7001
10.5148
51.718
51.2641
5.95051
98.4362
4.59555
84.6975
32.4748
8.38731
6.58694
20.1636
88.145
66.1292
92.8224
15.054
79.0239
49.5379
35.0208
81.84
99.7712
36.5484
1.28619
71.2287
98.8777
42.984
69.4212
6.26803
34.4518
9.34175
13.6162
20.8445
85.5955
49.6365
57.3366
11.81
96.2241
56.4654
44.5698
47.1237
34.7939
70.8835
27.7962
59.1189
37.4647
14.8078
92.6873
33.2062
0.485763
6.20585
62.0855
34.8196
27.9541
73.0127
25.9929
96.7012
71.5971
20.5446
36.4143
20.2867
51.6698
56.6917
10.0134
98.2561
53.0982
56.4736
96.8331
89.9528
15.5964
99.2444
61.1718
93.0714
39.487
79.7836
47.9683
33.5771
91.9649
72.299
87.3002
19.524
50.2001
24.2152
87.04
10.8131
42.7421
56.5896
18.9257
14.8845
15.9172
43.5666
26.3675
61.1118
70.8938
40.9432
18.7974
27.1097
45.6733
21.1899
53.0404
31.6857
45.5628
35.6474
12.3182
95.1577
10.5915
7.58997
91.7792
86.4769
84.9888
23.8868
0.697892
39.2647
23.0908
53.5635
19.6302
2.78851
24.4825
21.6276
35.5639
31.9264
87.799
56.6456
12.3877
61.477
87.4242
34.2276
94.7458
54.0088
0.249159
44.2924
53.7726
86.7775
37.092
6.80146
46.0454
77.4345
27.2234
83.3321
49.8254
99.285
54.6712
42.613
94.0149
6.03208
54.0678
59.3608
52.3851
20.522
12.9768
80.301
63.1632
14.4458
31.7753
85.6172
68.6702
51.2436
85.5181
7.70639
27.6437
99.0415
57.2473
35.9619
54.1791
30.6266
10.3657
40.8837
20.3855
24.8313
92.1299
38.4764
49.3585
28.9928
70.5692
44.145
52.7139
22.101
53.845
77.1262
53.3333
24.3443
36.087
25.7641
18.8738
83.9399
78.442
97.4697
93.9063
17.2025
5.40152
60.71
36.051
37.9057
65.4554
85.2033
25.8437
49.3719
51.2409
76.8137
45.2201
82.8907
33.8749
63.317
84.676
81.9335
69.2862
31.3881
61.1776
11.4413
39.1501
95.8101
93.4033
96.5532
12.4147
10.4179
21.9076
57.0034
38.4168
50.4727
4.79528
61.2398
37.0567
67.7262
96.1205
47.6779
80.6288
86.0278
54.1458
97.6432
35.66
37.7071
33.1767
65.7962
46.4089
65.1662
76.3609
7.72934
37.5373
33.511
49.9543
61.7601
16.574
96.1923
4.68077
20.2768
87.2508
75.0434
18.5089
57.0168
50.2253
35.2986
9.28978
19.727
85.8399
49.8655
4.11006
26.8428
28.0648
23.2599
37.9592
34.1468
33.5535
74.5212
49.4115
36.2733
35.8038
90.3904
94.5208
78.1359
96.6453
51.909
85.7048
17.6024
88.6343
12.3428
6.06251
51.6583
53.439
83.1308
36.1122
12.5617
68.1137
79.5248
84.6348
75.7708
4.86498
99.6234
51.9048
96.7273
68.0916
91.3116
0.0072937
40.9916
71.0522
54.5928
30.1793
66.4195
62.7788
96.9012
50.6712
94.813
29.8849
95.6781
86.2784
47.2379
93.6529
2.92943
24.1432
46.7968
40.6534
77.4457
55.0545
15.7756
23.2178
50.2714
86.8061
96.068
14.2672
11.8851
11.784
26.8072
51.6051
96.3252
70.0974
38.4988
37.4823
48.9734
49.7513
44.6114
22.9268
8.65962
16.3303
21.9668
15.9777
77.5889
24.2977
82.4024
42.5027
35.54
78.9832
16.7503
32.6211
69.3426
10.8787
90.7878
29.8275
74.9935
0.050142
45.1788
61.8109
87.9883
40.1039
94.8047
61.7475
20.4484
58.4079
62.4028
71.5022
93.8407
90.7117
58.5393
64.2124
96.022
10.2839
7.09966
97.0303
5.7055
35.9785
95.2183
5.0551
50.2124
57.6635
61.9981
62.546
3.786
35.6531
64.6342
46.15
61.7965
4.76265
42.9914
94.0749
35.3422
6.75312
21.0794
82.8718
19.3115
27.3255
19.0159
4.8309
45.3054
5.18321
20.6454
17.7883
38.5591
5.38639
72.7732
32.8271
30.203
50.8599
42.6705
34.4031
15.4791
7.64438
81.1025
26.9122
55.2238
44.0041
4.23637
0.819678
93.6587
29.9371
18.1827
83.1808
41.5019
1.27561
31.8565
57.9669
98.0412
69.2583
32.0104
0.31339
37.1119
3.64452
19.5317
8.25345
63.718
3.42131
41.6544
13.1255
22.7405
18.7932
69.1816
75.4853
29.0418
26.6445
74.2938
92.5367
48.2101
97.8575
12.689
68.6164
51.4343
44.4616
26.8302
17.5516
77.2511
70.1095
11.6798
48.2613
36.9843
63.3597
36.8858
37.2004
20.8567
25.3173
23.7897
76.5868
44.0445
84.5479
86.9771
5.07665
76.0877
37.0297
40.163
76.0205
16.2876
28.8552
34.2076
3.14502
30.3697
68.5576
41.7655
34.2055
68.6529
22.0624
94.2035
27.1158
0.179749
41.3888
53.8565
98.2305
2.31296
62.4677
28.1705
32.1479
78.3165
60.0375
36.9328
6.8679
31.4569
22.5445
11.8853
71.0961
0.804179
17.0187
74.9695
66.3113
31.3612
25.1811
10.2687
23.0488
81.8924
41.4603
77.1275
28.9398
84.6672
78.2956
69.338
68.2261
60.6982
12.7085
71.8574
77.204
63.2087
34.6174
50.1177
52.2304
49.8208
11.1116
71.7301
84.6344
90.1866
55.2407
22.3255
66.0446
97.4816
77.9504
42.229
89.318
12.0791
85.561
35.1535
59.4729
58.1118
72.2476
17.2712
7.69799
68.7119
75.4678
44.642
48.4954
22.2775
98.7798
33.4669
17.997
11.685
77.6565
38.7697
80.664
65.1182
83.3677
96.6914
57.9005
27.4615
89.8349
25.6259
82.7227
58.4162
75.4761
81.2991
93.6859
16.4397
38.7947
82.2802
59.2631
89.6459
10.0796
92.2783
66.743
95.33
17.3185
69.7095
50.3816
79.1841
88.8565
98.1875
19.9433
80.1531
32.9934
48.1667
81.9219
82.6505
66.4051
85.9778
6.54525
55.7298
4.91527
41.1069
0.170696
87.2578
97.5933
90.7657
4.36463
64.5719
73.8776
58.357
72.8962
35.946
65.1481
7.41815
54
90.0069
86.9987
91.2945
22.8646
68.6635
28.5798
45.0395
89.5989
31.1828
87.0704
23.1137
96.8401
79.4956
10.9698
52.7956
35.2435
77.2195
34.8274
92.0696
30.1496
65.9653
78.0422
34.0755
19.8322
32.538
89.3376
91.2378
2.77272
57.1616
23.1223
65.8602
46.8759
14.2483
91.6663
65.5174
91.5332
0.676903
76.2795
88.2269
72.829
9.03127
18.1
33.5325
1.0791
95.9724
5.86878
84.9412
86.3831
28.1564
55.1041
14.1346
4.1982
33.8846
27.4863
24.7921
39.3231
18.8999
47.0705
35.4847
52.9466
74.0628
39.9622
54.6526
36.1741
23.8541
94.7796
0.86717
44.7027
63.0967
5.21168
76.337
39.5719
85.2786
13.9729
37.6837
93.408
74.1199
60.8317
5.92447
4.64847
66.5318
73.6273
66.8374
10.9067
92.9256
77.5267
31.2661
89.0347
96.1319
29.6384
40.3738
17.518
62.6998
5.73367
95.7687
16.3035
66.271
