10
10
84.8005
22.3951
42.8409
42.1976
72.2358
49.9059
76.2249
96.4715
28.1398
64.409
10.635
31.9187
88.2143
39.0016
1.53639
42.1252
54.0666
62.0993
71.1188
54.4056
78.9756
23.5204
98.9868
24.3527
43.9521
93.8946
38.3009
50.8221
11.9589
5.41948
52.7699
99.6213
61.5894
21.1731
95.7562
48.8928
0.577597
40.4236
22.0344
2.70985
45.2141
86.1737
23.5549
91.7715
1.15771
3.71452
75.2397
57.8555
20.0116
54.9832
88.0254
68.8478
96.2054
69.5667
30.1258
17.4495
30.0724
51.9798
15.6734
80.6592
68.0196
68.0754
58.7928
9.19849
64.604
45.0981
70.1443
70.5494
39.4839
32.7822
9.57458
69.1585
94.4195
59.7911
69.2331
62.5073
84.4382
22.4595
65.1097
25.1276
2.83488
41.0763
54.2011
79.1413
99.2843
11.869
89.8634
21.2129
78.1807
65.0973
12.4447
80.6728
13.7176
12.0334
5.6803
99.2993
49.2857
69.8337
51.3529
22.6457
