100
100
68.7131
69.4213
6.47337
15.2334
21.2364
56.8455
21.004
28.0696
49.8739
27.6581
1.51237
93.5236
38.4998
91.296
46.0571
65.6865
69.3642
78.2356
72.6132
48.1896
35.5276
96.3694
51.2034
96.7805
28.6816
53.3547
32.9177
19.6341
84.8512
7.97598
16.875
34.5523
72.6779
19.0943
31.2027
34.3482
1.26281
11.2638
49.3302
68.5638
93.9972
74.8792
83.3362
90.8676
69.7311
44.94
3.40498
61.2579
2.31681
24.2158
64.5318
18.4942
87.2042
79.4584
25.3081
38.9818
94.6829
92.4277
7.72571
64.9484
22.8976
17.009
83.6628
78.8151
85.5182
74.8388
39.6632
50.2456
50.3029
19.654
44.1527
70.106
44.8144
77.5821
61.0625
87.2195
84.4629
8.59724
12.6702
89.6369
69.8684
87.5997
9.411
95.6628
24.3099
22.118
25.7816
52.3219
23.9781
67.6157
11.9041
0.404877
75.9915
75.0519
76.7254
19.6839
14.6748
72.9179
64.1881
56.2472
1.06921
92.181
69.2838
45.9749
61.0254
15.1503
56.9417
1.87471
94.0442
99.1327
16.0405
18.4049
87.2886
64.6874
39.7482
39.6818
92.9534
46.1556
71.0841
83.2072
35.9464
91.414
19.8352
30.4476
81.912
82.933
33.2014
46.4795
50.2864
77.6854
7.43716
65.1737
56.8933
78.2702
40.0309
95.6913
98.8147
99.6169
91.5324
28.8013
68.9691
4.35233
93.9648
99.7078
29.6747
80.7326
44.2389
62.2753
11.0461
85.1317
4.55706
82.4923
5.55779
99.4685
83.1037
40.6634
90.0585
64.7906
29.8793
69.3074
51.9623
42.02
80.1092
9.95673
72.2
69.0758
44.5859
91.3902
4.41466
43.4753
96.9392
29.0084
88.5588
22.152
2.15717
40.782
79.1665
74.2073
6.043
30.3506
48.3641
58.4693
96.8607
64.462
61.0095
10.0567
20.4519
11.5007
60.566
34.2846
0.937482
93.3418
71.7019
32.3758
57.2344
60.311
56.518
31.9603
68.054
54.0042
35.1079
26.9499
30.3623
21.6144
9.88211
51.0016
32.1168
34.6609
44.6844
46.7932
92.6453
52.6715
14.6906
86.1213
53.0437
45.7063
9.67751
33.0637
17.659
75.7971
47.0758
74.8577
89.6231
66.9345
73.0688
48.3252
39.1736
4.93893
66.4736
72.3245
6.15848
21.9103
62.064
55.4577
45.4401
56.6774
51.8596
55.0686
8.57778
82.375
37.7481
97.1672
22.5789
89.1099
48.0145
30.9697
9.49192
17.9058
49.4156
7.67751
87.8072
63.2221
25.6611
43.471
58.7609
97.3017
13.1019
54.725
51.6391
46.539
61.0334
3.32059
78.6668
52.4207
22.5846
36.3865
25.858
32.3297
32.0415
64.1974
97.8487
38.8831
95.0741
29.3069
49.4873
91.551
97.2506
92.8125
62.1795
77.4107
71.8371
83.2008
7.05647
78.541
58.1732
46.9241
56.0482
46.9409
85.0463
79.3502
47.3092
77.8186
71.5098
89.2147
89.3722
31.5963
48.674
42.6858
21.4547
42.2209
17.7066
3.47339
68.6067
6.41896
37.042
96.2482
65.2433
74.6743
51.5152
91.0969
21.3713
33.4334
63.9911
4.98676
45.0877
60.5331
78.3122
36.8059
31.9098
84.0728
44.9479
0.778274
34.7836
29.1535
56.0096
59.4126
7.60878
95.1653
87.55
91.3935
73.7293
55.606
61.6097
13.233
14.3967
13.1896
90.9453
13.2242
63.5835
25.6231
59.8165
54.6515
86.6872
64.079
95.781
15.7194
8.04332
14.7232
28.6027
11.0876
58.0808
75.5126
68.295
57.2762
34.938
2.21128
19.1546
93.2983
89.758
73.9224
58.9327
89.4509
51.128
58.1519
9.79892
31.8016
29.8601
96.8185
39.9791
31.4753
28.1801
48.8618
50.7039
30.8914
93.6895
29.2962
69.7139
41.0141
63.486
42.9091
76.4102
43.7758
53.674
84.9125
56.0142
7.65696
63.003
17.1438
3.117
73.0801
48.2568
5.7154
94.2213
78.9807
33.8807
85.565
36.8166
14.0452
54.3187
71.6475
83.8142
50.0691
32.6069
92.3197
29.7361
74.4445
99.2577
74.5399
94.2918
88.3961
21.0242
13.6908
81.5197
50.7196
5.92411
46.4565
1.1261
12.8694
20.4374
13.4915
74.6636
69.1034
40.1081
99.9922
63.5077
14.7896
35.2877
45.3095
51.0763
81.9736
45.1396
25.3225
2.06973
80.0602
68.3536
57.2134
29.2215
37.5504
70.586
25.5249
97.2923
78.9408
40.6182
93.62
38.0369
3.74433
59.5789
50.0342
59.3222
89.571
15.6251
13.218
23.9264
31.2968
57.3705
25.9732
52.939
18.0041
12.961
97.1802
99.2076
92.7994
71.3682
11.374
47.4394
11.3853
75.2387
0.244389
87.6377
78.2208
33.1229
14.5149
56.4245
36.0087
80.5442
83.3581
46.6846
56.3329
73.4879
16.2081
0.199475
96.3109
62.0748
28.282
16.3571
96.6433
18.892
74.9294
71.1902
88.9677
23.7109
64.9258
85.9466
46.0343
46.5671
36.15
63.1262
92.2658
23.1081
73.05
36.5066
62.7941
35.7234
28.1326
23.3717
64.5165
89.4669
49.7384
97.2091
62.933
67.2045
43.431
68.7432
95.7793
51.7626
64.5693
1.66166
17.469
6.53452
64.5785
32.7303
53.8599
15.327
2.93693
7.86841
96.5196
20.5923
89.2508
82.4966
30.8122
74.6503
85.9841
61.6998
33.0051
69.5402
46.6366
44.2083
28.8604
63.5302
94.6826
10.5078
77.207
28.295
31.1231
48.635
8.11788
31.1655
72.1179
81.5558
67.7368
78.9278
60.8615
55.7029
19.2329
56.4711
67.5236
40.0471
6.84876
10.3452
71.477
79.2713
70.206
31.5542
83.6276
95.8204
43.7099
16.0169
77.2981
63.3329
19.9374
66.7789
64.8759
96.7703
57.3423
35.4499
8.16141
85.8286
21.836
89.0393
83.7446
87.6357
88.9147
2.06743
56.4971
67.0618
70.8046
74.5622
81.7813
81.0669
79.4898
46.3248
47.016
25.575
11.3075
46.6656
44.7967
32.9761
62.4608
63.9979
86.6948
1.42936
93.9192
6.46481
83.2091
48.9984
47.3119
59.52
56.3065
97.4217
17.0108
9.73484
89.5656
70.3565
49.6168
64.7099
30.3931
5.42443
32.8379
30.1449
74.391
86.8326
14.7808
31.6625
9.84148
5.4107
52.6305
59.2333
50.2168
93.005
55.2226
22.381
98.8252
52.5604
27.7099
1.70608
70.9616
80.7599
44.5656
97.9673
56.6299
28.5302
46.3689
78.1478
71.6647
14.1454
92.1194
78.2255
62.392
19.0419
52.0454
29.1542
1.3896
46.5372
70.6449
97.1356
16.1381
70.97
36.2205
18.7377
23.9774
21.105
36.5564
36.8742
67.5806
63.3719
66.8889
50.5093
9.61508
29.0513
30.7372
12.5
64.9277
49.3195
47.2258
39.2607
42.7395
84.9343
65.1104
50.8498
45.2877
71.3358
95.6843
53.7032
34.3363
49.8082
26.8266
95.1653
1.39456
87.4636
48.1108
29.553
89.5736
1.46946
23.5752
34.5766
80.1391
39.1656
46.2341
87.7726
83.2502
16.8509
18.8101
38.7804
98.9929
9.18875
24.4979
44.199
32.4005
39.9225
45.6976
91.0758
87.1444
91.485
69.7822
88.0894
66.5338
75.8253
30.6817
40.1519
73.69
36.7257
42.1417
79.6765
70.7715
78.4654
35.573
74.145
60.8901
1.15911
86.9505
64.5375
60.1668
90.4297
68.6775
34.0745
0.152388
69.9133
59.1269
8.02068
86.2683
73.6945
39.8139
11.7842
73.8708
27.0511
39.2984
99.2817
51.9224
51.8699
44.2649
9.88301
54.6094
64.0748
2.29251
82.376
6.10597
17.9664
28.8647
72.8739
0.274798
2.11619
8.60772
34.8403
67.8221
34.2177
50.7726
41.5188
66.3731
67.3834
18.0283
59.7624
46.9434
22.0665
29.7706
16.0251
20.3197
73.9324
46.5487
10.2538
46.2502
28.4341
64.099
60.6712
69.1812
25.6805
49.6792
23.5363
83.2412
12.8547
74.9229
42.079
66.9363
40.4434
29.6426
6.94691
75.3096
24.7233
41.2192
95.1967
67.0974
48.7483
78.8413
9.71851
8.67439
42.7089
95.9186
1.11543
88.7135
84.3114
43.8856
64.7834
8.71182
14.5207
61.6802
18.5397
93.6964
97.0121
32.2189
54.7551
97.819
34.3995
35.1871
67.9108
65.3354
0.940254
48.6036
37.9479
59.7412
49.8575
52.0424
91.2906
98.397
31.7776
68.138
86.6089
1.51813
42.3231
93.1338
21.0957
59.7571
9.35756
39.8843
89.8762
30.2946
85.3435
32.2077
36.943
10.3053
23.8916
53.4993
23.1042
32.9483
95.9807
26.6657
34.8145
4.74915
7.07714
52.0823
8.02221
76.9348
97.253
33.8066
5.9633
66.4729
72.991
15.4655
24.3425
80.7501
12.0337
50.1393
67.3518
21.5158
26.979
96.0245
93.9186
21.8564
97.9347
70.5897
14.0577
7.07589
9.03752
95.176
71.3542
63.5361
13.8286
1.2023
5.77045
64.8207
76.4905
15.5607
38.2785
83.3823
62.026
77.6925
8.96671
9.06821
25.3783
85.7484
98.5187
93.6551
98.0248
89.1236
45.7984
55.6022
21.2387
76.0522
78.5693
62.7256
37.8427
48.6556
87.4359
26.1863
13.8179
23.8226
45.9623
24.4714
61.7518
82.3536
8.80233
8.70311
45.4999
61.9391
45.223
21.4427
22.4044
76.8274
90.036
0.34313
6.90038
7.64893
14.6392
2.78324
62.4328
95.6327
10.0539
31.3245
64.9096
78.981
64.1504
9.70291
48.3027
50.7232
18.9195
98.2314
87.687
5.61331
0.971298
7.90797
0.817097
94.4864
43.6208
47.8077
0.136684
90.3982
79.2897
55.9918
46.217
45.332
94.0966
39.7305
85.2788
82.4231
86.6465
47.0993
18.8103
70.8935
60.7232
70.9261
69.5312
37.9706
53.2482
79.3194
4.73662
42.6294
53.162
18.8222
53.0243
29.9152
1.7844
12.7919
35.3488
29.6012
72.7008
30.9748
94.266
46.079
41.2073
84.8466
37.4504
41.8626
7.74467
50.042
32.0592
65.2974
13.3239
88.5305
56.3897
47.1293
47.8742
76.6962
45.6261
23.8177
15.7078
74.0535
53.6292
27.1017
8.51216
39.6958
95.0761
77.4748
73.5742
60.675
88.6113
89.6046
57.928
52.7122
66.0695
81.4377
30.4419
38.2413
16.8752
51.7641
28.9178
39.536
95.2437
30.1463
24.475
76.831
70.5431
7.684
11.7494
19.5084
63.2581
67.6024
37.7603
90.5498
49.5196
88.0912
93.5189
94.0953
45.6223
95.5028
26.242
15.98
44.2754
23.2267
19.1558
73.7369
62.454
78.3084
37.4378
77.2083
93.8009
92.7404
14.1824
52.8362
90.5483
12.432
74.4237
71.7449
77.6745
87.9825
17.8897
24.4624
80.6902
7.19942
25.7012
89.7064
10.3996
34.3801
78.5727
2.769
6.55676
93.317
69.369
90.7561
86.6601
55.4008
75.1026
77.4864
75.3951
28.3935
85.6055
33.1976
16.5188
16.5194
49.7052
23.3102
38.7749
68.6722
20.1483
55.1092
36.6217
5.97706
27.1676
64.6433
43.214
19.9357
96.2115
32.8701
60.2634
88.3559
3.75882
1.76318
77.4352
6.44842
7.47352
73.9268
32.2051
70.1959
45.6043
79.0739
77.4847
82.4431
9.23991
34.8881
15.0612
0.314487
65.7885
16.5421
0.839884
23.1414
38.5957
99.9136
27.5627
38.5248
4.03546
61.2101
22.9784
92.8521
27.1365
6.42734
97.9602
79.8863
95.6396
75.63
86.3661
15.5662
57.4035
93.9233
92.8299
61.785
66.5887
8.88759
98.2385
97.2724
94.6156
13.6994
7.12995
27.1703
31.2204
2.01356
22.4388
33.2206
20.4201
68.7476
56.2074
23.6051
93.4467
38.2835
87.6088
23.7293
65.0221
39.7112
26.4556
70.3489
64.1179
10.635
49.6338
12.1356
24.5932
70.9355
73.8942
98.7841
90.0944
60.0157
15.7477
96.1881
70.0191
54.2915
73.0942
5.27451
63.3933
2.64943
74.6374
78.381
25.9015
63.2393
7.47452
71.9843
49.6229
28.027
64.4952
67.5106
11.7968
30.8451
4.24277
21.5244
74.762
39.3022
60.4158
51.5173
83.7182
28.7599
4.48673
6.87467
31.4891
65.03
85.2309
55.2007
92.8305
70.549
26.7087
65.6271
51.694
93.2682
13.9645
11.1106
12.5953
91.4625
59.2598
84.7722
10.5216
94.7644
26.7864
80.8725
38.7617
79.8985
65.6067
11.8442
22.4964
11.687
66.2592
68.0446
84.1034
69.5911
73.068
25.4191
94.4712
69.3765
25.0256
61.591
26.5321
53.526
55.5957
71.1861
77.0237
37.134
59.1582
86.6784
96.1737
58.2469
47.4353
76.5505
83.3703
26.9659
85.4249
27.7547
33.0978
65.7418
48.4645
55.8031
50.8186
21.9228
41.322
44.2846
33.9163
4.62462
94.978
85.0162
0.51041
19.808
13.768
48.6389
90.5448
82.8809
62.4343
13.8792
61.2751
20.8143
97.8033
79.1417
4.37035
75.0867
9.31457
48.1404
80.3607
82.733
29.9958
90.0543
91.5452
69.7264
17.7211
28.7304
40.7235
89.7207
61.6907
17.613
39.1053
54.7169
71.7666
67.062
77.6751
42.7513
80.2406
85.2534
74.6795
55.013
79.6615
35.3798
78.43
56.6715
13.6472
25.6863
6.30535
54.3148
39.0323
91.6376
87.147
83.9524
55.6905
69.5547
62.3519
28.5527
99.3856
58.23
17.7454
65.7665
98.0427
41.287
70.4615
59.6331
66.5274
99.622
47.5679
10.763
54.0484
81.3728
36.6312
91.7578
32.6804
55.4487
63.2013
19.4051
81.9461
89.7071
45.9025
18.9613
59.9108
88.1567
16.897
50.4878
11.016
8.78853
75.9004
42.5939
64.1501
4.99375
14.0591
0.700107
79.7645
6.48771
68.6524
51.0027
47.9698
43.4918
69.0641
53.6645
20.064
60.5626
71.16
36.1065
33.2867
54.071
52.2195
92.4878
48.9319
68.713
16.4097
6.0323
45.1844
71.7834
55.1331
66.7106
66.3465
44.6046
48.3105
80.8422
24.2256
70.5615
89.6394
52.8745
70.2899
61.8827
77.4142
85.5006
20.1286
78.4269
54.0918
96.9966
13.8442
9.78518
31.3509
38.7662
40.3719
52.862
56.9746
84.223
51.6554
13.054
51.4436
67.5926
55.4467
56.2936
16.4633
2.58859
21.1595
85.8901
64.9844
12.6891
60.9034
30.7913
29.6898
41.5867
1.19427
13.0062
19.1212
22.2277
5.99127
12.3046
95.5504
38.8977
62.6999
86.7669
70.3189
4.1883
47.5071
39.7783
63.8707
99.8064
21.2855
66.097
24.5312
2.90681
34.912
14.0444
4.77729
80.8067
40.5411
50.1995
30.057
5.22308
81.8503
49.0214
27.6161
24.452
89.8242
86.5183
47.8046
41.0606
69.1738
79.8657
90.2062
32.2453
33.8085
88.2557
61.8336
49.1587
27.7985
63.5952
3.749
20.2279
49.3832
36.2696
81.8248
29.7288
66.2876
67.9634
11.5664
65.8265
32.7954
86.3397
43.3546
51.629
83.624
84.5206
83.7275
14.8969
40.5275
4.00179
25.7995
8.78495
49.7225
86.643
74.619
91.4005
92.6601
83.9425
67.3624
19.4189
86.5509
13.2021
38.6329
89.6309
52.8155
37.248
84.4613
5.50541
32.6472
34.7908
73.3472
12.4704
30.1122
51.126
41.4116
67.0854
60.254
45.8127
5.30436
30.6564
79.2122
35.7244
81.8244
26.1061
87.3631
32.075
41.7854
18.2896
21.6148
38.2895
57.094
9.11576
20.9016
37.4942
47.8569
98.1701
73.5534
89.4575
60.1741
35.9011
97.296
67.6538
19.1048
90.22
64.821
11.0487
21.8964
71.4647
13.2134
98.3674
70.9251
17.0889
43.7873
26.7947
59.0852
12.834
2.27482
55.7613
20.6166
93.7616
11.6854
37.3542
13.7016
96.7375
17.0472
28.7356
52.094
53.0491
13.8124
23.8848
94.2402
23.4462
8.4849
8.40428
60.9098
66.951
53.3548
56.4648
8.22592
99.2286
78.4925
43.5633
10.1544
98.1703
55.5537
48.4349
85.8267
27.184
53.9325
7.9879
83.7552
99.4309
5.585
44.3587
22.5889
10.3232
69.5341
5.81774
86.715
2.19137
48.365
25.7506
9.99855
64.1332
66.0156
74.7352
89.7594
50.2492
43.2557
20.8328
64.266
56.2219
98.6363
41.0384
49.2051
11.0508
16.0221
41.4839
89.5589
84.3183
23.562
3.38308
82.5982
45.5196
43.819
2.2449
15.5544
5.68435
8.18552
51.8091
38.5733
16.9027
33.1076
16.9232
23.6603
94.2029
73.6931
11.6689
48.1188
48.1644
0.691796
61.2018
84.6069
62.8629
31.4735
87.0197
3.64369
27.1827
47.3972
65.8688
51.6825
78.2059
70.8337
67.3887
75.2295
96.0881
24.1379
99.4319
24.6171
75.8642
24.0977
45.7452
39.9982
72.5731
90.7927
59.1123
82.2907
52.0119
20.5308
56.1359
61.0156
64.0754
16.0438
55.3858
91.2728
22.9001
49.0291
27.0229
16.0193
80.7037
86.2761
63.2022
87.0405
88.5739
66.4522
18.9389
79.7724
60.4325
49.1548
51.952
98.0625
34.3231
56.4618
34.5111
85.1243
34.6678
77.6449
83.3246
85.6409
37.2282
25.4138
27.9034
8.05915
54.2457
61.7913
16.7466
64.2392
64.14
6.43753
47.3788
21.9093
71.4269
67.7293
71.6838
52.7985
49.0184
81.8452
0.214378
74.4386
94.7423
41.2353
90.3774
96.7504
68.4586
84.8632
74.7016
83.6095
70.0081
15.068
46.1185
49.8018
41.2849
23.4804
0.566677
66.0415
28.6294
23.7446
89.6824
83.0639
47.4465
8.53117
18.7792
75.5197
47.5581
35.8319
55.8085
5.79711
73.7648
29.0948
50.1071
70.5418
67.7977
80.2847
56.0624
71.7746
5.4076
15.0595
64.8056
93.1537
16.9863
98.5374
47.3642
45.1614
48.1554
19.9617
82.275
99.9301
66.7478
71.4825
1.71501
76.475
21.0719
89.8792
60.7692
39.0891
25.7503
10.5459
58.762
57.0096
42.3271
66.5598
92.9555
46.0383
27.5391
47.355
15.3202
86.874
53.2155
76.5218
64.1066
55.7357
1.42948
22.7763
88.7938
86.8534
1.90476
41.1152
11.8915
96.7234
40.6043
13.2645
51.4111
38.5234
9.5416
61.2408
40.4112
22.3405
26.2136
80.545
60.2223
30.5599
25.4615
98.619
55.8648
1.80062
19.3324
23.0011
3.46785
41.0234
48.7564
4.30197
91.2213
45.7837
75.2783
33.9475
12.795
44.8002
54.4222
56.8369
71.0574
47.2782
25.6628
19.03
98.9935
54.3079
40.162
67.6773
76.1292
16.3247
58.5324
76.5858
59.2665
22.2632
40.0984
94.0334
67.7911
81.2316
30.7068
62.2052
10.8838
22.5309
75.944
67.4514
26.6289
59.7693
42.0153
33.1795
48.7765
75.3711
72.6303
29.6071
63.128
38.7547
72.3591
18.6957
13.283
67.9493
71.4901
57.3325
25.0258
62.1329
88.1941
53.4306
65.2007
27.3799
82.1789
57.1145
32.7842
6.88672
37.0516
3.28966
48.4765
2.99162
76.1637
40.2638
76.2286
67.1803
36.1576
84.4214
26.4524
41.1095
83.6322
79.1409
35.5214
6.43426
78.3624
8.97591
49.7447
76.2006
62.6782
62.4306
97.1107
5.16147
50.7237
24.4054
9.09773
71.0983
12.4527
69.1696
38.356
27.2537
32.3334
38.0232
62.8493
50.5001
66.6703
25.7575
44.7132
4.45346
38.3099
42.5192
35.0562
30.8072
19.7957
48.8692
38.7448
34.3543
36.3705
63.1718
71.9925
44.2069
75.0323
51.0432
44.6633
75.3129
29.6736
8.94867
32.3383
84.5344
5.89147
93.8766
17.5297
9.74673
39.1898
14.9849
0.74308
85.8629
85.2299
48.2679
94.693
43.4801
18.3418
60.0142
1.97007
5.19355
40.5291
7.12178
17.2628
44.5601
97.0105
28.7521
50.3736
25.2149
65.2081
0.46917
73.4144
23.873
33.559
31.8407
50.0857
27.7713
96.8127
31.5369
55.1516
25.3365
88.4504
78.4507
44.9852
75.3923
29.3541
33.6151
93.7036
0.2588
19.9272
82.726
79.2317
15.2331
76.9184
35.7189
8.7134
82.6059
31.7307
24.5831
70.6006
78.9814
73.2018
0.881994
4.4816
2.73148
67.0131
1.96993
14.2862
25.2498
17.1831
2.99761
82.4823
58.5873
19.9086
51.6522
9.91078
22.3888
40.7484
15.4997
90.8656
49.3231
67.1738
26.5002
95.8395
76.8071
40.5785
71.5842
74.52
22.2671
85.5429
59.7204
31.468
72.6344
38.8146
97.1127
83.6863
56.2858
45.9726
22.787
68.1568
82.3574
86.008
56.9297
9.55048
42.7519
19.6048
9.44113
79.2098
99.4575
92.2363
34.1779
26.7013
3.48353
68.8362
96.4553
18.6076
69.4733
97.9115
6.1481
23.1106
76.4299
93.4655
36.2878
96.4487
89.1095
53.882
75.564
48.136
69.7077
61.1129
62.8261
41.2783
83.4202
3.37778
33.2861
81.6064
54.1149
23.3915
27.4232
11.6433
97.8205
64.0642
85.8238
48.3753
96.1156
4.10205
82.5891
18.2555
46.3791
77.4746
47.4406
50.9119
85.706
75.2747
0.345958
31.7206
23.4302
95.8085
86.845
70.1849
81.3495
1.53038
50.0117
27.9395
26.6288
86.6931
18.4471
13.5066
31.3672
12.8212
56.7559
48.4334
78.8448
10.7653
71.1902
41.7764
13.0755
97.8116
98.2256
92.6001
14.444
65.3505
64.1343
25.3496
91.9413
28.8519
13.0685
2.30804
34.9151
13.4587
46.723
0.266305
28.5701
4.13189
59.0634
13.3622
28.8226
2.4523
18.5168
73.6864
35.2163
71.1698
43.6206
91.4171
2.625
60.3608
23.1879
66.0984
36.0047
47.592
10.7323
0.594045
98.5063
9.27026
61.4496
26.7806
37.1659
46.7732
10.1236
14.3283
64.933
2.38636
65.1011
81.1859
85.5376
18.8351
39.8914
81.4756
28.9028
77.5942
79.8955
26.4907
82.2059
51.6651
57.6688
65.246
7.09285
11.8672
70.6485
57.8477
7.08933
27.0199
69.3323
54.643
40.4352
52.9896
67.1296
65.1698
77.7917
34.1359
82.1799
48.772
37.8599
66.5084
55.2413
45.4416
27.8348
16.74
5.88134
19.4631
81.273
23.0905
14.1537
74.6347
95.7825
18.69
32.1018
18.4088
86.9488
54.0731
97.4688
66.182
42.2858
93.061
98.1445
47.4287
89.8166
21.0835
76.0955
59.5064
30.3018
98.1915
26.7038
63.7804
7.98707
51.0999
52.4441
54.2663
96.2997
68.8065
67.3093
36.375
29.4066
52.4908
70.4811
11.1414
83.5794
56.8621
92.5486
24.0023
12.4086
68.3183
5.5775
71.2445
0.25033
38.5971
88.6815
18.1191
52.6716
46.9495
22.211
15.5136
21.3947
19.1483
69.7461
84.1123
84.3815
55.3542
97.6931
49.7078
83.7736
13.6813
72.2727
84.8756
91.7502
1.02325
80.6577
84.3113
4.68621
86.14
41.6734
82.0055
42.3385
8.42083
52.011
39.9535
37.0526
32.0713
43.15
9.50046
32.0354
40.1904
39.4624
78.9041
29.8739
19.7932
99.2576
61.4426
31.4982
60.5996
15.4244
73.2011
32.1302
88.8328
15.302
2.80067
50.8041
47.1297
30.4846
5.8136
26.6135
14.4655
48.1327
25.2493
84.8789
45.8919
77.2077
85.3161
59.0469
76.9927
75.7822
47.0584
71.8971
49.5772
1.42005
58.6227
81.0882
32.0437
63.011
15.9836
39.7092
21.3082
80.2026
79.2919
73.4949
70.3904
7.86936
2.61917
7.698
52.928
82.4209
61.5979
77.9877
24.5274
64.0498
97.8993
36.362
32.8699
52.1869
60.1631
33.4109
90.1934
72.6971
10.7612
68.9086
65.8228
41.5501
61.9447
78.7167
91.4102
48.2801
24.1219
39.5872
3.15691
92.059
3.42176
3.75778
55.1135
16.9518
7.69951
20.7091
85.366
92.8819
32.8371
88.7238
15.7115
81.6219
52.8698
25.1302
54.7361
99.4627
10.6832
93.7645
24.1542
59.5603
23.491
17.1195
13.7875
43.3531
26.6965
97.3854
88.2812
40.5377
81.8443
48.8157
48.474
68.9334
17.7862
18.8538
91.2885
85.0041
60.4201
4.59515
79.9479
71.3612
47.5102
74.0908
15.0136
37.1517
27.4377
96.7862
22.1777
66.6316
16.8031
77.751
6.59154
84.7744
15.5643
34.5624
30.2723
81.5872
14.6205
44.5378
63.7751
74.9187
39.608
97.1588
19.3225
88.4521
12.5885
52.2206
66.5383
11.2686
22.0957
8.48235
26.6453
32.2407
55.5573
78.104
63.028
2.65371
0.404309
27.214
16.1719
35.7186
53.2695
45.4768
97.4837
11.7869
55.3948
41.4362
97.9987
23.9125
42.5667
70.0404
13.8067
65.9589
11.8163
35.2059
40.4678
73.2848
38.369
62.1378
4.96991
27.5204
50.9279
25.2208
6.06941
81.9945
15.372
33.5453
7.1319
23.9835
22.0579
31.7202
56.5894
45.1486
63.6458
4.08009
24.9122
13.0892
82.4403
70.4266
24.9549
97.197
71.6557
51.6787
36.4333
52.2881
69.9793
94.7547
60.9916
72.8464
18.3098
0.646183
78.4188
54.584
34.8002
17.0644
6.56667
95.6992
7.62581
33.4219
0.872364
52.4933
88.9274
75.7734
5.06845
53.704
89.42
11.1704
50.4848
38.8889
20.4036
6.59935
16.9272
77.2331
27.981
71.3263
95.0159
73.239
84.8546
42.0618
0.453173
72.7964
1.57389
73.511
74.5904
75.5455
86.6856
73.4094
22.3807
17.008
54.0941
22.4718
98.945
76.4258
86.6521
59.8104
29.8128
82.3599
45.6931
38.9057
81.9124
84.0725
28.8462
30.5932
92.6698
95.012
52.9935
23.1007
1.31149
5.03319
55.0657
49.2558
11.472
90.3548
25.6257
31.785
78.6705
42.5901
45.6423
19.8066
99.2225
81.3302
54.6558
51.6104
78.2587
85.4981
53.3348
28.4192
36.4127
19.4248
18.7179
48.8404
54.6656
36.0516
63.459
0.815778
72.71
89.0366
52.693
55.2905
31.2981
70.4491
27.6952
97.9601
64.5432
43.2751
63.123
11.1465
31.3289
75.1122
64.2499
89.0168
25.8733
25.6104
12.9385
75.9381
7.28062
29.2658
9.57509
17.9581
75.1607
30.7889
56.7347
44.4765
83.49
23.339
47.5142
28.0244
29.056
38.001
85.4971
43.5588
1.45882
97.2271
92.4834
12.5244
13.4512
13.5506
17.3465
87.0483
83.3108
4.5224
96.1715
73.007
94.4446
27.1883
63.8728
43.75
28.7188
13.7364
66.7757
98.9709
22.0295
81.8071
41.1507
29.3589
20.3253
76.5538
16.4525
39.786
62.2003
32.7422
28.1223
83.7148
88.0446
25.1574
9.27533
88.804
0.495027
53.3588
56.5529
42.5764
44.2202
4.76782
19.2879
92.8366
22.1274
85.5786
93.4835
86.8285
23.3547
83.2482
1.6858
57.9793
86.7602
33.4292
93.0238
27.2103
36.6103
21.5163
38.4622
99.7734
18.0781
44.6186
93.2879
76.0345
91.3102
19.3533
58.492
48.8104
20.0406
28.9857
79.632
10.137
76.7089
57.8903
38.8074
6.45726
91.4991
14.6548
1.46085
27.8537
34.9449
91.0536
18.9313
21.1397
65.8902
39.7095
71.1422
14.8373
22.1565
95.8697
37.1883
32.2756
29.4459
46.7382
28.6834
61.057
85.1191
69.8531
11.8728
13.4485
70.6603
71.5757
91.3663
68.9812
61.3043
84.3802
29.32
6.23103
55.1009
36.7406
65.3873
50.1716
1.16713
62.252
31.0777
92.9963
29.382
52.5522
82.6561
77.8768
29.7487
72.6203
82.4896
5.01361
81.1511
7.85717
75.1341
34.2634
46.9042
89.3924
66.3952
32.3837
42.4854
46.8712
99.5501
37.0548
41.8509
44.2718
27.7687
82.7609
54.8743
59.3783
79.9031
49.3949
33.1798
4.13673
5.80851
76.2624
23.6641
91.7144
16.7983
8.17401
88.4062
68.7669
23.5344
81.8511
4.37459
37.9819
59.6155
87.8213
99.8643
21.911
39.8201
73.6715
77.9107
88.8715
5.01279
39.9754
52.6002
55.1114
11.3438
49.9243
32.0409
39.3605
35.9331
15.9839
37.3011
79.7914
89.767
20.3088
8.20161
93.1335
74.9348
47.0949
81.6101
80.132
50.3647
97.0797
84.8885
79.4219
83.9986
89.8479
3.18823
96.2219
32.8496
39.1725
0.403719
22.568
63.7836
83.8346
58.4091
47.3624
47.9772
24.3293
26.9931
32.0693
33.718
83.6106
42.2662
10.2811
48.6068
88.2894
65.9966
12.7567
81.5829
15.3414
61.9286
41.2736
72.1887
83.0892
78.5393
51.0451
32.5158
71.1776
80.1835
77.2338
80.7641
15.8356
87.7903
3.21443
35.7736
41.1243
57.8725
21.1439
31.7599
75.6027
88.181
5.98273
39.7018
23.0903
60.2927
29.6694
99.9974
44.4308
67.4994
59.1805
43.4771
94.41
55.3159
2.55315
86.1749
11.961
91.6961
38.2751
79.5105
87.8766
86.9621
74.3856
88.1764
16.4874
37.6618
48.3512
2.92507
28.8066
33.6277
28.5637
0.723807
91.7175
32.1303
76.8071
2.90454
97.8154
22.0434
38.8195
17.1344
98.4551
95.6188
11.8057
83.1777
18.7062
94.9347
71.2885
94.9099
25.0689
18.7347
17.2507
13.4384
56.8545
33.779
99.9938
64.2267
94.4099
67.4927
17.2446
89.0134
29.2521
34.1376
25.2409
88.2205
82.5124
84.4163
37.2667
23.7849
51.5505
42.0586
77.8411
23.5896
51.4374
40.7413
59.479
22.4235
36.0777
44.2876
68.3874
20.1116
77.0182
58.4652
62.4551
76.1565
5.17266
39.882
89.6922
89.3207
17.4256
52.7731
68.6454
55.2614
94.6658
7.47953
9.30405
96.217
22.8404
72.2144
41.16
9.88298
51.1434
45.7623
27.8636
54.3723
73.6582
76.4468
93.6866
14.051
98.5636
89.7306
84.6364
28.8347
26.0457
7.22316
9.48308
92.0918
84.4586
19.1355
37.1752
17.9811
37.7644
59.1708
26.3892
17.8623
36.884
86.9298
63.9384
80.3837
57.2322
64.6743
95.6075
48.5275
10.1149
98.0174
97.5413
65.6253
97.7529
63.3838
56.1319
77.6249
51.0517
2.26579
56.304
35.3453
67.8095
12.0562
98.1551
36.7101
99.829
0.256461
47.7182
77.4377
58.533
31.3841
61.9549
7.53459
2.03249
55.8308
35.6624
67.628
13.3628
58.2929
83.3513
79.5153
59.5404
13.2581
16.3824
76.1241
49.4144
11.7912
96.9893
31.8782
98.0482
14.1205
57.9727
28.2062
56.4866
64.2533
2.14451
33.672
64.2534
25.0778
6.5265
1.40506
20.1926
55.9192
19.4
1.4581
60.0883
56.6548
78.2924
91.7916
95.8802
11.9242
72.8913
21.3597
79.9091
91.5671
70.6257
14.1442
13.8693
25.6347
11.3787
25.9739
49.5418
17.5347
14.5558
82.3721
54.4687
18.3301
97.3989
41.7507
37.136
49.4365
47.7207
76.9064
59.5491
57.5113
57.5335
79.127
96.7404
39.3728
51.3895
53.0518
63.964
81.3684
70.6888
61.285
83.6183
37.0611
45.4177
81.4608
65.1056
46.351
20.2216
80.4508
86.6005
81.3381
37.8045
39.3665
43.6106
48.4164
45.0411
19.9313
97.3225
88.0501
55.5466
74.4766
89.8529
1.12324
69.1244
24.3718
98.8732
59.3613
40.6665
45.2079
23.0917
95.2232
96.6214
38.6788
31.9003
47.282
84.7166
20.6726
48.9061
31.9274
16.0756
17.3985
30.8026
42.2265
53.3057
90.5636
4.61464
70.3358
60.155
76.2649
89.8017
59.5201
51.2565
72.8789
61.3985
27.6151
10.6377
50.4243
55.7024
26.7289
86.5727
28.8852
22.381
76.9641
5.91545
34.1188
48.7533
7.42443
88.0656
43.7496
57.9993
92.4249
93.8218
50.8542
6.80541
22.5291
7.24554
50.9656
72.4205
28.8566
23.6666
74.8766
27.7669
58.367
28.9116
88.417
97.8149
16.5738
4.86997
10.3907
76.4928
10.1904
25.4793
58.9689
13.1847
25.9439
69.0684
80.6041
24.2132
2.61018
71.2488
19.9341
12.4694
12.4428
14.0819
75.5626
31.3807
82.3759
27.11
22.5585
41.9681
92.1494
83.6339
94.7165
59.5177
82.8383
96.2685
91.7749
31.3764
84.5717
41.1569
82.5095
34.4799
14.3975
41.5606
35.5564
82.636
86.1009
23.9719
31.8424
6.31399
67.8976
93.2361
64.0653
5.97749
53.8215
39.9157
61.1384
46.7005
40.6635
38.3359
15.9659
20.8343
88.0335
38.8665
38.7399
8.37918
42.616
53.5232
21.5563
52.1182
62.6925
55.6761
84.799
16.7664
98.147
55.4085
22.3121
76.2567
23.0892
25.6386
80.7347
37.2608
83.2206
50.5575
38.1944
27.8672
53.9591
59.5905
73.9024
30.2776
37.3881
98.0533
88.1532
91.1743
41.4536
26.6783
53.9892
65.1906
5.24807
62.6557
18.4033
92.5284
89.4384
14.3111
9.56728
70.2845
69.4985
20.5291
77.2235
89.0157
1.62782
42.7329
17.4495
20.8681
99.8342
16.4476
82.6529
66.7633
56.2372
15.9008
22.4036
37.3413
74.6311
67.8075
17.6033
54.7008
89.4075
1.95599
9.10068
94.692
92.3923
44.6907
99.7769
53.2088
43.0478
35.4705
9.55255
73.8525
42.4068
46.5192
95.1794
96.6896
64.7184
8.72775
87.4944
78.9849
42.8847
22.5209
41.8192
2.96997
49.1726
7.36423
0.00380967
70.5972
18.604
39.8693
11.4756
27.5943
67.2623
51.4903
3.07396
79.7767
33.4057
6.87147
82.8798
30.165
48.7814
2.65709
74.9994
49.1319
16.9249
16.8351
19.7933
17.2971
70.7842
16.204
34.4687
37.8516
31.7163
66.4758
76.3158
49.7114
23.5893
51.3612
40.1168
35.0538
16.8631
39.3649
93.6842
86.0676
13.4774
32.6898
69.6019
59.3094
82.3121
63.2384
81.0425
58.1196
99.9097
52.3039
79.5394
77.0476
7.44
45.4134
72.7204
46.6279
67.3423
97.1363
84.584
47.3563
20.7334
83.1947
22.5981
55.5012
36.6745
64.4913
7.77684
15.6031
27.9074
31.7222
64.6056
62.2851
89.4818
68.0023
17.8472
90.9635
78.6807
52.2631
44.6482
84.4492
20.2212
32.8786
68.6734
93.098
39.9674
42.2917
12.7438
59.5021
65.4609
27.3836
57.6774
96.9094
79.6642
27.2975
71.2959
54.9214
6.30214
25.7128
24.5581
70.4009
73.0418
68.1312
27.8935
21.2725
78.8783
33.3906
63.3584
70.3608
74.1483
33.7821
20.8719
99.4093
48.6455
90.3477
86.8117
69.8579
45.0101
11.6702
67.3618
11.173
92.9535
15.2477
77.8657
6.48623
88.1482
88.9499
87.2302
87.6122
10.8017
31.5205
29.6634
57.1646
6.11755
61.9251
93.5315
56.362
2.58973
75.6157
35.1431
31.7286
48.0308
55.4315
64.0872
21.2022
35.7188
98.1908
64.1898
36.004
54.4797
83.4831
29.5281
14.4542
22.446
24.6926
4.1365
5.85826
31.297
33.4727
21.4783
34.5736
85.703
93.7743
16.245
48.1227
28.1552
88.223
73.9024
13.9711
76.5326
30.1814
9.38498
63.5975
70.5947
23.8808
7.3642
61.2408
79.1944
67.0891
54.0338
70.1482
41.0112
34.3378
25.6079
53.2072
12.1345
65.9824
32.7891
94.8623
27.4808
17.5672
26.2854
88.154
99.31
97.5748
43.2134
45.639
3.24467
27.0889
4.92256
54.5708
73.613
87.4574
43.0459
39.8582
39.3864
76.7323
75.1837
1.01923
12.311
22.1501
66.035
53.4412
80.3532
68.6025
13.1844
7.63688
17.1558
47.8151
9.95242
73.1424
76.3832
37.1958
35.5186
22.6906
44.6035
56.5346
35.1815
96.6941
36.5807
0.302185
49.8382
77.3689
83.2128
14.0652
52.984
63.1549
99.2685
10.6668
55.876
75.4172
62.7106
0.122986
68.2134
59.5279
98.667
55.8997
91.5396
35.7766
30.773
59.948
97.344
33.1466
83.0584
52.3479
13.3116
29.8634
19.5328
79.8513
66.7944
4.64083
14.8459
66.6593
48.7463
78.2386
25.8075
69.3866
0.65695
79.7243
53.4174
15.1083
15.203
8.70948
86.0051
15.2469
28.9886
29.9395
89.6519
89.5937
87.3215
27.815
6.90717
1.11524
35.7856
33.753
26.4058
82.1551
65.8854
47.3403
58.6149
46.7187
91.4903
58.7644
93.0004
25.0849
84.1376
97.8769
17.8142
93.7111
30.7869
26.6809
14.0984
93.3109
46.0381
17.1643
54.7539
2.99558
3.74139
50.7024
40.3123
87.9969
65.868
15.5
61.5383
30.2432
47.3963
19.6319
98.5198
99.8662
37.9324
16.3364
60.3559
85.5783
15.5726
69.0597
35.3535
17.8657
51.9377
44.3862
96.2948
99.2061
30.1757
65.0384
26.5262
59.2296
36.6364
55.6462
6.11399
21.8616
24.4963
60.718
99.4615
94.3895
2.60697
28.8495
28.9487
7.44669
9.90285
21.6498
94.5923
62.8117
56.7464
5.34263
38.5631
94.0484
80.8382
77.7934
39.4602
78.6921
52.3207
26.2841
81.5949
38.8975
41.831
11.9723
4.19811
4.53838
14.6256
25.9482
99.3844
10.9935
34.8116
93.8392
73.1095
63.8227
61.5571
6.98044
55.9788
15.596
64.5856
51.2281
85.0971
29.6489
26.0157
28.5478
48.1288
28.1204
34.5798
48.5413
49.2054
15.0193
46.5921
98.9768
36.1613
94.3593
42.1005
29.4836
88.0834
6.77971
4.04786
16.7257
20.0578
93.7061
39.201
67.9382
23.675
66.3667
25.8192
34.3587
60.8431
35.2115
14.791
5.87411
31.8545
39.3461
34.1236
29.3779
1.31665
9.09191
84.3726
20.9078
82.5192
85.6042
27.4825
71.1962
18.5413
94.3743
20.0681
17.7571
85.1928
18.3531
44.4443
88.827
15.959
67.3358
46.162
15.5953
52.8066
68.6207
90.3657
54.1095
46.8561
7.9919
91.7971
22.9082
6.68039
78.9507
8.75543
33.9713
11.1096
12.0132
75.897
92.6019
94.1107
38.838
96.2559
84.0838
93.689
52.5146
73.5237
63.7278
87.0926
40.3115
86.8899
45.2583
44.2933
59.193
10.1229
32.7088
0.509912
51.2865
45.9414
0.47166
38.1753
87.2527
74.2531
11.7501
88.8094
96.1404
84.771
82.6482
5.93892
83.6573
72.8337
92.4679
54.874
50.9167
97.8995
45.7121
72.7684
88.903
21.9697
41.8572
33.6463
47.383
70.0399
40.8043
4.63923
14.5525
53.0334
84.1238
63.1866
88.9269
66.6212
74.4348
19.5255
15.8979
21.4177
88.7918
95.5612
39.0009
84.8451
92.2216
79.346
77.7913
37.6824
51.8359
49.5564
87.7375
55.6501
64.2182
63.5276
28.6807
5.3008
10.78
11.1372
32.3599
65.8632
36.846
10.2707
37.0279
91.9799
57.0454
53.9844
92.5306
88.557
37.3
60.1586
11.8259
42.8265
39.9546
22.8774
90.5527
36.8909
93.6024
98.8194
25.813
50.6665
43.7973
17.0413
33.6424
37.1579
44.9308
56.9292
79.399
52.61
29.1452
71.4551
31.7212
11.0594
14.5238
69.4553
30.7341
51.0388
60.6146
31.9134
87.3531
29.5217
52.5982
53.6922
17.2245
23.8107
43.5497
53.8272
49.4646
79.7612
71.4584
56.025
56.9771
5.34977
87.5774
53.8506
23.1818
65.5562
49.7781
46.7256
56.0874
12.4342
57.5941
4.86509
75.1528
55.5894
19.4356
62.1816
50.7654
33.8168
21.4132
1.05539
6.56581
5.70977
68.7599
81.0347
33.7543
75.6807
24.1112
30.0635
27.7189
44.9606
45.8991
7.40973
36.7452
44.7093
25.2186
70.2127
72.952
43.3149
20.7474
87.2333
84.1776
81.818
81.1198
69.0677
0.0989995
77.2527
87.5994
29.0498
14.8778
84.1565
99.1412
94.1138
33.6055
65.3628
32.9492
91.8617
60.1698
85.24
93.5941
65.8552
71.719
76.5388
52.0085
97.8585
26.1672
70.745
15.4584
30.4669
49.7698
3.03665
42.7455
54.3494
72.1693
96.6307
95.2188
68.8576
79.3919
13.0459
14.7364
49.7655
2.58368
5.82002
49.3883
14.5432
34.8783
68.4966
46.7868
8.94726
11.6155
66.7078
33.9704
76.3193
8.24644
68.6182
99.8025
39.5824
36.8137
77.0226
31.323
36.729
27.6297
14.7248
18.5799
6.61292
56.6279
22.0402
22.4665
69.9852
26.055
5.16953
62.599
56.2813
24.0568
41.7681
70.3311
99.6974
8.18795
43.3028
35.2541
52.9041
83.2702
19.6086
55.0042
3.44007
55.7322
16.8935
76.9049
32.7432
91.745
11.5676
32.8774
54.4982
33.2363
3.91463
51.6725
87.4567
60.5848
10.1758
7.94725
64.0423
46.9346
33.0282
8.34372
8.70547
99.4221
51.3051
17.1584
43.0127
56.1261
2.4217
26.5594
93.8959
63.8531
6.38331
34.0501
37.4017
89.7402
22.9894
5.63128
53.1497
75.521
98.0146
68.7487
49.6393
70.4247
87.4298
32.9621
38.0049
43.8603
87.7364
98.1217
20.8125
60.316
26.6202
11.5214
92.3421
26.525
1.86922
85.0551
1.59696
53.3317
68.0101
7.34863
34.9003
40.4482
77.2881
24.5481
0.285035
5.41007
55.4549
26.8054
40.2404
36.5652
28.3644
87.1182
85.2745
6.06297
45.1465
72.4733
59.7355
65.6716
22.7417
35.8964
85.2583
88.3939
15.4631
45.6299
73.6962
3.94106
27.8147
47.4965
85.5604
24.2517
51.5709
14.558
64.6211
41.6489
16.119
82.0116
89.4858
52.0029
94.896
91.8685
13.2285
20.9861
31.9186
87.7588
8.05601
72.2877
68.547
36.6661
72.2575
84.6271
8.66285
7.92941
53.3995
31.4205
64.784
60.348
89.2522
82.8136
33.1249
37.7924
24.2026
17.2921
94.9054
68.708
63.8494
98.4294
47.3009
67.288
48.512
53.9031
43.7439
85.9631
93.5203
87.7743
18.7033
61.7749
36.9896
82.3689
50.5105
51.704
42.3859
53.8108
4.4933
31.3627
89.3692
75.3326
38.7577
37.3162
11.1366
79.2647
32.6607
71.1728
72.9093
23.6744
75.8367
48.301
45.192
94.1752
89.3678
51.9616
46.6635
24.535
43.7792
74.797
84.7497
77.9014
41.9537
27.0219
25.4371
94.899
11.7932
61.4394
78.2896
30.1548
86.9606
97.1596
45.7314
67.3766
39.7299
66.1501
56.6196
29.7385
58.8732
19.1471
37.4817
42.7475
67.835
32.6967
82.3515
50.5479
83.9828
5.04103
95.3792
67.2842
50.3362
71.1184
24.3655
45.3407
74.382
88.9083
36.1439
70.3759
81.6578
51.2788
94.7067
70.9328
64.8963
42.1106
40.2798
97.0086
33.0653
28.9774
71.9759
50.3872
49.7633
28.2209
61.16
16.3827
52.0139
26.7241
48.1416
77.5837
59.6958
96.8393
63.938
29.939
84.471
64.9297
10.6559
34.4454
88.5043
71.5449
91.7753
87.7325
23.7648
97.6295
27.0653
94.6974
69.3909
79.1451
4.28584
24.1274
50.6313
11.098
6.0968
36.136
18.6029
0.149017
48.2727
64.9992
58.4156
61.8075
77.7452
77.6303
10.3183
9.35195
63.4649
9.71363
32.9903
80.6087
16.5568
57.3171
1.71725
67.2069
77.6949
67.8229
90.3129
27.4172
14.6028
95.8552
92.3475
64.8247
79.2935
63.2693
47.3716
95.4408
47.364
77.2635
26.8605
43.173
77.5484
30.5221
20.8243
12.5608
30.0009
41.8027
1.35763
32.6181
10.5728
97.1511
47.0426
33.7244
2.34683
82.8253
21.6838
61.1556
16.1434
90.7447
91.5928
4.62708
31.4671
20.2273
84.4041
88.7017
63.5883
95.9877
33.092
7.63936
93.8005
93.6521
55.432
35.3907
16.2166
65.0716
17.0504
39.4363
29.0723
32.1655
88.2289
1.17417
79.2545
26.1308
16.9322
68.8525
36.2809
70.0906
13.5323
39.1548
85.3584
23.1129
91.1555
44.5717
32.1661
16.5265
3.86186
44.393
33.0482
41.1278
9.85881
91.2451
61.3263
36.6839
55.4744
17.0655
7.59606
16.9283
13.1556
92.5929
90.189
85.3416
88.2112
38.0535
45.8681
82.1206
73.0553
62.0788
38.7309
12.4899
54.6885
3.52235
93.1472
87.8835
53.8386
7.91838
27.2509
90.835
83.2097
59.9032
5.98221
85.0297
84.1675
37.9367
7.19735
47.385
89.4311
6.38957
64.3602
60.6495
7.75784
36.4068
5.06624
2.16189
64.1019
36.1747
56.5771
66.3754
41.6939
8.77161
6.37465
22.055
30.7125
18.9283
39.7079
50.9635
64.2593
62.3723
72.2189
81.9987
84.9503
83.4137
82.9549
38.7072
60.649
28.4823
97.7767
33.9784
86.16
75.7713
26.9744
56.3937
75.7249
85.6045
96.1508
11.6611
50.0374
35.0275
44.2652
62.4751
68.5047
16.2224
80.8741
30.9393
20.5917
75.0133
18.1642
37.4617
38.9384
54.435
32.4644
9.59366
13.2987
48.3151
22.073
87.1599
76.9333
79.5204
2.75611
80.4117
91.7974
22.1656
2.01892
20.3382
4.1153
78.9306
0.132174
29.381
20.1305
73.9475
2.89444
11.9451
88.1094
34.3741
92.3144
5.62047
65.5439
94.2035
64.1533
54.086
77.5244
68.8586
97.1514
35.551
52.5677
50.6974
27.3436
42.0515
46.9474
41.081
26.1372
74.6635
18.2809
30.0918
29.2923
78.1246
30.4524
66.2237
99.3959
87.4406
0.292465
37.3101
92.7261
63.0252
12.9442
71.3666
29.9694
91.6794
36.548
49.1064
88.3838
95.7323
55.7662
60.1742
62.0898
33.6307
94.9408
19.4289
5.20774
69.5663
44.9435
78.5477
89.0184
40.6659
43.5404
28.693
80.2073
91.0615
43.3232
96.2024
37.2764
10.8529
42.8504
60.3283
10.742
90.7591
2.62532
85.1955
45.3831
68.0381
65.0679
78.1677
15.7342
33.0304
15.9894
13.3026
66.5265
51.0985
70.3612
29.9141
23.345
95.3488
19.2955
1.2347
33.362
88.9268
36.771
16.7507
49.293
0.688709
81.6955
74.6955
43.1835
86.8273
37.3982
81.4169
10.2851
83.643
58.3812
64.0197
48.0791
86.2847
24.5126
86.3386
80.652
12.5423
24.3628
14.1292
44.2716
50.2547
83.1898
10.6657
21.7799
39.1674
50.7386
94.823
2.14688
57.6472
76.8313
75.2218
55.6634
65.029
72.2131
55.0309
11.5388
97.0778
35.6273
57.2745
96.5227
5.06193
90.4557
46.922
97.7763
79.9053
57.0939
94.3856
59.7296
8.09028
69.321
44.1846
76.3993
29.9465
33.3823
77.079
53.9758
66.4493
6.20432
44.8831
31.0403
31.2722
95.5946
30.4266
40.252
69.9498
71.0471
63.3207
54.9888
88.6479
17.0345
75.0017
13.2193
80.203
68.6341
74.0236
5.84758
17.887
54.2984
23.8976
34.5777
64.8128
23.0197
74.5213
91.7249
56.243
68.0583
10.2641
3.36631
30.3446
59.345
44.4591
16.0148
2.32509
26.8799
26.3961
58.2722
3.88968
35.9369
86.1784
51.3378
62.7425
48.1484
48.3392
70.442
57.5855
92.9686
64.9224
5.76612
90.4817
2.61305
52.767
26.0901
82.6375
55.865
57.1583
36.0881
46.9416
84.1039
83.9752
10.1957
25.7033
53.0559
74.4475
10.2362
31.6708
80.6332
67.0036
40.0849
93.1098
38.971
80.5198
99.7438
96.7151
21.5217
51.6383
3.93488
64.4321
18.1667
58.4836
17.4093
74.4619
31.6427
30.647
28.5124
10.6468
72.5062
97.0845
23.528
19.7302
98.1587
16.9975
5.60324
0.547442
74.2758
29.0828
37.8782
6.51716
12.6943
48.1989
99.4029
35.9313
92.9382
67.1689
82.3859
44.2922
5.00766
51.0712
8.09995
3.5125
91.9777
62.4863
29.1658
4.75865
1.47547
95.6031
60.284
77.6767
24.7727
24.7869
94.5144
5.73079
89.3375
80.4884
37.096
29.5756
61.6301
24.2184
29.2151
53.4838
80.4224
43.9939
16.7827
33.1557
16.6817
30.9132
67.5926
30.979
79.1783
95.0748
8.44046
88.5972
43.6065
60.7388
18.9217
53.4459
21.0385
2.59086
94.3351
3.07404
31.7994
22.0662
51.0589
12.6369
49.3112
18.9811
55.1773
37.0939
52.5636
97.8472
91.336
1.48314
43.3933
20.5411
75.3573
6.38465
19.9564
25.9269
23.4317
66.1894
46.3793
65.6981
2.00141
98.7612
64.0262
70.09
1.86532
68.9173
89.5647
48.5144
51.4078
7.97146
56.4283
98.3257
56.8015
79.069
68.33
62.6394
52.8696
40.7085
63.5709
65.1257
69.0874
82.0084
18.9684
47.2146
50.6637
0.0828599
13.8797
99.2013
65.6402
18.721
96.8955
76.6102
23.3415
97.1276
78.0516
13.8173
14.8751
68.7064
26.6478
81.8433
74.5046
36.2667
70.7538
68.3875
64.9878
52.5504
19.3719
49.4347
9.52302
74.4756
12.4467
0.0770286
87.1611
0.759725
87.6732
66.1011
15.5449
32.9437
70.5755
4.35275
18.0873
36.5841
9.6729
97.9851
1.82062
73.7899
11.4726
0.360224
19.3011
15.7567
27.814
24.4973
84.4684
10.3077
37.9649
47.4584
38.9145
7.38767
48.0636
47.0836
95.5256
94.8159
43.2918
61.8584
28.2101
48.3742
80.1713
19.9264
18.0364
79.3495
33.2969
81.2075
89.5776
19.4521
6.80099
66.5975
7.55448
72.7067
41.6369
68.3755
72.6497
63.5664
19.5773
0.192202
59.6942
17.0395
17.9023
57.2046
63.2705
76.5444
92.1707
23.397
18.8482
69.7845
17.8631
33.4747
85.4799
18.6362
28.083
1.19416
18.7263
96.5063
26.3379
23.1173
81.5149
13.8043
21.5245
31.7571
84.2558
7.79403
59.7012
86.1623
41.6815
92.7261
59.8409
50.1741
56.8936
29.7631
28.9261
71.7252
53.8236
93.4675
20.0452
12.547
15.3892
79.1279
94.7096
46.2381
60.7913
45.3577
83.242
5.08123
17.1865
54.862
23.9231
12.0647
22.6987
53.3457
62.8129
85.4826
64.7712
6.62705
18.1011
72.1797
33.5506
37.8372
48.7319
30.9786
5.76007
19.5794
19.2057
95.6174
96.1048
76.6154
91.9621
19.2303
45.9282
58.159
78.7423
69.0917
84.6225
59.2234
15.1314
79.4215
76.1865
40.975
51.8951
65.2068
40.9025
87.9085
63.9397
96.9784
86.1802
99.1222
7.26217
26.7729
82.1002
26.2893
87.7475
55.8909
72.3741
26.3222
84.6497
90.393
76.294
83.1279
31.4497
26.4329
88.8994
31.7945
56.6684
92.7799
16.7066
64.0774
37.7069
24.4644
5.70698
76.8446
30.9429
23.8842
42.6549
3.83711
22.7523
32.0744
14.0419
46.781
88.9228
15.3792
35.5605
20.3526
19.3906
8.27846
66.0181
23.433
40.529
57.5054
86.4624
12.4884
41.7224
38.6869
91.844
67.1893
98.5861
0.764545
11.0076
2.0821
33.8704
95.8852
6.96718
74.9004
27.6935
7.74209
69.4294
67.5989
24.4794
74.7185
95.8854
79.2413
25.1356
48.4473
55.0925
75.6749
51.7379
61.7204
87.3883
79.8482
17.923
29.4291
44.8109
51.769
15.599
4.9457
93.9539
4.48906
65.7017
77.9037
24.0087
12.0227
64.1376
6.60062
56.9503
6.51349
66.8409
28.7278
94.3671
52.0789
53.3067
83.71
76.5659
49.751
38.0862
64.0212
93.6992
66.3989
21.9265
31.1204
63.9608
73.3112
63.6421
10.2582
99.012
27.5134
14.3998
95.3049
67.0734
69.3865
62.9791
72.3875
84.9668
39.8122
6.51405
26.097
53.6142
10.606
23.4817
87.976
41.32
19.1592
8.55606
40.518
98.4415
15.6236
12.672
47.4734
70.5909
82.8089
93.1114
14.4344
42.5586
54.4399
5.60886
59.216
55.0722
21.7107
48.6522
92.7988
88.0769
69.5884
31.1294
84.5748
41.5177
38.2366
85.04
93.6372
82.1709
55.548
1.85416
8.02191
29.4317
26.1279
22.3575
22.4658
27.9095
16.2594
78.5388
15.4242
82.7187
59.4439
66.415
81.1599
58.6658
8.16831
84.1929
20.2522
87.3635
33.5104
42.9406
72.9947
58.1157
12.8694
11.5003
80.783
30.4409
33.0947
6.12173
29.8158
24.9225
64.3174
57.6141
89.8355
15.1304
4.25699
22.5016
61.3159
20.4464
82.5521
6.87262
23.4099
86.8727
75.8048
51.9045
50.6807
87.4891
25.6002
29.9116
43.0274
1.01994
8.99447
38.0856
57.4851
26.5317
39.1304
67.7133
69.8999
20.8071
79.8656
59.1805
40.6248
66.6483
9.83056
73.7771
77.5119
42.2397
97.2076
29.5064
31.2953
49.5442
4.46006
76.4582
97.3097
22.8284
79.0955
44.5934
69.4965
58.9895
61.245
72.4365
17.4631
59.5305
8.13999
91.4218
9.59249
37.49
79.5712
30.0259
31.5236
58.424
79.7748
56.8656
98.3539
40.5167
11.9146
33.5518
43.9142
28.2104
35.8838
43.143
25.083
71.5567
16.5479
25.0184
18.1567
14.9981
53.0876
16.5232
26.5087
88.0491
17.48
88.1625
77.4239
93.6231
19.6956
20.4092
7.09485
47.0092
84.5602
48.9982
59.5487
9.89196
78.6428
32.5679
24.44
98.5571
95.1322
65.6485
54.4465
17.0979
1.7796
70.1594
71.7167
44.9833
82.4113
81.2299
15.4262
23.7785
51.7073
52.4891
63.7131
50.1728
49.3581
90.7204
34.1443
32.9534
9.24582
21.5904
91.7059
84.4865
91.3905
68.9334
41.4284
91.2092
66.2136
66.1253
19.2959
53.8882
63.0233
57.9404
8.63882
40.5645
89.4632
21.9145
99.8727
28.5737
34.726
95.5547
31.5537
32.7269
46.1769
85.586
64.3194
95.6445
70.9667
87.9222
9.86618
48.1778
28.9609
37.6948
53.2391
2.06894
75.594
64.8322
36.1132
82.7581
29.3144
59.9921
38.7784
9.55287
26.6421
16.3571
34.4695
10.5341
99.2911
16.9949
87.7133
65.0808
99.5509
0.0524293
38.1711
0.0281788
73.045
75.1222
97.5587
90.5128
43.6943
83.9858
5.02034
94.0768
5.94506
88.916
56.4344
6.19244
28.119
6.00429
58.0201
56.1948
47.1575
54.298
58.8357
97.3017
22.2501
26.7404
88.525
50.8161
97.0377
89.704
90.3123
92.327
17.6002
35.3821
6.85095
95.5475
95.195
84.96
81.3995
41.3166
74.2898
68.8202
5.10477
95.7141
19.4971
22.1985
48.4027
49.0534
64.092
71.6343
14.894
77.6421
45.5839
48.5177
2.00846
0.035208
8.17107
98.711
99.9911
53.2134
11.0599
44.9846
14.726
93.3877
91.8231
46.4676
63.1496
85.6856
53.7559
32.9821
20.0114
81.5104
58.6216
87.4601
70.392
18.2347
14.8812
74.1146
78.9717
31.1905
98.2333
66.3126
46.5646
31.3914
69.742
8.40953
10.0202
2.20193
52.1954
54.4658
19.4123
2.54239
17.7211
56.3787
69.4537
87.4096
15.4443
70.3561
52.6841
59.1636
31.3301
48.9126
79.919
79.0089
27.5479
80.9802
3.554
59.9532
79.2704
94.5224
55.1334
4.0269
39.6465
45.7069
54.6548
29.0562
16.0377
86.8121
27.9502
40.2916
15.9312
4.53847
50.9823
82.6431
76.9192
9.39956
17.1451
63.3109
85.2816
66.2849
63.2267
15.1159
37.0145
68.3752
58.7441
80.9532
45.8071
84.4463
40.0326
11.8566
30.8322
30.9945
62.9971
90.0296
67.8638
55.3263
54.4385
42.6026
42.552
37.6111
63.7365
86.3859
1.8764
70.9227
46.2089
42.2432
20.7523
20.5831
95.0301
75.5433
79.3282
69.8637
34.3893
90.8024
69.3909
97.2682
94.6314
56.0272
40.5607
56.2029
28.6807
37.8253
44.9977
58.3025
46.1254
71.3024
48.0289
62.3797
88.3503
50.278
46.249
32.8566
22.0583
39.4785
79.5012
38.932
83.6833
52.5036
16.7229
57.4636
28.3099
80.6016
46.4063
73.6687
76.105
47.1083
96.6889
49.1161
78.4766
58.4827
17.4709
57.7635
69.6207
35.3317
91.4666
64.6264
15.3155
34.3206
41.5397
29.1117
78.7293
54.5874
28.7486
10.2582
85.9062
20.2684
51.9362
75.9665
85.1988
10.0373
87.2139
49.4025
86.7627
26.0638
14.3614
85.8375
69.9168
96.0408
6.91917
21.0433
95.8827
15.0966
25.6921
12.7261
41.7572
58.79
48.3702
93.0461
50.6321
64.2463
24.992
90.8581
25.8509
55.1427
76.8785
41.6483
59.3651
39.0229
91.2403
36.9624
25.2512
91.6184
15.374
90.9912
73.1486
47.7986
11.3622
29.7711
23.3759
78.8004
76.1125
40.3807
79.0654
65.5194
86.6602
93.5701
51.5515
65.0071
87.0141
65.534
26.3085
93.7185
19.0233
3.8958
64.9656
74.0633
25.5507
22.7224
26.9306
54.7445
24.6601
45.3207
86.661
2.9413
28.0873
53.7596
11.8866
87.8266
83.0184
49.4122
49.9489
60.0377
65.531
36.7607
41.0688
27.4613
76.5241
44.9759
59.0397
60.0966
72.7898
84.9071
80.2328
0.481352
45.8414
76.696
71.0697
65.1032
19.2399
70.6714
78.4298
16.4575
22.9531
43.0101
78.9062
5.13744
4.54478
92.6564
17.8305
86.0076
29.5174
99.991
97.7415
79.2141
6.32251
55.5866
19.1182
43.4859
92.0497
42.6975
13.4131
93.6385
22.6334
90.4478
56.1067
7.0195
85.5499
10.5857
13.1844
19.9871
16.8799
14.4625
24.9113
94.9366
0.827314
76.8543
0.0131012
27.3121
49.59
24.9692
43.3132
14.0548
65.0086
67.2356
50.8488
54.7008
44.2226
62.17
0.80689
25.9234
0.0964869
97.6776
70.0165
24.6857
62.2722
74.1628
61.1097
50.2288
97.031
96.1051
31.1579
12.8393
33.7338
51.71
59.4087
44.108
40.4916
87.0531
54.9098
38.4711
27.4991
75.8876
64.5227
6.55209
0.530895
65.1442
54.4967
85.692
75.5344
1.98001
47.4367
31.5984
55.7222
41.8759
13.0125
88.8684
12.6714
62.8395
65.2085
72.6149
44.8807
66.259
66.9673
62.3197
32.0703
77.1517
76.561
54.3978
6.45874
58.3952
98.8834
32.7457
53.3829
12.4826
53.6257
51.0857
97.8448
27.9628
57.3092
60.6168
92.485
20.991
90.7683
44.8435
9.66135
37.5219
0.859883
51.3554
10.4389
75.5602
52.0307
15.6109
90.3733
24.9281
1.32045
25.1734
50.5749
3.73416
32.8692
33.9841
16.4108
24.478
49.8256
13.3843
51.112
57.0121
12.4178
29.3628
75.9812
30.6349
90.9468
22.9962
23.3927
9.38489
45.9823
60.3213
65.3709
13.8709
71.0647
66.8535
98.6815
28.3557
83.1997
10.843
98.3766
76.9002
4.7684
32.736
98.4511
95.0103
35.138
29.3244
59.6525
59.7634
73.9791
6.24729
39.0826
81.311
9.49006
16.1681
85.9585
3.99878
36.8956
61.635
75.3709
76.1203
15.9589
81.9495
63.4611
86.147
89.3669
65.7207
16.2594
85.5415
89.5534
17.7686
68.2646
40.4824
47.4578
19.787
1.85111
87.0835
75.8517
90.4326
28.2072
30.0137
65.4872
35.4877
3.79165
60.1895
71.7256
83.9694
81.3008
92.9143
63.783
50.017
24.5565
58.4561
90.2124
91.1884
95.0711
24.5367
21.0261
72.968
3.75387
52.2326
2.30053
38.5262
53.7904
20.5934
32.9375
56.9475
69.9639
40.4948
24.518
13.6643
7.74847
72.9492
0.0269467
97.4261
29.1288
96.6666
2.11326
78.8067
68.5929
58.4466
67.5391
27.429
60.0072
60.4969
7.10227
95.993
53.3559
50.6067
60.9699
47.6629
33.2732
69.5912
97.0474
56.7111
64.984
45.3935
19.0409
18.1195
41.7716
4.91393
1.47574
97.048
26.3745
1.46703
42.2924
31.0195
98.8147
93.6628
85.2744
82.2649
18.6841
97.6572
74.0254
36.3545
4.79207
95.6854
83.7407
87.8298
7.5092
37.7583
1.73445
91.0148
79.2403
82.2618
89.1214
60.4414
88.099
0.544268
24.9034
85.8704
23.8866
92.9531
83.3689
87.0897
4.85911
18.6251
63.8434
42.7475
56.1225
25.3028
59.359
31.0998
31.9966
52.2544
93.7712
78.3861
64.2266
15.1988
61.9955
83.6768
55.5898
25.1722
89.0081
66.1911
6.75127
80.7552
13.5771
67.0044
9.53694
91.3602
60.2425
1.35846
13.1937
74.4574
89.0158
81.8194
28.6161
30.1496
79.1971
67.3122
15.2193
10.5831
57.6152
87.4865
76.0604
57.9396
19.3213
50.2526
3.38047
63.0293
11.9741
19.0082
87.8651
4.47964
31.1898
1.01687
39.3942
55.412
67.3363
92.3626
92.5739
65.0951
29.6135
59.5512
28.6602
98.4014
61.734
56.8161
39.0794
77.0674
58.9251
72.2722
35.8506
13.2394
29.613
8.45807
45.5394
34.8876
78.1149
39.0427
11.7801
81.963
79.9787
57.2058
44.7498
89.326
21.3771
40.3311
0.524662
29.3709
48.9066
53.1846
92.7791
90.9934
76.6888
65.736
80.9631
30.0964
95.5249
73.2847
49.9381
86.6244
16.759
14.6734
22.7218
89.8486
18.4047
3.06098
91.5494
99.5752
12.6387
98.6854
74.8462
78.5068
75.9017
91.2109
15.838
88.6391
58.7984
90.9677
87.537
17.2835
74.7347
13.3899
61.1304
76.2524
85.4341
52.323
18.9654
33.7389
23.7003
23.5698
51.5989
85.4432
3.17411
61.3732
18.2368
79.3003
74.9786
1.62023
44.2615
17.7851
31.4328
23.7146
1.04713
53.3127
75.8713
20.6075
60.5951
49.1039
96.8764
48.4983
13.1564
48.616
28.7112
82.167
49.7819
27.2471
82.8663
47.2511
29.3093
94.2546
28.2968
31.5278
94.289
76.8832
93.3147
8.86038
95.9179
42.5255
2.52127
96.1199
54.583
72.6352
86.1896
31.5902
15.9565
95.1086
41.7886
18.3035
37.2377
18.0211
9.31903
16.4246
33.6767
81.4364
95.4286
93.019
37.3259
83.6549
17.9914
37.7802
99.1234
53.775
2.72964
24.0137
99.6107
65.0568
49.0938
31.0267
84.6471
16.6065
96.8722
31.5782
98.8405
18.9617
73.8999
4.55314
86.1799
58.22
21.9738
99.7411
5.93615
93.8615
35.979
9.04727
87.8273
94.3194
83.9756
5.93624
43.9566
59.9142
50.3008
47.8432
73.3635
16.3283
16.9063
84.8923
76.6452
73.5923
82.2097
30.0932
24.4161
34.7376
46.8068
82.5822
81.3426
66.4687
74.0598
31.199
22.3043
55.3214
54.4957
15.7562
26.5277
38.4173
39.2493
28.2432
16.3136
35.3531
27.0883
84.9403
17.5407
39.6239
3.84262
35.3658
4.74531
3.65849
24.9339
29.0313
3.96204
30.8762
80.6657
93.7722
10.4017
26.8543
84.1464
64.4706
61.9932
85.3647
88.0763
78.386
64.1791
40.8335
85.903
79.4359
43.8558
13.5941
82.5969
70.315
74.2307
72.1338
63.8784
37.4778
73.9164
20.0572
82.6139
47.1911
48.1757
82.9661
24.8262
86.238
75.8617
20.9405
21.0217
7.72337
72.8156
21.2169
73.8096
17.7978
39.9622
10.3516
14.1715
29.3162
58.1648
9.18863
68.4581
13.0833
16.2775
1.56772
49.1608
90.6199
83.2531
25.1333
55.1697
6.00115
74.8643
65.6231
17.6978
10.4057
42.1625
54.0574
11.3891
43.1552
12.6667
14.874
62.3303
74.4288
97.6026
35.1098
18.2418
93.7833
7.01544
25.3116
95.8212
4.34859
35.8617
81.1152
51.6176
96.1688
38.8859
85.4597
85.3821
45.8535
4.97202
46.3567
17.1362
66.8263
8.25043
73.4199
88.467
29.1986
13.3444
63.4485
44.3745
26.9608
8.4626
36.0161
91.5494
94.9728
63.8226
85.0291
42.0829
71.9939
42.742
73.964
93.1147
39.1919
66.1894
99.6259
0.893161
64.4216
19.4845
7.95593
89.1307
91.2963
41.808
26.6626
9.49126
23.6144
52.9371
64.4725
14.4587
71.6034
86.3104
24.8824
4.01318
26.432
24.4966
61.2134
55.2206
21.0822
86.0152
55.0587
82.6663
19.5575
20.8788
91.2348
42.2254
13.9482
88.274
2.59029
37.5933
2.70691
61.5883
28.5885
26.7839
45.677
45.0726
21.1315
64.7568
61.3778
30.5222
63.3058
92.6681
89.3579
71.2464
10.9512
35.0551
14.0569
13.1757
98.0182
11.9955
96.6105
11.6878
14.4468
13.3014
6.28208
78.5559
7.64132
53.9778
60.9579
49.6522
73.5964
94.3484
2.82685
44.9151
33.2895
40.1692
6.8683
6.91717
36.1884
23.9613
13.153
15.3582
62.88
46.1558
90.106
81.1243
26.3274
85.8921
50.1261
55.8893
66.0655
49.5793
82.0012
66.2295
9.90002
49.6296
3.48832
45.21
16.6583
65.6382
6.15889
62.0964
94.4865
48.0155
98.2679
97.8739
51.6262
97.2133
88.5121
99.2737
72.4121
39.3985
74.638
51.427
4.66118
15.641
60.7103
83.7568
13.2005
6.00868
81.143
42.4045
68.9308
74.4135
35.9038
59.8468
25.4741
20.9614
86.9528
6.48766
53.7788
73.3268
42.6176
39.48
76.5324
76.6882
98.289
36.1374
19.6804
76.6489
64.9839
5.71193
1.84148
4.06495
53.3345
88.837
33.2194
71.1057
16.6659
22.7713
13.6548
53.2762
79.8314
4.03135
28.7881
21.8273
37.6526
10.4324
36.23
0.0121658
71.4325
24.7247
56.4451
51.9601
1.75542
16.0101
67.2765
68.2773
43.5706
57.1059
4.33948
6.11616
64.8944
44.581
47.5111
32.1794
31.1087
74.6082
34.8607
31.5433
23.1962
71.9411
11.1376
85.8772
95.5855
13.4499
19.937
74.4446
5.6737
0.735395
62.222
59.3439
72.0403
69.2366
11.4353
40.537
56.9388
35.6842
95.4818
42.9508
83.2541
78.4039
44.7015
75.11
43.1513
14.2563
30.0129
72.5255
98.6072
97.0577
9.5069
79.001
19.4033
86.1475
26.3379
42.099
35.7759
1.61437
29.8112
60.7878
17.142
1.21397
91.353
37.5354
53.4932
73.8885
7.52419
95.2271
59.2798
43.9929
48.834
42.2942
86.6017
6.20611
84.5752
44.1704
91.9461
73.7443
31.2234
13.5808
77.9617
48.5125
96.0003
38.316
58.0934
27.9477
68.9295
60.3338
83.5734
98.5008
2.99898
61.6559
94.1493
63.8143
52.8534
5.31005
21.2074
73.683
83.7208
68.5536
49.2728
74.5918
8.40544
18.6924
77.0185
73.2182
70.2528
49.9704
41.8142
62.4469
89.3987
17.0233
40.0673
34.0525
45.305
87.6216
50.6485
22.369
14.9878
99.8363
68.2995
29.6646
50.4932
22.9945
98.1233
41.7231
94.8982
23.0406
14.9016
7.11869
79.6936
92.4972
55.116
96.6856
9.91856
5.52055
71.5054
94.0041
94.4141
5.6804
42.5886
66.6228
81.3282
54.3555
18.3863
33.2785
53.6597
71.0414
5.43281
53.8223
33.5638
42.3379
3.43081
7.79038
59.4516
4.3536
51.0952
70.5042
90.7579
2.61261
70.9134
83.8851
68.0958
49.6522
29.6767
51.5855
66.1359
9.79137
94.6951
73.4726
98.1046
22.5245
58.9439
97.6111
66.4185
43.2447
26.2593
10.4241
68.6253
91.0345
83.0601
30.1908
41.7729
34.4208
62.8328
92.8877
31.0839
37.8992
37.7611
67.718
98.8244
15.3586
33.9614
27.781
46.1326
31.7492
50.6376
13.4778
47.8564
89.3644
79.8233
25.753
67.4308
76.4563
5.5506
89.2227
63.5173
29.395
23.6685
49.7752
41.8098
53.8763
1.49386
0.814788
24.8291
75.9458
37.6413
66.8651
33.5325
57.1079
96.2114
67.7061
76.1916
76.0192
9.63875
60.9755
93.1218
90.533
64.972
22.5486
14.8118
27.8179
7.80867
35.6162
10.557
29.3539
56.9057
60.3184
31.8613
74.3476
92.1639
77.3434
23.475
77.955
87.9198
87.4676
38.9477
25.0283
95.4193
0.388926
8.19767
73.1515
1.04379
33.582
70.5466
62.9814
19.3253
30.4755
4.69085
64.7731
74.1434
67.4893
53.0684
72.2904
53.7179
53.5579
56.261
47.6423
1.0512
99.7985
99.8169
90.4911
97.3715
42.4756
80.2738
27.3906
38.6013
24.1343
85.5485
92.1489
26.5221
35.9551
49.2378
23.6969
51.8543
88.7031
71.1518
87.4421
77.0218
8.34956
29.2273
22.3359
15.1849
21.897
80.7258
66.2134
33.9474
9.63845
66.4057
65.0506
97.9587
83.9543
93.0815
7.60627
7.86941
37.8717
91.7728
28.9952
43.0321
51.4954
6.94645
34.9657
93.8431
52.0277
57.414
53.8292
25.701
37.4199
91.6071
36.8859
61.7593
65.9895
91.9758
63.6706
35.0457
92.142
72.2577
0.728683
87.2686
39.6329
4.05294
71.3162
76.2384
73.775
26.0609
66.4852
56.3232
46.6777
30.2934
36.7901
56.3635
42.2266
6.25867
82.0904
99.1301
29.8523
94.5984
23.7536
83.7044
26.7066
35.5226
7.5488
67.5321
14.2679
60.9177
90.6403
84.9813
16.6337
76.4033
59.7646
53.3034
95.5733
33.4535
67.019
41.5767
80.6682
11.572
11.9527
79.3376
37.699
88.035
10.2324
10.2767
72.5728
10.3944
78.529
52.7892
8.95579
46.0145
19.455
9.8162
87.8586
30.1239
67.6939
59.4101
37.0396
53.3021
81.2416
66.0926
84.105
30.4815
32.8521
12.6906
58.1886
72.9215
23.0672
6.40016
92.0362
28.1651
57.3807
65.2318
41.9276
54.5674
34.2877
29.8251
41.8389
60.6185
4.07993
88.6702
70.4388
81.1958
39.9316
46.7477
13.0031
54.0604
21.5929
61.7581
34.3822
90.8848
92.4382
62.4102
68.5026
46.7491
7.07828
91.8123
94.2377
68.422
86.7684
1.99421
47.4302
66.5835
37.7555
99.4092
55.8787
20.0415
38.2294
72.0153
45.2905
40.3555
6.15206
80.7639
53.8755
55.5813
66.1056
7.19572
29.4189
38.4307
53.6896
11.3717
37.4796
6.39751
34.8058
58.3048
58.7071
57.3511
50.0657
23.8636
59.4072
12.7275
44.4698
4.55966
31.2681
38.1357
90.4565
34.3159
66.138
19.1693
93.9152
57.8817
62.3995
64.7258
96.9593
78.4694
13.5091
87.8362
32.0365
21.8205
49.425
53.4705
83.2561
62.4061
7.98212
79.4552
86.2567
12.3892
80.6252
86.734
2.11743
1.28868
96.3987
4.12518
26.1386
45.0986
60.1409
11.9958
68.5953
60.9083
50.5058
39.8363
46.4098
33.8077
18.2836
55.9878
13.7562
65.7092
1.04855
6.34382
69.3496
46.546
40.3279
78.7007
47.4787
0.313263
26.6278
75.4956
19.7431
54.6826
0.507553
70.6904
2.03868
53.1406
47.1051
28.8016
5.1644
81.0939
92.6967
4.18119
5.05679
34.4273
53.2828
65.8507
88.4325
39.7221
22.9692
40.0786
81.9521
10.598
77.5429
55.672
17.8974
45.9911
26.808
3.23622
49.4133
43.9449
44.4447
44.2975
12.6057
49.2699
23.5707
73.7538
22.9296
47.7693
89.6694
82.9808
20.5755
24.1904
5.62828
60.2802
84.2087
36.325
18.2547
86.8852
93.7036
54.7733
60.1237
61.9707
16.4022
82.0859
33.5528
75.4976
14.6023
27.435
70.1945
25.2344
73.2897
46.011
60.8795
30.2578
17.3675
96.7348
8.9071
92.5527
44.4443
39.0876
72.8807
52.9698
68.5618
46.0895
8.44856
6.48006
9.93533
44.2347
36.7748
64.8823
65.3546
28.0612
43.244
31.7686
97.9997
89.8204
44.1241
78.3215
1.20036
73.7246
9.59072
68.3116
81.0038
40.8906
77.6626
77.6914
50.424
24.3099
1.79753
60.4507
96.5747
80.0504
9.58924
88.2378
32.1047
30.6169
45.3814
5.02173
78.4069
84.8112
94.7257
78.0778
50.117
1.81181
74.5112
72.5496
18.1029
85.1857
85.3905
92.7688
0.455633
32.6425
54.9242
98.9115
36.5926
95.9459
79.0403
83.2813
13.4134
35.8591
57.482
9.32328
42.3334
90.3173
83.3345
57.5628
30.0153
37.5173
40.3229
66.0872
53.2394
41.2626
40.6905
18.1714
30.0957
53.0008
3.76125
76.7563
2.27311
94.4808
63.9383
31.1806
66.9569
82.7777
93.4312
4.9286
87.1372
43.0199
64.3178
21.9621
11.4064
7.28747
42.1921
49.9291
71.1275
97.2729
48.4434
40.2997
75.6412
23.4524
83.9743
86.3303
89.5853
74.7981
83.5271
81.7866
50.0105
55.7033
14.3147
75.3432
49.6266
0.296044
55.8892
34.5484
91.4308
2.63353
31.6678
77.5568
39.9189
82.9748
17.3599
58.6331
72.8286
38.3095
40.8635
68.6256
72.8937
84.7526
56.8634
41.7969
19.7146
82.5706
94.6982
17.505
3.95964
54.7523
95.0275
48.6183
92.1333
93.4093
47.5694
36.4321
94.117
36.8945
87.8784
43.8716
62.3035
99.6943
61.2887
75.4964
65.0348
12.2557
81.8558
68.7199
93.2702
66.0384
59.9385
0.727825
38.5788
66.9313
95.0904
61.1724
89.586
96.63
25.8735
21.8606
80.4357
32.0009
62.6482
85.1658
97.5622
9.42396
83.6589
64.2984
59.0278
69.1808
72.917
54.2547
72.4681
23.8018
18.1409
14.0653
85.7837
71.1102
83.3856
96.6444
84.7181
86.5254
85.7967
56.3832
68.7026
94.078
34.0521
62.1333
91.1856
15.8056
39.4026
44.2393
46.6047
1.64133
63.4388
19.8589
39.9098
25.4913
13.6908
99.0306
94.8466
8.94802
58.5703
59.2966
35.8832
9.42031
4.40889
83.5802
32.3729
27.328
6.05796
74.6911
75.5312
2.69883
83.4175
56.8543
21.0537
88.9318
94.1387
83.194
78.8414
89.6824
1.96039
14.2533
57.0593
65.8193
79.7722
3.35107
73.2115
26.0499
70.7795
4.63834
53.4653
26.2859
86.8718
93.549
57.0184
81.0908
77.8177
9.62989
63.2294
24.4718
0.870619
82.0323
8.97401
36.0351
72.4419
67.4652
79.3368
24.2807
56.9627
90.1968
46.5729
89.6763
11.8213
84.0274
78.7558
5.88952
53.3092
32.627
42.0767
85.251
32.4169
50.8158
53.2722
6.5418
56.1762
44.263
89.2497
31.7043
85.5389
37.2214
64.8219
79.1389
5.46442
36.3527
5.31052
18.2298
3.92873
57.1554
65.8811
22.1417
41.1273
90.1307
15.4003
86.2908
57.8881
63.3231
46.3448
68.7107
59.2943
42.316
72.6651
0.247601
89.2634
4.98371
95.2859
94.2311
86.0322
66.1759
6.77466
8.17268
66.7138
49.3533
30.2844
38.7172
77.6894
20.2729
69.5446
81.5957
31.8566
2.08632
98.8299
0.789842
4.28816
37.7024
60.1488
45.1765
1.78997
28.3227
61.5221
30.4067
37.9335
79.0535
96.7237
28.3231
74.5884
46.6534
93.9122
8.36216
23.0117
15.34
87.7589
48.2761
4.43928
11.0681
30.7257
18.3686
31.8283
74.2668
85.3098
62.8805
53.2135
83.0817
27.8728
47.2452
50.7794
91.259
1.41727
75.2394
42.3096
30.6529
8.85422
83.223
34.7455
36.1838
85.5065
67.8657
13.8567
78.387
42.5761
67.5181
82.1256
67.4449
85.8575
51.8354
37.8416
65.2141
63.8201
55.3476
86.5866
98.44
63.4287
10.6242
54.683
22.7735
71.584
14.2448
13.6585
89.3327
75.8389
6.6082
60.3055
55.0541
19.0458
1.08794
35.8442
5.36106
6.5182
13.4896
13.515
57.3501
15.0775
52.5247
16.1398
74.5592
90.7595
54.0526
9.65792
98.7188
18.863
91.9841
84.4053
88.8755
88.7814
85.6545
79.0022
25.7039
36.0024
34.7996
48.1943
81.4187
84.3119
16.023
58.4877
68.4919
64.0738
99.6358
77.5474
24.1001
89.9592
92.3487
73.7917
54.9524
12.3075
72.7596
80.0398
5.71616
42.0132
0.620429
77.1482
21.6736
54.2122
32.1402
60.0593
91.1206
97.6394
30.0417
75.7619
97.7102
70.2219
26.9452
52.1237
58.7061
24.938
18.2379
66.8854
52.8874
31.2069
73.2357
7.32345
90.1589
44.9684
31.2914
55.74
68.9302
25.9928
1.69623
28.0354
85.9626
16.6104
88.578
29.0236
26.8597
6.33382
15.7986
5.71392
95.011
77.9561
8.88863
23.8805
18.514
34.8404
96.0206
0.139642
99.0156
69.1973
54.0652
22.0928
57.2934
13.2004
84.3022
19.7751
42.5432
44.4739
21.0524
90.4458
37.8581
76.7901
11.9564
51.0637
94.2767
81.6322
45.9065
25.9139
88.3636
56.1322
6.36539
44.6301
19.6222
69.8599
27.1123
96.032
98.2351
90.3182
41.8847
14.0025
96.8789
80.688
49.4011
93.2179
51.6245
55.0515
5.45494
63.8291
48.6517
43.2192
90.9507
14.4769
87.3093
57.772
89.8146
31.3414
34.3838
31.0068
68.7137
91.7174
91.4605
7.58564
18.3643
76.4
70.1822
47.6688
90.4392
40.9578
71.0734
25.877
78.2422
13.3687
62.1976
13.9268
51.8154
42.9221
28.9797
50.055
62.1723
47.1055
85.7462
9.42867
53.573
35.0873
20.6492
12.7966
89.0721
99.2619
84.3199
16.0659
98.6156
16.3345
45.5712
13.4433
15.2204
24.0963
87.3638
2.37857
94.9256
51.9085
0.0292083
49.4239
93.7941
19.1696
32.1623
84.2508
84.3466
75.0307
81.2962
83.8582
7.24817
44.5946
0.695824
94.5741
2.34904
32.1888
33.4539
11.6027
23.5673
68.741
6.17352
6.67315
79.4527
50.0534
44.9413
57.8606
45.6307
57.3015
70.0516
73.4536
9.96526
19.0626
82.1653
20.0773
74.6992
17.8123
19.7145
60.1985
62.0622
73.0383
39.5684
70.7793
14.9577
20.7834
38.8573
15.5807
50.0828
4.97687
19.3979
34.8443
88.36
88.6173
65.7209
42.939
40.6918
21.5765
37.4347
60.7434
76.4022
60.8731
71.166
80.2508
89.0142
35.5541
39.7028
1.88814
92.5477
54.694
94.2579
41.3914
40.1484
70.9957
25.0054
80.1327
65.0274
10.8606
59.9129
3.0946
2.90862
15.8084
63.4721
56.4481
86.7782
39.3873
66.2801
66.1287
79.7457
39.8074
26.6395
32.4285
65.642
93.7619
35.4809
36.9617
27.2478
90.2159
36.7659
30.042
28.2347
67.7881
98.5964
40.8991
9.3234
53.0359
4.64435
8.31182
41.6645
85.9553
18.3681
2.01055
54.4968
83.6083
60.3798
39.1596
61.5971
48.9534
72.0887
94.0475
14.3073
16.0472
73.9951
80.5418
19.3372
31.402
11.6485
38.9751
87.1023
80.9526
97.5789
65.2808
45.7775
65.9009
66.7771
29.1271
95.3505
14.7499
48.2205
33.2405
1.66923
81.3272
52.5838
62.3985
93.0718
52.084
17.3556
70.4903
67.3608
21.2302
16.6402
12.4129
70.0778
35.1329
17.0687
54.8815
98.1148
64.2734
57.5655
65.0745
98.8498
62.6773
61.5811
99.1715
36.7085
24.0898
5.7775
38.1874
42.3358
85.7625
44.1765
72.0868
40.2779
7.43274
78.3434
37.2255
67.0301
45.2335
97.6771
5.45782
17.9817
63.6005
74.4091
82.8453
77.1706
71.7556
8.32562
3.452
48.7007
30.2019
0.572916
56.6398
30.2087
38.6822
58.4688
13.695
12.106
48.7537
25.0185
23.3313
21.4018
6.26136
69.2868
7.03894
46.7668
30.3977
31.2082
83.0394
95.4235
36.0709
91.9538
36.3663
36.4511
66.385
62.3011
64.2715
92.4021
23.2876
34.5209
6.96025
50.2182
95.2044
39.3336
72.3932
72.2403
28.7404
19.0494
6.41912
40.421
31.6447
77.7011
36.6207
43.4614
74.2057
81.2523
94.0784
56.3273
49.5158
78.6574
34.3121
58.6674
47.1582
13.5606
11.6012
16.9937
24.1969
30.8027
50.1263
13.8954
52.4263
92.2582
3.95804
9.87239
67.9228
8.3478
60.3629
84.1497
34.4154
66.1832
53.073
19.7726
4.35431
40.7717
26.5667
73.5416
13.4939
22.7458
45.516
81.7752
42.441
14.4667
46.4181
53.5995
19.7534
82.1541
39.8537
75.2471
9.11154
75.359
15.7531
64.1738
45.8667
49.7723
79.5187
55.4383
4.00461
10.2139
61.311
40.4799
7.23339
40.7482
14.3916
55.4171
95.4035
13.9012
76.0827
68.09
64.8048
50.9346
67.5043
64.013
33.9169
18.9976
96.6385
44.4577
19.2525
46.042
83.4521
49.9868
93.7517
78.1917
60.4684
30.5897
41.7222
78.7474
8.39143
17.2241
0.895242
60.1016
93.446
98.0718
5.00765
76.9273
75.0606
44.4405
2.60375
64.3132
7.29531
55.1537
31.7772
82.4983
73.5306
97.1264
19.8223
69.8385
86.1784
90.2441
50.756
90.29
64.5513
80.1495
9.62237
49.2413
68.7645
16.7783
94.5733
50.3299
15.9409
69.3839
20.7335
47.2119
59.3416
72.8284
98.9249
3.68582
90.3974
79.6063
28.9642
85.4983
7.82699
71.9278
55.689
14.4578
42.1092
17.2243
83.9283
19.8741
21.8145
10.5841
34.0435
27.5547
22.5989
29.726
90.4479
31.8064
46.7303
72.5819
83.5673
1.54979
71.4701
75.5583
79.3748
83.0494
56.6403
46.4725
56.4268
84.1824
23.3333
43.0162
16.3519
18.8102
55.8256
84.4902
63.5464
53.344
70.4364
12.7277
8.85209
64.8489
31.2362
46.961
64.2944
24.9343
64.0165
90.8383
66.8402
26.1689
40.0689
25.9202
93.7493
78.0693
88.1728
96.1783
76.3344
20.2207
89.3337
18.4907
78.7165
1.01473
65.7726
68.1309
9.51467
94.0403
93.0888
34.7263
10.5299
6.35809
85.2133
47.8937
26.3103
80.8209
70.362
62.964
20.7629
90.7002
41.1918
18.0491
68.0956
11.0334
18.7231
66.4404
87.9543
70.6849
34.5782
26.6224
89.9212
66.0875
1.46892
73.1209
40.8097
35.846
8.03032
66.1826
11.7483
9.03078
74.1118
44.043
22.4324
36.3078
34.1663
83.4723
21.9007
76.7126
78.593
12.895
65.0648
57.6726
3.39413
83.2383
73.671
8.11618
69.0652
26.4581
6.55494
85.6056
63.9985
49.1303
71.5228
85.4245
61.3487
90.3558
89.9227
59.0588
73.2383
53.4646
54.8834
39.7754
29.8849
37.6001
61.9964
57.2414
49.4197
46.9152
2.75959
96.1757
38.1593
17.813
25.5984
55.9614
47.2156
64.0567
10.0985
92.0391
39.1134
60.8088
77.1787
20.1311
98.4186
30.9841
56.4235
11.3444
44.6447
2.46915
89.818
2.83009
21.7769
78.8645
35.776
76.2433
45.6472
42.0622
62.3937
37.9197
73.1577
83.248
30.8225
52.9198
2.30436
47.3882
6.54514
5.39455
44.3627
12.8907
41.8046
5.73178
68.7968
52.2127
28.757
3.79302
82.7594
13.7599
22.8332
65.2985
73.3216
4.38199
4.04505
48.7257
79.5554
58.7063
4.19528
7.85722
8.90374
3.82634
72.4119
74.0495
38.2666
8.1584
46.4381
30.3208
59.6736
76.7229
10.8678
7.61265
55.2946
67.9087
65.5728
76.0524
29.226
58.3411
92.192
52.5529
10.4393
47.2986
86.1522
4.0806
70.9741
39.2079
82.4227
39.0011
26.0114
63.1857
73.38
64.1721
74.8236
22.5117
73.3911
73.1931
33.6985
25.4468
47.0456
47.2622
40.4886
9.03136
6.00949
37.3829
64.0587
9.41001
83.964
59.4907
8.02233
62.4545
49.5405
31.6695
44.1119
15.0486
2.06132
39.1534
97.8864
92.5454
48.1917
83.8005
19.6844
85.662
63.4329
27.3996
1.19021
5.301
70.4837
91.231
78.0207
39.5896
43.2443
61.9673
68.6978
26.6114
58.1517
66.1674
15.3172
84.5853
57.905
4.85583
95.9964
25.0359
36.0817
48.3774
1.60263
72.9629
10.1999
56.705
45.7111
38.8153
17.7907
33.4342
89.0167
4.14186
28.0837
93.2705
88.9355
27.4997
33.603
58.7122
40.1246
3.26932
32.0196
9.80754
20.2132
4.52878
93.2816
43.1123
97.6625
87.0582
59.9459
36.9593
3.4251
37.6707
66.4804
26.7467
45.2244
97.4568
9.84829
79.4592
73.2796
17.2151
16.0481
61.718
89.7577
73.6018
92.5618
39.6354
28.9552
2.08999
18.5052
50.7627
26.5402
67.2796
36.2924
43.3629
63.9581
9.66442
26.1824
92.5874
33.3375
26.7299
60.754
82.8504
1.73165
62.2719
13.3122
41.3071
28.5459
69.7893
43.3899
69.5277
33.513
49.8277
28.0852
98.6053
57.532
85.4507
1.88928
69.4911
97.7653
33.6682
55.9056
50.2466
20.8573
76.9147
58.4913
57.8803
64.1266
8.64757
21.4292
27.5921
37.003
62.9367
46.4136
49.5011
10.2962
19.4503
42.8582
5.83932
88.5188
77.962
73.8505
7.2234
67.7005
6.09825
85.5756
99.1959
96.147
60.0635
7.64985
91.0941
41.6731
73.6316
74.4814
15.0857
61.0176
83.0129
19.4525
68.4139
32.4704
64.7397
6.88059
74.6793
28.5584
61.1409
24.212
6.46717
5.88301
28.4556
4.312
57.9424
94.0192
36.6735
16.772
10.1617
67.1072
33.4111
23.0292
98.8365
3.20952
59.4115
15.8008
7.19603
55.7044
33.6168
62.9133
54.3579
2.77711
81.565
56.1364
25.1841
92.5341
7.35283
17.9068
97.7158
38.5237
78.1647
51.4596
79.1558
49.2925
75.489
37.4855
91.7304
69.7131
50.5399
71.7753
41.5473
11.535
59.7012
81.0652
79.9613
48.9795
8.98658
6.13956
57.8259
51.6576
33.053
32.0175
76.1766
80.758
85.2273
19.1324
62.8222
60.5554
88.4174
62.4181
92.6004
80.1166
52.5962
61.6848
54.9147
60.871
48.3287
30.3733
52.9722
40.4754
47.4164
79.5901
80.5167
41.9214
3.40356
85.4989
89.7176
73.8172
46.2896
34.7021
92.709
39.1938
19.9523
50.9521
71.3028
31.3417
60.5768
51.2026
3.02372
38.3911
56.008
26.4453
34.5976
97.4288
54.6424
69.4496
63.7535
28.5789
0.485395
64.0383
65.7029
66.5246
72.2704
6.06282
92.5727
36.694
9.22528
39.8626
44.8727
34.3308
54.0552
11.6891
74.7514
58.842
96.352
50.2442
75.7149
85.8681
16.8499
28.0066
87.5188
28.0198
63.2209
81.5511
62.8831
74.8147
75.7252
84.451
18.1777
48.4245
18.8344
38.8687
93.7298
3.63822
94.7169
59.7654
70.365
84.0701
90.9204
42.5856
46.9508
78.4143
80.6892
64.4216
5.7841
23.0836
46.2391
0.294574
5.46596
44.451
23.9367
17.9336
92.21
29.7046
87.8639
15.6283
81.8654
20.6025
7.84339
88.2048
47.6097
47.4744
26.9992
58.6886
32.3234
21.3819
85.775
89.4818
15.0799
95.2362
63.5942
85.4529
85.836
99.5505
84.9891
15.3521
42.8998
56.736
76.9898
49.8464
2.41194
0.365901
67.8715
33.8283
20.2462
16.9669
44.4334
44.0149
97.809
39.9178
10.1428
10.5221
68.1117
57.2697
66.5802
17.3012
76.0924
83.4399
19.6447
30.2961
11.4875
56.4066
68.0114
5.75303
21.4056
43.4577
49.5274
97.3126
57.7412
8.22149
87.4864
77.7121
34.7855
27.7181
59.8177
58.6002
99.3291
53.4942
59.9877
94.4382
10.5581
75.1641
44.3332
39.2575
71.3458
21.5704
42.8229
15.6206
13.2266
98.3474
0.466859
95.5733
89.8555
27.9689
82.7571
1.31477
39.0534
30.4124
0.0971832
58.3099
99.6096
74.6713
41.0917
91.4188
31.9073
21.8633
0.105677
74.3343
31.4619
79.5903
24.9292
81.3905
8.42306
81.4486
86.1719
72.6285
7.71015
49.1672
57.5163
4.89761
31.5491
40.2315
55.7558
18.1182
76.7082
15.4796
21.4194
63.8846
7.26456
79.9169
54.7821
34.3248
70.4657
3.8343
12.2826
15.3902
36.3351
46.4298
60.6857
14.3242
9.45417
82.0532
80.3319
59.5861
67.0606
26.8719
83.6689
61.6953
64.4883
47.7804
9.07671
33.8139
54.2514
2.38717
60.7805
13.7998
95.7226
24.4411
76.2376
49.9042
19.1932
47.6402
87.2457
52.6822
50.9886
44.6513
0.919861
41.7641
1.01982
92.9582
88.5538
99.9076
40.4848
62.5746
98.4344
7.04103
44.1585
80.9556
25.2353
78.2873
45.3491
75.9257
29.3637
67.4985
54.9552
15.9101
86.1533
94.0193
38.0965
17.5891
43.6841
38.1198
72.726
0.843921
40.496
24.4996
57.2644
96.0215
44.2584
90.7986
45.4431
76.5006
33.7644
6.61585
2.68366
75.9101
63.7311
30.7997
3.14658
38.3186
35.9943
60.1048
29.9362
92.6445
73.0539
2.15084
12.2344
10.5043
48.4551
27.949
29.3611
21.1854
80.0575
38.209
99.8906
19.9107
8.42535
3.16316
37.8792
20.7082
47.8977
25.4315
57.2127
12.9911
68.5068
4.73876
60.389
52.2469
62.7471
57.6551
35.7191
18.1001
25.0898
55.4969
63.9593
49.1722
46.5844
80.72
3.01476
36.1326
35.2221
32.7678
90.1842
16.547
98.1284
61.4993
6.45099
41.992
94.1239
86.6718
56.1507
22.6313
79.2899
91.6127
3.15839
49.8784
29.2124
56.7425
59.3352
59.2421
48.9918
12.5164
51.6058
58.8551
23.6641
99.8343
0.684069
29.1813
30.9047
93.0152
54.7545
78.8686
17.9217
25.7738
25.0531
75.6216
1.64859
84.5475
15.8553
18.441
43.5202
1.14091
67.8926
64.7479
44.9457
56.7964
66.47
15.228
3.75972
76.3194
98.6608
37.823
24.7972
4.91322
92.8372
77.9934
84.7102
27.7937
81.3536
8.97364
30.4888
18.4645
57.3543
84.2013
73.5558
91.1627
83.8454
68.0392
39.4418
43.927
89.4856
60.4869
15.8676
71.36
95.1629
86.5905
58.3899
34.3625
81.3389
62.2035
25.9139
17.5233
62.9877
76.1115
39.3869
21.8109
1.29496
55.6195
9.73542
3.22926
14.8945
53.9916
18.9572
31.6731
48.209
74.2761
5.05022
36.4999
18.7999
30.6861
54.9863
20.1835
5.6336
58.1296
17.9356
27.7401
51.6526
35.4706
35.2556
20.6694
36.4156
57.7271
93.1848
56.3279
25.1398
76.3269
83.5114
13.7234
82.2192
58.0471
0.870698
28.8242
91.7976
40.1359
89.1805
34.5814
29.964
44.441
82.9839
17.8309
19.943
21.1464
4.65446
4.62838
85.2167
92.6351
9.67643
14.3021
41.5823
81.5471
11.3099
93.9499
66.7558
32.7373
15.4931
99.7658
34.0637
65.5503
29.4216
17.9624
59.373
48.6505
47.339
30.5014
13.2183
31.3533
16.2738
60.2928
35.4607
16.4859
86.5641
56.7614
84.5434
97.4076
68.1213
36.0895
93.8571
38.534
23.2371
21.157
17.0906
29.785
73.5244
86.3828
17.1906
62.9374
41.2063
65.7357
94.3481
55.7687
45.2147
62.532
0.479442
69.3215
47.7703
19.1818
96.5246
18.1554
44.6551
95.6251
2.36849
45.8362
30.3489
84.1426
25.5167
17.0843
74.8573
56.7664
89.025
68.8065
82.0448
37.5678
6.48398
4.6877
99.3066
67.5902
16.3159
57.3786
33.1851
19.8681
59.688
72.1582
0.909964
60.4306
23.9378
44.6782
98.346
70.8928
97.6864
95.0714
67.3605
68.5005
98.9315
30.1138
25.8634
67.0482
4.65532
88.0579
21.2283
31.6431
95.9558
36.8956
77.0266
0.771779
24.5464
12.9575
42.8644
59.0033
83.49
36.63
61.8036
79.8914
77.6399
2.31966
37.544
50.8741
58.7314
38.3139
75.2779
89.6133
39.106
61.775
16.0293
25.3
0.340848
49.9355
0.0856105
35.5917
98.832
22.0593
23.8241
67.614
67.6945
94.379
64.0687
81.3911
94.4962
99.6256
8.89649
16.048
29.9054
46.0889
65.9279
62.0955
92.8437
3.27958
95.5151
8.02227
56.5043
84.5517
90.6452
81.5541
82.5156
72.3501
99.6066
36.7353
12.6434
46.0181
41.1332
21.8818
50.9179
80.0955
8.76653
11.0868
89.1315
38.1803
12.7755
87.4713
83.7699
49.7097
2.22648
42.3048
81.5444
76.7895
99.4868
74.6929
80.9084
31.0077
75.9433
15.2879
86.3002
1.82837
46.6021
6.83195
13.7415
7.49362
16.6989
32.8029
17.2748
78.5634
99.2444
15.8968
14.635
70.8292
42.6723
87.6993
5.16371
60.3711
31.9216
32.4094
10.1665
46.2049
10.2843
18.3476
90.1481
5.23509
61.1997
13.2076
14.2566
80.175
0.33623
40.2203
44.96
23.673
17.2179
92.647
79.7095
44.841
12.2178
21.8588
33.5485
15.938
63.8399
16.6933
74.8001
57.9721
41.916
72.5434
70.6796
30.3508
70.8199
18.9892
86.7252
33.1078
26.7405
83.9417
74.8388
44.728
5.17776
24.89
19.582
56.0118
89.1523
21.2982
81.7873
3.34945
73.0633
57.0843
71.1875
80.6083
28.9749
9.07263
62.5629
88.7501
38.0723
96.6571
79.8018
31.5211
0.946301
19.0672
3.53361
12.79
9.92486
19.2101
65.4925
49.0108
18.4401
97.6302
95.0523
16.1203
7.30929
39.1489
39.3725
81.8298
41.5054
79.339
37.0957
38.6448
96.6288
38.9062
15.7159
32.7057
94.805
0.589401
42.9249
7.75976
7.22607
14.7705
35.5319
33.9184
21.4782
89.4193
40.9015
37.0124
37.6789
47.7377
78.58
73.1522
65.1509
67.6128
47.1901
4.0127
51.9056
33.9377
79.4713
20.9319
41.2043
8.59104
18.4655
74.8618
20.1702
89.8678
9.28129
35.2586
11.613
54.3488
6.69891
51.74
61.0118
33.9188
54.4816
90.4391
65.6425
67.739
31.2394
40.6724
32.6984
93.9695
16.8971
11.9144
79.5831
94.0873
68.1983
15.399
5.90156
35.213
47.6321
41.2637
47.2507
20.7678
82.1474
78.8788
4.5511
71.0299
33.7971
59.8096
72.7845
64.5761
13.3098
29.6686
49.7678
48.7119
58.6994
91.2953
47.5114
25.118
90.3861
54.1344
53.7024
83.4524
96.6879
29.8118
36.2852
28.0992
85.4309
67.3851
22.7004
30.1299
5.35322
85.7128
66.937
14.213
80.0763
86.8974
29.3999
92.0063
51.0535
4.18543
15.7673
1.21069
26.1566
46.218
32.109
82.7349
79.2592
99.1739
14.1022
97.4205
36.1037
34.3207
95.6037
84.8141
34.2845
57.202
10.8037
84.5889
44.2792
91.9005
56.5941
36.3884
99.6143
61.8296
6.05789
4.73382
55.4225
93.6232
36.6366
69.4049
10.3443
20.7764
26.2742
41.8846
63.0046
90.3959
15.93
15.0532
99.5649
24.2169
54.7138
33.469
52.7001
44.3719
86.3443
99.5307
72.4747
13.8139
37.5634
9.50816
18.8891
4.67319
71.0153
15.7897
50.6606
19.2052
50.3067
57.2528
15.4367
20.6473
16.6199
88.8636
51.1222
19.8984
83.7256
2.05769
3.19529
17.4511
24.8313
66.1871
65.6929
53.0098
3.72852
97.8316
84.0833
21.5109
90.2265
19.9884
37.7767
1.18781
47.1343
96.7461
16.541
97.7934
19.1722
53.2493
43.1888
49.5694
55.9307
0.138005
98.6439
12.04
76.6553
39.9074
16.6541
95.0314
93.2701
81.7084
6.21993
26.8289
80.2919
51.1496
67.4154
53.446
42.7709
45.7178
99.2012
92.8757
62.5524
37.7749
63.6314
95.6997
66.0707
24.1473
88.0549
59.2962
71.8708
1.04373
68.6122
4.74554
58.8824
40.872
46.1826
37.7543
5.25713
82.1702
75.1773
47.318
33.1937
55.9497
88.2206
73.2897
39.5282
6.40964
44.5859
24.5662
81.6396
12.1315
87.6654
33.9716
3.51414
63.6668
60.211
25.4292
87.4543
69.6304
39.2726
72.4308
13.5194
58.8538
95.562
34.364
97.252
43.4858
47.9386
88.3284
47.8227
69.9569
29.8974
27.3943
24.7352
45.7689
10.8168
98.2372
3.10055
9.57216
84.3776
40.9427
75.7702
18.6726
99.776
7.39218
74.6519
54.1452
83.6944
53.5069
99.4501
27.1793
43.1076
24.1892
90.3042
90.3137
14.4848
47.8451
23.9817
32.3858
63.5107
61.0063
15.0506
9.31807
9.49909
29.4216
13.5914
17.7048
47.0138
35.8077
2.46338
28.9912
10.6921
32.9932
99.4557
83.8213
49.0055
72.8749
1.67328
7.50657
79.1133
31.721
20.3791
30.1287
98.4118
80.0742
11.5842
70.5435
67.2288
22.9045
87.805
3.62703
44.6456
22.7315
47.1521
33.8423
57.0901
53.6423
55.3939
79.1477
96.1296
86.57
47.3631
70.6875
12.952
22.8773
18.4382
87.7417
60.9075
32.4719
0.125148
53.6225
79.111
91.1384
35.6497
85.3458
59.1428
6.0801
26.3528
51.4959
44.4399
46.681
13.8414
36.3739
85.8279
86.3279
15.4869
53.9341
93.6724
36.3604
92.8544
41.7006
1.41086
14.5905
89.8683
60.2478
58.6799
55.5669
2.8401
7.16726
53.4775
36.4585
37.7684
70.2881
15.1513
33.7336
3.10236
37.5489
91.9188
62.4009
64.1773
47.8892
4.04085
7.41057
33.5338
87.4838
25.476
51.6391
73.9377
38.5316
21.6609
67.3972
94.1329
54.8546
61.7983
37.6729
68.6924
30.223
47.3528
55.1746
72.9705
49.1122
55.393
10.3016
80.6617
45.7917
73.6678
78.3974
63.2177
57.3431
14.1199
30.7172
37.2985
69.3616
47.2413
20.1978
91.1892
98.264
54.2215
31.6466
16.4774
85.3243
6.50118
51.2443
28.6344
5.62505
11.0496
2.36655
62.9967
40.4181
50.9043
36.5741
19.8906
47.8089
55.0459
95.8864
69.4255
56.141
93.0175
62.9214
14.5372
12.1109
9.07181
3.21792
74.1171
19.6165
79.038
86.4709
22.1202
1.14508
2.28591
74.6017
54.7054
10.7221
10.2422
42.2086
24.5085
89.6781
58.1848
14.4322
9.58651
1.24564
64.2707
62.9415
3.22153
95.0697
35.6975
64.0688
75.6717
75.802
34.4187
31.032
2.79298
14.6996
61.6933
91.3258
61.822
25.7793
53.0128
81.8446
73.7999
18.4892
40.7756
62.8437
41.2837
60.5604
69.3944
3.10339
40.3796
26.9323
26.9096
18.123
5.20346
74.7298
7.04935
30.7323
53.6738
13.1256
86.9069
45.0017
35.0843
44.1553
95.6186
43.8522
20.3592
85.202
12.7205
41.0675
93.4194
68.0868
14.189
92.712
30.852
67.4396
14.1246
18.6942
64.194
65.8704
82.9532
82.3367
86.7724
8.16242
48.3058
97.2427
13.9984
37.5576
56.1012
43.2748
76.7625
76.1743
69.5914
52.9984
75.7823
22.5725
69.5489
27.6453
57.9145
39.6881
98.2456
95.6076
87.0724
65.9538
21.2292
76.3095
6.94495
71.4572
19.6626
29.7828
38.5495
40.1346
30.0305
75.0434
84.4327
42.7389
63.6578
84.0162
26.9286
95.0713
14.0745
98.1198
42.5178
43.4296
28.002
49.9189
83.6791
43.38
77.2353
41.4818
29.3598
19.9962
53.0029
31.9772
58.8303
48.8634
41.5488
41.813
37.4847
47.0329
14.7784
91.4061
37.2112
94.8973
41.932
39.5479
24.2656
18.0947
60.6174
79.5943
74.6193
45.8636
11.3671
50.3707
94.8739
35.0711
76.9299
5.8779
19.142
6.92743
10.5312
65.2027
26.1319
78.7664
52.502
86.8695
0.949545
84.636
73.8345
48.8207
39.3146
74.3717
12.6458
88.8289
16.5905
97.8348
74.6034
56.0935
21.2229
31.5191
60.3506
13.4374
52.777
26.1756
59.4574
50.5494
54.9608
69.4585
67.6471
82.9962
12.2996
39.4661
27.9908
60.9177
39.5271
48.0309
36.427
0.832235
6.35801
75.2093
99.8552
57.5002
95.5444
54.0114
87.3087
64.2899
36.6935
18.9278
29.6894
69.0615
45.6781
81.9714
49.1308
11.4541
87.9849
3.86329
38.8964
58.6183
69.2048
7.49198
49.9334
84.0026
93.9056
41.4991
1.22775
5.0816
87.2399
2.7234
38.9537
82.9575
41.4414
31.3015
39.026
28.6074
64.2906
6.24315
64.3891
57.4305
54.9566
26.252
63.0707
49.843
41.1991
56.2388
33.2682
29.7465
48.7187
9.3808
6.20174
17.8525
7.88514
48.17
88.0667
32.4478
92.0917
38.8089
54.8799
45.2792
76.5619
68.0947
39.1256
84.1699
16.0026
0.607648
62.3395
45.2673
74.5048
97.8194
31.0818
32.2266
88.9187
94.7631
5.72701
67.6031
99.0578
35.3512
39.2171
83.8684
26.2349
90.406
26.4793
32.3753
3.74598
24.9572
10.5541
22.5605
4.87281
79.4001
37.1105
68.8518
19.3199
87.0958
81.1976
73.3641
76.2542
90.0355
61.3046
77.9768
68.5556
85.9933
87.6159
86.675
98.2416
38.8175
44.5944
10.7667
41.6492
33.8844
39.9557
77.1113
7.10147
17.7788
78.6892
34.3663
8.00877
6.29544
43.6957
9.22757
66.0852
70.3463
69.7569
26.3849
88.9241
38.9446
52.3058
73.1738
13.4982
67.6425
46.0919
42.5978
28.461
84.7578
80.4332
50.4869
12.6092
2.55815
91.8172
59.0197
21.232
62.8189
6.31497
63.0862
39.8925
2.59421
71.2571
95.6958
53.9743
18.749
42.3159
26.1705
46.7797
18.9685
55.0747
75.5037
70.4352
16.6575
61.6168
65.02
83.4989
54.9645
47.5254
49.0817
23.7545
14.5941
76.8144
83.7838
67.107
98.2052
66.7809
62.6604
55.1775
2.46905
5.07385
85.1503
93.2622
35.9421
60.8736
25.7724
56.0063
60.1081
51.3751
69.1051
88.7666
55.5926
14.8893
34.9982
13.4076
93.4363
76.1427
81.5042
48.7778
21.4648
9.94686
59.1505
56.5462
76.448
25.1301
93.7509
65.1102
69.107
36.6763
49.2972
98.4441
3.4334
27.6267
11.1153
65.2497
30.1643
77.0137
79.8485
62.4131
99.5418
42.758
19.5132
88.9924
74.007
1.79353
74.4727
61.2445
61.2092
33.2438
92.035
0.399535
5.82913
92.7278
46.8782
62.1486
56.889
65.0715
73.5183
51.1803
