10
10
74.4132
42.3756
6.07097
77.2148
57.9965
8.25656
99.7299
80.5574
24.5843
57.2263
61.5689
93.1997
19.077
57.1181
35.7257
38.8429
44.4176
8.16947
26.8147
85.5919
84.7449
69.5468
2.59413
18.8158
62.8197
90.8468
8.25101
68.4298
93.0458
39.6853
25.2353
54.3345
11.4904
61.9597
27.5433
10.8507
18.5457
43.3771
15.4312
65.4773
1.99248
15.2341
21.7869
82.3534
90.0602
50.3333
6.37729
35.7128
37.6653
4.13759
42.6004
89.5584
57.5773
20.8083
78.0539
12.6337
90.6044
58.4901
43.3791
46.0626
77.2151
70.0078
92.1496
4.56009
17.1017
68.428
39.3539
21.431
28.0649
56.0817
72.5419
54.7181
54.5691
59.5685
60.068
42.4829
10.9374
52.8145
6.09335
43.4915
65.0599
54.6681
82.7049
93.3502
32.7719
67.2028
50.173
18.5581
85.8621
57
98.428
48.1885
57.2469
69.62
71.7698
51.1329
32.7041
54.2029
95.2677
6.25465
