20
20
3.11544
7.24783
24.0527
99.2064
33.8623
35.9977
60.11
52.1054
39.8279
86.1504
12.877
60.0067
2.85469
3.23482
68.3394
50.8584
83.2899
93.1755
12.0921
92.513
16.7369
31.1279
49.0238
17.2666
81.1248
40.8495
4.79042
12.9565
58.1468
19.5108
91.1572
58.2513
34.1432
88.6282
11.1777
90.5163
92.2346
95.9109
9.40885
81.8492
47.5471
61.2511
60.3676
87.4873
40.9566
91.0635
9.02168
71.8884
88.7324
99.8784
31.1986
43.5413
98.3349
27.4738
38.0621
38.4953
7.01646
3.68923
42.0405
52.017
20.9808
7.74282
34.4048
25.4726
4.47262
89.7375
72.9689
92.8654
14.1869
60.9571
75.0773
4.76997
11.5551
17.4611
46.607
53.9493
95.0266
65.6254
20.2221
69.9128
4.18649
98.2896
7.59783
59.8603
14.9405
54.2454
75.6179
60.417
32.1223
56.5483
12.7894
62.0226
43.6939
72.2438
5.35863
40.761
70.2116
29.6437
18.0684
75.8581
12.6479
16.9934
10.2069
78.3649
61.0003
58.4302
84.378
63.0336
30.1273
60.5086
98.7668
64.3832
60.3435
43.4444
36.5724
10.0147
44.4505
76.9735
73.2096
67.4884
39.6667
69.6334
27.0133
55.9254
73.3725
51.0752
45.6882
48.566
42.7913
11.3816
97.6945
81.6555
76.8038
44.4767
86.8972
0.734155
79.007
43.434
69.1131
17.5243
18.3379
53.32
47.2224
15.102
65.7497
77.8481
24.8103
68.8778
64.5279
77.9638
97.4553
95.9211
13.7533
54.6262
63.9228
51.3491
91.6331
99.949
36.7426
14.3176
82.6846
66.7813
5.053
8.90923
50.6773
52.8102
15.6596
27.5513
22.5974
66.827
14.901
28.0164
33.7337
57.1096
16.7382
58.3378
26.3613
37.1549
5.11281
61.9668
93.5083
9.52935
39.4823
4.71602
95.5924
59.6353
33.5095
70.0162
49.2438
86.6165
89.1896
23.069
20.0163
68.9476
23.1085
61.2722
17.6137
85.1653
69.3532
56.7689
0.233206
95.0467
72.5647
53.0283
83.3402
6.50392
82.9119
28.0158
49.7438
15.0388
9.67233
52.417
50.6396
51.9097
50.5032
95.6708
70.1642
86.9924
13.7547
79.1383
22.4413
69.8968
12.3008
32.9619
49.8836
86.6726
51.6573
87.6613
74.7028
6.65496
1.05147
40.8933
93.7403
59.9643
19.973
26.6772
77.2198
20.4448
98.2883
74.0588
10.3521
26.2663
70.6103
53.7398
12.8589
40.7601
74.359
74.8066
62.2003
44.7633
8.70039
14.2262
78.2676
3.09089
11.7367
72.4499
8.13004
77.3999
65.2641
66.1778
58.574
42.5938
33.8157
13.3958
70.8275
47.4605
73.9755
37.0375
21.6322
3.77124
9.5507
83.6156
94.1809
50.2446
77.9771
33.7329
8.65956
94.0089
17.4439
21.1788
49.8394
90.8776
20.0436
67.3667
75.3563
91.1452
41.3949
60.6302
67.5682
20.8419
62.0085
15.9706
98.5103
71.5193
37.4341
73.2842
31.1691
15.4714
63.9137
94.281
92.6086
30.4528
68.8999
61.3377
72.7193
55.7005
28.6044
50.4246
22.6173
76.8856
65.2487
27.0157
40.2902
46.7848
83.9805
77.8086
48.891
47.6115
94.9078
84.2462
39.6246
55.2417
50.8092
23.6028
49.1924
8.46078
32.4057
21.4154
84.6658
33.8985
70.0593
82.3824
58.5641
10.5881
21.4215
70.3052
18.6742
38.4594
94.4174
94.3884
94.8461
30.5443
89.677
94.38
31.2817
64.5177
92.4701
6.31844
16.1342
63.6332
73.3902
13.6651
80.1658
48.3231
81.9108
60.1814
31.9032
94.4784
7.34766
63.3941
12.469
48.7906
22.2199
8.56008
87.8213
21.4502
6.45253
75.2349
91.495
41.4135
43.2125
24.4709
36.2113
60.5381
38.6067
41.7313
0.240064
39.2446
94.8568
20.9888
25.3423
37.9263
17.5905
28.6558
58.1016
59.138
85.2159
37.0751
12.2171
56.4959
36.8864
97.2835
86.5805
44.3217
78.5311
87.0434
77.012
64.8208
31.5723
99.5012
