20
20
98.3647
85.0494
47.8732
90.7438
34.5625
85.3657
61.9145
67.0342
13.0249
84.2839
4.51878
71.1564
30.6003
81.0528
29.5475
88.5098
8.70146
19.1242
50.1911
39.7567
1.57642
87.6377
65.6777
58.8343
84.8688
6.91347
25.7837
7.32013
53.5062
91.129
28.5699
84.1432
1.64535
69.9036
19.8595
24.1187
17.9215
64.5378
88.0932
16.8438
76.6099
21.9197
47.0582
88.2635
57.5087
52.247
71.3636
9.8628
19.9847
45.6414
1.03338
26.6156
19.8985
58.9083
31.0269
52.6042
2.41049
10.6086
48.5027
58.3408
97.2414
25.9372
35.4632
5.98543
31.9364
13.0603
29.1843
4.56165
42.7468
92.932
23.9662
56.1844
9.01072
95.2168
4.32006
89.6618
46.2643
59.2803
19.8336
27.3981
0.732878
68.8657
79.0937
84.0187
58.8473
18.5496
57.9028
51.0399
87.2205
60.7936
9.84146
45.8564
68.6478
98.1303
5.4995
4.56934
29.9672
0.820499
61.3956
82.2564
81.8437
52.7275
42.6517
15.466
27.581
63.9777
72.7523
65.1658
14.5116
55.3851
1.51636
27.9888
0.0501555
7.77356
98.0526
43.3075
72.1913
26.7018
87.8687
81.0506
85.7259
7.0062
13.0957
21.96
98.1759
19.8486
80.4729
0.936427
91.0183
59.483
94.4535
28.433
48.2148
19.2223
24.949
59.4615
81.9574
4.93597
94.0455
45.0067
24.0824
44.0202
26.0218
91.0469
85.5533
72.8375
5.4879
22.3407
84.9126
3.21055
56.2789
22.0813
91.0353
27.8734
19.1283
85.0702
49.7865
35.1557
78.0054
19.8604
66.5029
31.5964
59.0857
28.3944
4.65953
88.8041
96.101
18.6448
28.8872
45.6016
2.93577
20.3803
39.6848
51.0923
93.5112
82.2256
61.1945
67.744
86.6963
85.7177
34.9448
13.6652
9.73615
62.017
8.43558
52.6587
22.8084
82.8645
12.1273
31.5218
87.2815
85.5941
90.6294
99.5066
67.6593
20.2966
45.5239
69.7199
53.3276
12.4018
25.6207
48.5746
52.0587
64.578
43.8556
86.2111
81.4673
98.301
71.4088
41.7285
21.361
27.1933
59.0244
60.5522
53.1375
5.25579
20.6981
63.0022
76.8409
18.6589
73.5271
29.9611
44.1351
76.2675
95.4033
23.3666
81.4667
80.5593
95.9213
58.6265
87.2197
24.8991
10.8412
81.6926
74.564
11.7731
49.7043
76.4454
5.82044
35.9088
87.59
15.2417
97.3738
27.6946
67.2698
37.5275
29.7218
8.64815
19.4474
85.028
78.4105
14.164
74.7726
1.15198
37.5628
40.1562
69.6425
87.6414
17.8654
0.494987
13.416
25.1845
73.9785
11.6362
32.1191
43.7198
33.7143
69.6646
81.2716
61.7132
67.0024
28.2267
85.64
80.4507
12.0457
36.2827
73.3023
65.4127
87.4496
67.1617
95.5935
27.2025
70.0723
11.7307
1.38873
55.303
94.527
9.74362
0.482983
1.37325
80.1517
48.8653
67.0257
90.7033
69.7809
16.0932
39.366
22.7097
65.1008
55.7424
77.6325
15.9745
66.2395
6.78829
51.2886
96.3748
48.2715
66.5509
70.4873
72.2485
39.2041
24.0055
20.629
69.7998
35.6931
45.6557
74.2119
17.6086
18.6859
61.8905
46.9281
7.02819
26.706
54.2879
47.5851
71.3008
97.6921
42.417
46.4374
76.2249
22.3875
29.7431
13.6288
80.5008
19.8193
34.3352
16.6099
37.604
14.1514
55.0304
16.434
12.9284
77.0785
24.8264
23.3487
53.4789
14.3755
90.2165
1.41941
92.3915
39.6346
43.3188
95.4587
38.9181
89.0031
41.0422
98.8275
4.66717
70.0367
49.7879
96.6405
40.057
10.2597
32.8101
42.3355
81.928
21.109
72.0388
92.828
57.1611
42.4146
80.2843
42.7102
60.8351
63.5665
64.784
59.2821
67.3951
53.8416
39.896
26.0369
73.5311
58.3024
13.3736
75.9795
75.9603
86.4962
38.518
65.0822
5.11205
67.9891
32.6788
34.0092
20.1856
70.9116
27.8465
98.8355
98.7985
81.8954
41.7267
