20
20
84.8005
42.8409
72.2358
76.2249
28.1398
74.4132
6.07097
57.9965
99.7299
24.5843
76.1956
66.2996
57.6867
19.7135
50.9935
75.218
8.06847
42.6556
16.774
7.02419
10.635
88.2143
1.53639
54.0666
71.1188
61.5689
19.077
35.7257
44.4176
26.8147
37.5574
49.4732
86.4733
97.3182
83.3407
46.9737
92.6772
79.3808
72.2725
52.6452
78.9756
98.9868
43.9521
38.3009
11.9589
84.7449
2.59413
62.8197
8.25101
93.0458
14.4241
64.4473
72.3351
41.317
2.28098
43.411
33.9709
4.23907
90.2308
87.7953
52.7699
61.5894
95.7562
0.577597
22.0344
25.2353
11.4904
27.5433
18.5457
15.4312
44.6255
5.98492
6.17499
66.3184
85.0423
85.4541
59.4596
33.1783
34.925
22.0664
45.2141
23.5549
1.15771
75.2397
20.0116
1.99248
21.7869
90.0602
6.37729
37.6653
80.9345
14.9505
36.0875
89.0292
55.7242
94.9851
83.7318
89.6079
40.1811
90.0425
88.0254
96.2054
30.1258
30.0724
15.6734
42.6004
57.5773
78.0539
90.6044
43.3791
50.1369
68.5849
15.3021
74.2145
60.8994
17.5004
91.5683
24.1931
93.9265
33.5121
68.0196
58.7928
64.604
70.1443
39.4839
77.2151
92.1496
17.1017
39.3539
28.0649
3.11553
52.0475
92.3286
93.8579
34.0415
31.7777
99.88
79.4253
48.0611
20.8405
9.57458
94.4195
69.2331
84.4382
65.1097
72.5419
54.5691
60.068
10.9374
6.09335
2.3655
71.0322
29.0808
30.877
96.6927
58.2986
49.0009
60.7344
25.5901
19.008
2.83488
54.2011
99.2843
89.8634
78.1807
65.0599
82.7049
32.7719
50.173
85.8621
2.95145
12.0764
86.3339
10.2276
71.5654
83.9183
43.0236
78.1887
29.3999
79.1088
12.4447
13.7176
5.6803
49.2857
51.3529
98.428
57.2469
71.7698
32.7041
95.2677
21.6736
9.04753
84.5756
23.7628
54.0729
7.18213
71.1773
22.365
19.4958
68.6154
22.3951
42.1976
49.9059
96.4715
64.409
42.3756
77.2148
8.25656
80.5574
57.2263
56.5684
77.2868
7.93623
75.6763
49.7376
7.94607
24.4976
3.42632
94.9174
90.9972
31.9187
39.0016
42.1252
62.0993
54.4056
93.1997
57.1181
38.8429
8.16947
85.5919
27.5358
88.2721
52.6335
67.9143
91.279
34.9118
18.2416
86.2571
72.0555
95.8828
23.5204
24.3527
93.8946
50.8221
5.41948
69.5468
18.8158
90.8468
68.4298
39.6853
48.4883
46.6049
34.0488
10.2361
51.3912
90.5228
18.151
15.0423
98.8767
40.8879
99.6213
21.1731
48.8928
40.4236
2.70985
54.3345
61.9597
10.8507
43.3771
65.4773
49.6142
91.7109
72.3835
48.0114
91.0546
10.2271
67.9086
37.3972
99.1564
81.228
86.1737
91.7715
3.71452
57.8555
54.9832
15.2341
82.3534
50.3333
35.7128
4.13759
42.967
32.8976
58.6185
74.0893
57.5974
19.954
3.69572
45.7168
5.23383
30.8078
68.8478
69.5667
17.4495
51.9798
80.6592
89.5584
20.8083
12.6337
58.4901
46.0626
86.1536
27.5394
48.9992
46.3236
40.4203
46.247
13.1361
98.774
88.4845
81.069
68.0754
9.19849
45.0981
70.5494
32.7822
70.0078
4.56009
68.428
21.431
56.0817
92.9933
41.8479
40.9685
63.3135
65.2691
71.1265
85.409
28.9656
23.3496
75.1545
69.1585
59.7911
62.5073
22.4595
25.1276
54.7181
59.5685
42.4829
52.8145
43.4915
71.0319
36.0131
10.666
66.4179
51.4553
53.9955
35.4734
45.5967
84.6592
78.8689
41.0763
79.1413
11.869
21.2129
65.0973
54.6681
93.3502
67.2028
18.5581
57
92.247
29.9049
20.0314
75.4044
71.2974
42.9397
71.4347
47.7749
49.2189
6.65904
80.6728
12.0334
99.2993
69.8337
22.6457
48.1885
69.62
51.1329
54.2029
6.25465
78.8554
44.7993
53.0449
49.6474
75.4967
42.6919
69.3273
71.9892
1.53823
4.55442
