50
50
42.4493
89.925
27.5552
0.240211
45.2172
97.1549
86.7637
75.3612
64.0531
11.568
86.2375
38.3114
73.7522
62.8741
9.82592
85.2895
41.4547
6.60757
0.314888
99.2262
7.07626
64.2029
40.9023
50.2714
7.56528
82.0438
30.6691
78.1135
14.9608
99.5483
23.5723
94.8005
46.6981
10.3795
56.616
19.8745
24.7604
32.922
68.3141
94.1733
45.0591
54.4651
75.0588
38.2058
32.4445
24.6376
35.3487
97.5257
8.91035
10.9198
38.91
29.3028
66.6708
87.8767
56.6562
8.27353
82.6988
45.7646
76.817
22.5882
38.8241
49.5934
52.3554
38.5455
33.9022
33.689
83.9246
91.2202
67.6068
67.9546
88.3635
22.3637
96.918
63.7376
88.1499
36.1954
2.07171
52.496
18.2817
85.9227
7.43172
79.2558
83.6562
86.3116
79.8671
82.5602
73.4778
76.023
69.3062
70.9845
87.2797
88.0309
39.067
89.9562
94.7068
84.2066
3.8174
79.2482
75.4085
27.7823
62.2722
2.80083
91.7517
84.0043
34.7089
44.6397
44.7209
45.493
11.5814
50.0484
8.51146
81.3488
85.8895
1.237
24.2245
46.842
46.5527
51.7308
67.5775
33.7312
30.5714
88.6452
21.5792
27.7835
55.662
80.0412
52.1088
99.1087
36.1431
60.6572
64.219
66.2475
34.2665
13.2565
93.9222
78.7435
79.0321
32.5445
68.6769
84.0385
45.8573
68.6423
67.1554
71.4785
55.8057
19.569
47.8278
3.01229
83.1554
96.7474
84.3341
22.6415
67.3317
58.8122
37.2365
64.353
63.121
33.443
51.9714
43.6246
26.632
72.5377
30.4278
57.1299
16.1106
24.7963
1.1964
30.1178
19.4493
74.1061
25.612
68.4074
19.716
44.1821
24.3749
91.8222
32.6126
68.3261
81.12
18.7946
54.5505
25.0371
6.89122
4.16045
37.9203
62.4939
66.4816
46.1016
47.3023
86.4441
69.3548
87.1971
10.9199
84.9594
7.33761
77.9075
60.7414
76.1089
55.1542
85.8385
34.5595
30.9816
68.2288
24.624
65.5904
57.4856
99.2211
88.6986
58.897
9.38082
97.9871
47.4109
14.1467
53.354
4.84594
18.1951
85.8961
49.7535
49.4053
4.37285
90.2642
41.5059
58.6113
46.4746
99.9913
32.5999
14.3576
55.9139
96.8135
47.8832
48.5691
50.2169
73.6216
22.078
5.09402
56.0407
95.4538
64.178
18.7445
97.1929
31.6243
99.0249
67.7478
80.3356
70.2821
80.1501
12.2734
62.0965
17.399
71.4243
35.2448
18.4978
58.3951
90.1703
77.5189
63.2232
91.856
43.1695
43.3288
16.7851
2.46988
19.5766
14.864
27.6458
65.3075
87.8963
56.5195
94.8531
74.6053
38.9913
34.711
59.6816
61.1735
69.8169
47.9769
69.1162
6.66839
26.3363
99.3044
35.4649
41.4625
9.08807
30.6176
25.58
46.0372
27.3858
39.5167
54.4986
83.157
73.6353
67.3521
63.3829
77.6814
68.157
29.1891
79.6385
38.9956
10.8903
90.6316
16.5351
53.6206
10.0225
15.3814
82.0667
41.9031
63.8936
45.6558
57.5545
51.8203
34.5007
7.93235
1.19371
36.04
53.7424
16.0631
69.5877
78.6087
95.0266
19.8612
40.5322
71.9835
64.7417
74.2775
55.7892
59.6635
36.4766
76.9621
69.0784
91.973
89.7559
63.9723
87.3591
9.8742
33.1476
66.0232
59.5064
24.9394
18.1291
70.2397
75.2119
41.5823
54.0776
92.1398
2.65534
32.5491
74.984
54.534
87.087
69.1953
23.1336
30.5119
56.817
43.7762
11.2693
28.2342
31.4704
11.1161
75.9751
48.3371
45.5329
17.1653
2.57197
73.8805
10.4743
56.7967
70.7937
40.8798
26.9589
24.3259
74.6222
64.0087
42.6911
87.3254
54.5074
62.6144
51.6865
26.7328
74.2305
95.3602
9.33578
46.1477
88.4321
7.01184
87.0222
27.7109
37.9857
63.9718
88.331
96.3924
13.2077
3.05986
37.7915
56.4235
15.1405
68.595
17.824
77.1984
75.085
13.1028
26.8579
70.7108
47.2917
74.6815
95.1407
56.0945
52.6384
39.2802
56.9493
29.0356
14.3756
96.7326
82.9892
56.9107
61.7068
93.3938
4.78035
56.8001
55.228
32.5942
74.2163
76.3039
96.6633
67.0866
69.8204
30.8005
84.6118
70.6663
90.0684
32.5198
79.1066
37.9035
20.5862
2.27115
2.85277
1.62077
34.7968
45.9398
1.97512
69.3785
93.0315
85.6213
2.24331
66.2484
20.8341
33.3485
54.5547
73.9245
56.9234
71.1364
36.0525
86.0661
77.4846
45.0749
90.8422
22.7653
69.4105
38.6871
65.0004
75.5643
9.50855
45.7437
64.47
63.066
42.7779
71.0219
94.2076
14.1169
95.1878
6.46624
9.20569
70.0327
50.3582
80.1308
92.434
6.1817
1.21517
58.1918
42.6704
71.8822
62.8584
90.646
51.1677
97.4304
8.75451
77.0346
45.4485
6.64674
86.5095
97.4537
67.2598
99.7054
33.6734
8.05933
32.7841
96.7405
64.0415
51.192
14.1214
17.9486
2.05166
76.547
74.031
87.1712
98.2006
86.8034
67.1142
53.3881
37.548
77.3506
72.9085
84.0836
39.8583
20.8339
25.545
41.1912
87.5971
33.7007
3.62461
80.0999
53.926
54.4264
8.57754
27.056
13.9252
48.5844
96.4606
90.9459
93.462
56.2076
51.5652
71.45
74.9484
80.4683
55.8824
22.4112
16.2161
55.7033
13.6786
38.1747
82.5418
52.0995
36.9633
42.1406
44.1912
70.4692
19.8712
90.9162
69.8362
20.8083
65.5376
19.1762
95.0607
55.8265
28.4231
29.6714
62.7647
52.7571
24.8216
70.5468
62.3471
88.6202
54.0414
27.6613
77.6277
13.8309
25.5308
39.917
78.6848
37.2343
40.4435
96.7166
74.5207
89.9221
79.4381
95.9886
65.313
84.8066
16.8451
3.92283
89.2232
5.223
82.0034
45.8842
31.4586
42.6067
0.30298
80.9772
89.9608
23.2275
66.0615
88.8589
98.4135
37.551
17.4397
15.9689
6.64372
29.1203
16.8834
70.5474
32.5873
69.2716
87.396
64.6934
27.1729
3.86766
20.1447
28.8733
59.21
74.6695
48.5696
95.1231
13.9838
28.4034
5.56559
88.8548
28.6535
34.9146
36.8038
99.6789
78.1941
67.3082
43.051
50.1869
69.9812
2.97131
73.5191
21.4654
46.9314
29.905
50.9217
16.868
38.5486
79.787
31.0596
98.4255
88.0067
8.22856
79.6503
57.5896
27.6217
52.0017
58.3282
78.4439
37.9716
99.1376
85.5435
72.4875
76.5045
64.2277
89.8801
10.5307
30.1551
59.8689
51.8028
33.2493
59.4142
3.93356
81.8197
52.1286
77.101
73.5901
15.9688
17.3807
92.9712
64.1312
38.3026
60.2106
64.2149
27.0941
0.83651
12.7987
62.8275
89.1504
70.2612
98.292
29.3845
91.3543
14.7652
69.5511
12.0763
82.6751
68.8965
33.1806
8.39867
3.42302
74.3136
29.995
12.504
55.9801
21.182
72.1237
23.4147
15.8886
12.3089
62.2996
16.6252
88.8406
68.4048
7.76195
79.6259
38.8164
5.10195
39.7723
53.4572
87.2527
7.59978
10.8736
37.4148
57.5511
21.8999
30.5561
33.6051
79.7607
79.438
35.5051
70.5057
69.876
48.6943
93.6053
74.2482
50.8605
82.9495
1.40276
10.6351
88.9601
1.67617
78.9881
95.7307
74.4345
35.4828
33.1997
7.63951
55.7448
94.3308
96.8491
59.7313
94.7582
56.9784
9.62104
7.76835
76.1351
40.4409
77.4959
81.2006
70.0678
14.5385
3.88511
24.6711
72.9708
12.2775
46.4392
81.6414
6.95338
30.8353
43.7823
8.11538
83.4125
16.5407
7.21775
39.602
88.1271
90.1296
66.2785
98.7811
63.8175
79.2098
80.5085
79.6162
23.0094
66.6317
38.6897
61.3557
88.6504
67.2444
43.9431
70.1979
76.5612
83.805
56.2538
20.1051
61.8846
80.48
87.1808
60.2558
23.9768
68.4851
72.3042
39.2727
63.8272
35.2859
90.7421
52.3378
36.0256
54.079
86.4942
14.3831
71.6906
99.629
86.6156
32.8628
73.3706
20.8386
63.5483
73.6337
4.31916
17.3046
11.9646
25.3124
15.6052
40.1906
72.4774
90.0663
61.3383
74.544
40.4253
93.854
4.91563
10.7013
23.8419
97.1523
75.5438
7.34158
92.7506
85.2084
94.4741
62.2998
24.3625
50.426
38.8085
69.401
41.7833
11.4136
36.1098
34.5366
6.51286
37.5051
60.3273
6.78311
37.9635
78.5667
89.3408
41.4904
88.6615
48.1744
34.4656
83.6614
66.915
79.2468
56.8121
11.1133
93.858
50.388
42.2159
36.8864
35.0043
29.9538
32.2132
41.864
87.7249
24.7816
89.2771
15.6387
51.4366
96.1123
84.825
80.7881
87.7313
75.2233
44.8294
82.6581
43.9957
26.0893
72.5651
3.00543
51.7486
86.0162
42.2858
81.2846
71.2825
81.0468
96.6414
74.7382
74.6934
87.8207
76.6715
65.1968
35.9249
63.5128
50.5132
32.6323
37.0466
49.8204
80.8237
22.6429
92.3237
51.6224
58.2885
71.4545
86.2844
82.5993
15.2156
29.5075
59.2359
49.8792
65.7635
37.9892
1.84524
19.5271
97.3205
82.4548
15.6318
74.2077
5.34739
28.0367
92.5227
45.8293
95.6902
1.03728
41.3665
74.9305
50.6035
51.644
91.8556
38.785
40.7039
26.5402
68.1335
97.6408
51.6811
81.2614
96.6571
86.3837
81.9336
99.3263
82.6758
14.9867
95.8863
23.8345
88.1939
13.1899
4.69452
87.9297
47.6849
62.3263
76.506
75.7718
45.8776
77.2876
96.0906
45.0408
8.28125
42.0341
24.0446
39.2409
86.6583
3.42926
51.4661
79.9213
55.0569
51.6172
16.8976
81.3292
7.86789
29.9974
27.1936
6.20224
20.4144
98.0675
47.5486
17.7941
12.9112
15.8644
39.0419
87.481
45.1637
57.8295
9.05724
12.8197
82.2963
22.0858
10.2273
0.0783229
27.4711
67.6863
96.6249
28.4075
28.6454
65.034
8.27788
32.3438
19.7655
62.626
99.2259
40.4635
21.7721
19.2925
62.8135
67.2872
80.9473
55.7034
61.4554
66.3848
91.9512
94.9971
77.8966
8.40239
6.19128
85.5935
74.848
56.6989
62.3738
94.4049
6.10185
69.6974
95.8518
84.4643
10.3669
58.5524
51.2814
23.6623
11.3472
45.533
40.3907
62.4624
84.3575
1.15678
90.1953
37.5049
58.1989
59.1307
39.1896
79.7403
14.2282
83.5817
59.3467
72.2831
11.8885
15.9869
93.3804
26.8747
90.9895
44.8212
86.3949
30.3336
35.4138
22.0547
67.2465
92.1624
56.5215
24.0575
37.9423
63.4397
89.003
13.9979
78.5871
90.6283
89.6885
61.2006
52.4236
0.871836
52.645
4.02959
8.88623
20.3581
64.0057
83.4707
5.07952
36.5753
54.9114
89.6956
71.7229
11.9651
45.419
90.4565
29.8989
89.0642
60.921
69.6683
89.7787
14.3
94.288
82.9334
27.8542
35.8271
50.1292
38.5229
64.9169
15.043
99.0702
88.5475
85.9067
23.227
93.0176
78.6329
99.302
33.901
84.1061
6.13808
19.6869
75.1674
32.7165
39.7765
58.572
92.0193
67.1981
76.3574
58.0817
87.9183
32.0567
40.3945
34.2263
56.6756
94.2558
6.28464
39.5069
59.7417
23.5103
19.1344
74.8799
18.5357
4.20449
78.8136
93.9107
16.8096
9.77841
1.94351
90.2125
66.1592
19.2462
30.9782
30.2365
60.1931
93.7809
81.3043
42.6194
41.7212
13.1797
78.9882
92.2709
24.2957
32.732
35.8611
46.7536
74.8932
53.2699
25.3927
78.5832
46.2439
74.9187
21.1019
1.67876
1.55795
36.7473
8.93429
49.2121
16.5224
42.934
82.08
86.7927
59.163
97.8175
61.7913
14.8085
70.9438
84.5062
1.9715
58.5333
81.7985
36.4183
1.90073
19.1421
61.6933
82.737
11.8414
96.4045
12.2859
3.41787
78.5318
61.9604
41.1374
70.961
89.9654
35.7665
25.227
73.4805
21.976
88.1551
49.4383
26.2084
44.3446
10.9939
28.6809
90.3794
75.5753
95.9435
8.45599
82.8483
41.9905
43.642
36.0631
15.697
66.6434
6.16598
42.81
18.5835
47.1351
97.6765
31.7474
66.7367
93.9584
38.2278
28.9746
26.4088
41.083
41.0543
9.96688
43.1223
7.02782
5.26009
4.13957
71.0364
39.5942
42.0334
92.3148
89.075
54.5595
27.2276
63.1613
74.8077
77.2435
42.8406
96.3512
12.3235
52.115
48.6422
60.4846
21.9541
14.4801
89.5968
21.4948
94.7406
10.526
96.6785
73.3833
60.0695
91.1678
7.87805
7.47617
19.7877
69.5217
87.381
48.0497
23.2545
4.66659
99.5406
82.5348
24.1115
99.8488
90.8761
81.3003
28.656
5.61213
96.6125
99.9526
44.7914
77.4123
64.9087
0.411907
66.4261
46.3715
96.3343
54.5616
11.607
35.2886
44.6543
44.3495
0.752343
10.853
70.9613
9.42175
62.3221
2.98298
28.9871
28.1029
97.0125
58.4578
72.0275
22.9374
88.7678
72.2276
66.8805
81.2199
17.696
25.2115
97.0765
93.7925
10.9781
14.0411
37.295
94.2622
25.8354
75.5474
86.6453
62.6438
73.9848
11.895
87.2765
89.4401
36.1521
19.1782
55.1611
59.7338
57.1203
51.9508
52.5986
54.9837
77.2054
74.9206
70.2494
73.7445
1.18523
28.7141
8.03279
62.6231
19.0866
12.3752
18.3166
98.5467
61.4526
97.5786
38.2153
33.3903
64.9442
22.6169
81.9451
68.518
24.1529
77.6479
16.0148
71.4356
38.7667
88.6757
34.8049
98.3129
37.6739
64.925
12.9885
95.7038
55.4336
21.0394
28.7939
16.2864
4.97043
78.5756
89.4153
47.4242
13.7798
85.7067
97.5905
94.2628
63.4126
42.0467
34.061
28.0863
16.884
0.280565
60.3749
57.9889
35.225
41.5929
36.9816
5.91312
0.00353795
82.8236
15.4956
63.9979
63.7321
33.2154
43.6417
96.441
11.4982
71.6535
77.2728
55.5836
7.41106
6.42313
47.4765
86.2215
19.3961
18.2692
38.8604
88.567
52.6771
4.15941
74.9161
34.9288
46.0331
80.5048
19.5175
50.4916
67.4621
29.6935
8.77553
80.8622
5.51692
93.0313
7.44594
23.744
75.0079
37.8114
63.2763
27.026
89.0355
54.9588
24.6199
35.5082
0.161243
86.6051
68.6735
98.0492
85.6165
5.85327
36.6449
46.5182
64.7386
81.2297
73.592
79.9092
73.1025
26.6737
63.8086
87.5562
75.6069
11.0114
85.9422
81.7073
68.3804
27.214
92.0478
58.123
79.5958
15.9195
30.1287
64.1914
89.0575
96.658
27.0344
48.7533
78.9181
24.2347
17.214
43.3949
86.9313
58.5692
35.6438
42.2719
61.5729
29.0134
27.3756
66.9183
37.2863
46.9534
15.0707
84.3945
16.8033
92.8209
76.6657
55.774
79.3038
90.4177
65.8865
39.7306
59.4179
85.97
44.7741
64.2131
19.2315
60.8474
42.2294
25.3024
86.5163
73.4565
68.8601
94.7003
78.2304
91.7315
25.3476
41.7824
69.3341
49.0397
99.1717
85.7171
29.0507
1.8742
2.04718
13.7178
94.7512
7.70546
38.6798
92.3002
47.769
81.145
33.2824
73.5769
10.1262
13.4768
67.8723
41.5113
47.9714
91.8875
71.0522
70.7505
15.9209
20.4371
20.7504
83.1169
23.4568
4.64017
66.2272
20.4127
77.8574
22.8355
9.6177
65.1881
80.7011
14.1403
26.7767
71.403
10.1165
67.3195
61.4172
43.613
28.6058
40.9859
65.5061
35.0374
87.9856
53.849
73.03
3.23761
96.1702
71.3026
96.6055
82.6204
52.089
55.1958
59.9599
99.411
96.5348
27.552
9.91138
19.6185
36.3307
81.1024
50.7342
90.1862
94.2096
99.1052
39.061
49.3794
49.5138
65.3374
62.7877
17.8329
34.4458
20.7976
41.616
93.2126
68.9884
97.2754
92.6928
70.0561
77.5472
96.7896
72.3039
63.2735
4.26104
58.0228
88.0633
26.222
87.3809
82.3567
22.305
21.3909
42.5581
1.58182
93.1408
60.1359
60.3619
52.2963
24.6548
70.3846
5.18753
2.39715
21.502
21.2956
62.3831
46.279
87.8285
35.1545
56.124
72.6978
53.6022
46.4459
92.3
50.5455
44.2716
74.778
4.19253
89.5065
76.1105
96.5468
67.4261
22.94
50.7055
26.5099
60.5903
46.9942
46.9105
58.3723
54.2499
62.0943
56.3359
49.7076
32.924
0.408403
21.3032
13.3435
60.5111
11.2251
93.948
52.7123
52.5163
81.0118
58.0975
74.2917
98.8254
17.8054
38.6402
20.0242
86.4514
73.748
68.1177
91.8304
96.754
97.9244
98.5686
86.9537
14.0883
20.0825
10.0412
83.9458
25.0341
57.5813
44.8351
58.1165
12.5932
87.0043
59.5529
41.9359
79.5637
52.0994
1.81031
21.6741
44.9749
29.959
70.0095
56.371
33.8047
54.1439
8.42882
11.4807
31.1969
92.9716
36.3632
94.1815
78.8856
70.5117
46.2596
27.9767
25.6361
9.86056
62.8723
54.2424
59.4283
13.781
67.0177
86.3935
41.7069
87.2762
42.0274
39.9449
63.7609
54.0989
7.89479
74.7648
7.78776
2.42332
79.6902
24.2994
94.2455
42.26
3.66242
39.9146
87.9707
54.5392
57.3306
32.5482
91.0325
93.004
76.1458
37.8751
93.2155
74.9628
50.5564
45.594
42.8124
23.3305
88.4377
71.3816
18.3048
38.4635
97.2631
40.9717
96.6788
55.0958
36.8736
26.3488
69.1834
45.0166
41.9314
7.39373
29.1963
25.5514
80.4784
64.0757
59.6224
6.23758
7.66423
38.7405
94.0096
57.5817
16.1074
87.3565
28.8396
99.203
23.1245
22.388
42.9827
20.9931
90.6836
3.67937
21.831
71.0698
57.8904
8.03108
43.4928
63.4766
63.0895
98.8873
74.0976
43.9576
81.5729
76.294
55.5514
44.705
46.4864
96.7477
96.3158
62.7451
44.5141
3.60021
14.9472
96.1822
32.9153
33.0083
35.6608
69.2574
57.3246
59.1082
42.5171
2.92919
26.1379
3.08984
63.1915
30.3324
94.2791
81.9834
57.3847
17.2171
18.0757
72.7729
35.8655
72.166
67.0361
78.0745
10.842
49.0502
31.4873
91.5067
45.286
2.44361
83.4292
47.7516
22.3541
21.3397
4.44924
30.1738
2.88171
58.721
82.0336
71.676
16.6744
49.3199
10.2824
17.8553
26.529
51.2241
8.40996
93.1352
43.1398
71.1623
92.3704
62.7885
84.3401
63.2977
85.554
96.848
45.564
63.4416
67.0986
18.9486
93.4899
79.8224
5.4655
41.1667
6.53435
40.8921
24.8639
60.9115
9.37948
3.32781
41.4423
22.2559
37.0839
54.4034
46.7834
13.3137
70.3218
40.8345
47.8661
52.2825
19.0438
21.9813
29.8738
18.4328
2.98641
90.1027
42.8528
27.5047
84.0781
39.0689
29.2555
28.7051
66.6195
15.1817
21.4211
18.3571
8.29882
11.9137
90.2883
3.2052
71.5407
96.7609
56.3423
91.5723
13.8357
95.4272
61.1563
34.7725
5.90369
94.7529
39.0705
58.6989
46.5016
23.582
84.5618
24.3667
77.904
13.9524
35.5919
11.6593
8.24724
90.0119
61.3887
74.187
77.6585
9.47496
12.178
44.1266
21.1955
60.4964
65.6072
82.3391
86.1247
39.5014
54.6089
39.4517
11.4267
44.4202
91.2628
46.5296
55.4534
86.7683
12.3482
15.4988
87.3662
23.7067
20.6417
37.3674
8.52283
46.2913
2.27262
50.6895
95.5296
84.6947
62.3936
43.4879
52.6848
68.444
88.6648
91.3613
33.1497
90.1121
90.9024
68.3181
58.2509
70.3144
53.7771
30.4247
21.1356
10.5644
92.2891
87.3065
35.6311
95.8985
88.0404
24.1352
44.5902
18.3646
15.9969
49.7353
58.1107
42.8923
78.4485
73.9781
43.7295
87.1231
31.9173
73.0967
78.7662
54.6652
73.5851
11.0268
3.67622
22.6356
83.3291
6.45204
41.0041
67.3515
19.4437
67.8256
59.457
32.6089
15.1406
47.9096
56.2203
86.9164
78.0838
42.5483
5.00213
39.5349
95.761
82.6752
7.08627
75.9636
52.4741
42.8672
94.2424
53.9429
95.0008
5.57112
7.69067
43.0901
70.4324
8.95804
20.7078
70.2371
41.4582
76.887
33.9322
29.7671
64.1187
12.8235
52.6391
87.8433
41.6735
55.1031
18.417
37.0132
29.8219
3.53884
92.3215
71.483
37.6414
9.38931
35.538
13.5449
14.7651
21.1194
60.321
53.5634
51.6714
89.1949
62.524
92.7875
72.0276
38.0976
33.0386
97.6309
96.5497
45.9206
36.5008
67.4535
23.5362
69.0306
91.2085
10.8763
75.3576
81.2122
35.2973
45.3327
16.3066
22.7959
58.1292
38.2285
28.8505
23.5963
30.1266
46.1783
97.7424
34.5274
52.7784
80.5398
72.9281
6.61564
7.99698
76.9997
88.7773
17.3287
75.3464
86.3879
76.2873
12.3133
53.5394
3.09587
21.0669
27.3313
0.741656
91.2933
62.9492
54.8688
29.3286
64.6148
44.1141
81.1553
53.3395
36.9499
8.89244
20.0092
60.1148
66.3098
13.618
45.9944
13.3136
84.5342
13.9542
83.993
91.9518
12.9665
73.2351
47.5277
34.4297
31.4977
6.10026
15.7697
78.9566
93.9714
65.3984
83.9023
35.1731
44.7961
13.9372
71.3155
8.11997
36.7427
96.4865
11.9447
2.46409
35.4437
67.3864
8.70664
1.24636
88.6544
17.5072
48.1664
23.2461
85.1368
78.2385
7.79495
16.1603
42.3463
49.379
12.047
11.1291
13.2225
41.0269
3.7615
82.0067
31.7714
10.2251
21.5382
41.6452
14.1338
49.6929
76.2665
33.4514
32.828
17.4699
20.0044
83.8597
3.98458
45.2417
60.5298
86.4012
15.6018
49.8281
87.1205
12.0056
9.47432
3.20375
17.163
28.8121
39.9964
56.5068
7.98794
70.5468
14.3132
93.0866
85.5828
24.945
17.5226
20.7248
77.0486
26.4962
38.0428
70.4525
50.3487
14.444
99.3135
27.6292
96.6144
1.85837
59.1762
65.4953
66.3066
93.493
85.029
62.9436
48.5526
13.4177
84.4692
16.2879
98.513
21.9617
57.0373
99.4371
90.5266
32.9473
8.83389
87.299
3.66089
94.7505
60.7676
57.2668
23.772
1.33808
0.100782
94.3543
36.0584
8.27317
64.6824
12.6473
32.3425
6.17741
66.0298
11.9305
58.8194
40.9058
94.4297
48.9365
2.35669
93.6679
5.2845
17.6706
41.3985
81.2775
91.5462
27.8358
92.1298
75.7479
17.6963
18.479
34.8759
42.406
10.5398
44.6938
51.7151
78.4435
32.0855
42.7899
35.2062
46.7986
54.3931
16.7367
58.8478
43.9492
96.4969
47.9319
34.1485
45.3588
70.9424
50.3184
43.8066
68.3998
32.3949
67.7972
62.3763
73.1604
63.5282
73.9895
49.898
53.7095
24.7727
95.3727
44.3425
7.3601
49.3594
60.0152
57.3436
97.9425
42.3118
81.007
68.0924
53.0122
18.6721
93.1221
33.8311
71.8438
82.0431
67.0208
25.2958
50.7818
22.6821
0.0892731
14.8987
20.0149
99.4922
56.4412
67.2542
43.4249
29.1778
97.39
8.46461
46.542
35.9979
28.2096
89.8064
27.091
27.7728
59.9948
44.4255
22.7376
41.7304
56.469
30.1403
53.7132
11.7916
84.9763
21.7518
49.643
98.8045
35.7655
70.8318
0.289059
16.1033
53.9593
30.8538
0.304336
25.1848
13.0721
7.65216
87.0034
75.8297
90.3137
17.2526
50.9611
29.9649
37.4533
65.9452
66.3189
57.9701
90.5088
26.4205
9.43839
36.5045
70.0541
68.834
19.1974
68.6576
75.3024
64.9493
3.46864
58.7688
45.9385
25.5224
71.7413
29.7993
96.7745
44.1198
78.0411
55.9987
30.7761
14.8466
43.761
38.1551
73.0287
99.7298
80.9699
68.9212
81.6438
85.5211
76.1956
5.97629
10.4966
83.3344
23.8952
84.1318
56.5111
34.6203
21.4139
92.423
55.0062
79.8285
58.0959
35.2525
86.1932
2.24744
51.6777
89.2822
51.2917
25.0379
11.2296
20.0843
36.8802
72.8396
69.0563
2.14115
17.252
1.48651
84.5732
46.6198
82.9084
88.9297
23.2495
96.3529
4.27654
3.28005
85.8954
12.7152
34.6996
12.4328
38.9799
91.981
2.86543
16.0563
34.7122
41.6231
29.9725
74.6415
67.8475
0.285996
95.9254
61.6591
30.3769
74.2964
39.5733
91.2235
47.7401
82.1252
87.2196
57.9505
32.4437
64.2047
37.8372
99.4603
80.8534
9.05439
16.6732
64.7012
11.0165
51.3851
23.3469
25.6875
51.8379
0.914927
62.3007
80.7768
27.7238
48.301
40.0662
3.91591
72.0833
96.2853
23.2135
1.19468
64.1345
53.3192
77.6041
60.405
97.0414
94.2458
3.56134
64.3733
48.7928
81.7627
12.0017
83.2462
71.2608
4.35112
64.8586
28.312
95.0014
20.711
66.0526
54.0925
55.8045
50.3809
97.6248
7.63963
28.7039
81.8599
92.3508
3.8664
82.8364
63.0819
46.6513
31.0022
78.8198
40.8758
16.9223
9.61416
82.3644
65.2056
50.1423
63.0446
38.1876
66.4748
70.8785
49.919
71.9595
51.333
85.4023
58.0951
28.6143
40.5091
67.6276
53.6339
84.9684
57.3097
82.7356
43.9284
78.461
77.1729
20.267
13.9268
18.9062
77.0173
77.0605
13.962
