50
50
25.7558
17.8844
65.9677
73.9373
3.33457
2.33463
64.9441
78.3641
83.8994
46.6991
38.5938
32.6791
1.48545
73.6175
92.7769
10.6073
47.8011
13.5494
16.9264
72.3728
36.4055
65.613
73.0278
27.4552
98.5872
17.3515
56.0055
79.4538
73.0022
48.4387
3.79491
21.6629
22.2126
66.8987
65.375
80.0065
79.7354
23.8204
83.0379
51.161
9.78106
18.9589
82.5359
17.2858
23.6165
38.2604
95.5448
48.7111
38.7359
50.7601
21.7416
27.6721
21.3809
93.186
1.70321
5.1589
6.47056
75.139
47.7411
16.7572
72.9958
49.5332
36.7679
38.6891
63.8303
60.1217
4.81772
82.2596
80.0603
2.17399
0.0855393
56.2921
46.4463
72.1543
88.4917
23.028
44.5071
70.6325
26.506
80.7864
27.0623
8.08734
55.3793
72.3908
31.7574
35.1605
8.1695
79.1067
87.3281
80.3576
85.0561
71.8997
8.92432
94.261
17.4815
51.0678
55.3027
4.5196
23.2508
87.9487
92.3635
64.5907
3.40287
45.772
69.3468
61.5802
23.92
45.2447
51.0043
94.107
70.4326
57.7707
27.0825
46.1515
3.64426
88.0204
41.7512
98.9893
30.9882
72.1568
15.6137
44.2988
14.8276
94.1592
31.07
27.7227
91.2154
11.4458
38.6593
42.3547
99.7192
25.046
17.9031
47.976
68.166
89.3352
67.4121
18.4744
7.78693
58.0153
56.9459
3.28777
27.1974
70.0868
59.2483
67.9627
59.8456
13.587
51.2372
71.1748
41.4896
94.3524
63.7978
28.4701
71.9329
92.5431
74.9529
12.9028
8.15559
66.9228
97.4671
63.5667
65.3145
32.3376
20.2437
6.36802
31.8099
51.6733
40.2209
17.5118
45.5493
48.0285
93.101
82.5355
5.67512
48.6822
92.6417
97.4184
78.4939
67.6389
39.7428
87.7984
60.9331
92.2059
76.8916
15.551
43.5825
27.024
41.3268
3.84435
91.1824
6.42139
29.9651
45.5443
71.8142
78.9164
0.0943493
15.1889
79.2367
93.9621
98.6758
99.2968
96.4953
8.45943
84.5073
57.9262
37.7064
23.5637
7.45359
98.4898
25.6861
86.508
35.9497
86.5895
30.0597
75.0824
29.8886
77.4546
53.097
82.4855
78.9702
29.7727
32.4166
99.3278
97.545
96.3864
52.3448
12.5454
49.4924
57.3925
70.7667
23.111
73.9102
34.484
93.6152
79.3823
1.56672
7.49172
36.4362
92.8284
70.6626
73.2755
64.8027
66.7683
27.031
89.8149
16.3199
82.5516
54.4827
28.8561
61.8406
97.2302
17.6993
29.6577
66.8241
7.27116
21.0462
22.749
15.7436
24.7588
11.9207
12.8452
13.8912
58.4433
95.3153
47.9062
34.3834
3.48184
92.1451
25.3076
21.0503
79.5342
82.6989
79.5405
66.6112
1.77177
39.3342
36.4709
21.6406
12.0654
65.8253
7.75432
98.7978
93.0007
33.2758
56.6745
64.0843
40.1623
35.1967
91.612
90.0248
29.8949
95.7841
39.3548
75.7604
14.9505
88.3556
13.2199
71.9816
35.4014
66.1012
91.2077
60.172
12.4902
86.8893
69.0575
5.70259
9.62636
2.00156
67.8549
8.07796
46.9012
46.5171
82.5543
48.361
87.0628
25.9989
33.6954
5.03368
76.4741
11.7586
50.1121
77.9127
69.3498
11.2116
55.7658
55.5126
37.0329
59.3012
21.9801
45.6103
70.1985
50.501
7.46071
81.9934
90.8043
36.9074
12.1022
43.5374
12.6583
94.4506
25.8876
9.71445
26.5041
83.285
91.8006
54.6166
77.126
90.2215
91.6087
30.9717
70.4884
7.52495
91.4195
33.2702
6.8455
22.8077
71.1583
10.3894
76.4783
62.304
2.69088
21.5873
79.4189
91.2821
16.3484
85.4385
24.0681
37.6449
17.6833
31.9883
70.912
23.9058
73.4638
82.2131
25.317
4.60941
79.1694
2.47242
1.8847
36.093
31.3975
13.49
59.4399
57.8722
11.7437
41.2038
63.8273
97.8985
5.90548
45.202
76.5334
15.4793
50.0037
45.7236
96.6718
52.3833
63.9723
41.7643
72.0708
10.9755
63.6352
97.5496
93.0582
14.3538
89.3975
82.0928
99.8594
82.978
82.591
17.423
42.4469
71.4362
54.1936
93.4389
83.9439
23.2944
58.4246
67.9327
90.3528
1.95833
39.9668
6.14199
74.7879
30.2638
51.6938
87.2218
69.3227
26.8594
36.0399
94.2545
16.5228
23.4929
88.4854
3.33137
26.5531
17.0313
12.8443
28.8074
73.3969
78.9981
18.528
43.6859
69.459
3.34671
49.8914
4.4138
90.4906
97.0204
12.5559
3.41959
63.6534
9.18825
49.9862
84.2796
75.5292
13.4343
3.47697
66.5206
96.699
64.6454
2.84011
97.2431
70.1786
92.824
56.9086
93.5736
21.0816
17.3934
8.18351
59.9181
53.1074
0.951045
36.5842
84.1042
4.1694
82.3843
26.6063
90.4629
72.8521
64.94
59.087
26.2469
19.9943
92.8131
19.0191
86.8214
52.3011
68.4902
21.8363
5.32968
3.83487
53.4107
60.7437
19.3813
36.7988
35.2226
89.9816
66.8833
53.9504
96.8356
7.60224
65.4949
95.7444
9.31667
20.2398
59.4849
12.9575
47.052
56.7261
81.5845
59.8717
24.4318
84.523
60.6007
12.1475
93.8599
89.1787
19.4003
1.13091
83.5437
3.78957
58.1207
62.3952
52.8519
34.8049
13.9384
92.7898
31.559
30.4963
96.1838
15.0782
99.9424
15.8212
87.8634
79.8678
37.1749
51.3275
5.27866
9.06529
89.4957
4.29018
25.0787
92.414
70.756
95.6029
2.66977
3.75667
42.5649
89.5246
28.7602
44.7937
76.6709
43.3115
1.73871
56.104
74.7525
12.2787
50.4842
3.0732
17.5415
99.8179
75.8631
22.853
19.5081
10.7875
2.77943
97.4423
86.2697
83.5546
90.5007
65.1628
18.1694
54.0689
35.1021
98.974
54.4465
77.7046
22.4996
18.4174
39.1859
12.1149
17.4915
96.6633
42.6014
95.5708
44.0938
72.0855
87.1084
39.5467
4.82604
93.862
82.6994
4.23452
22.114
53.5002
5.14034
14.9554
67.809
72.626
88.5345
61.8548
76.0889
53.4499
55.6073
85.3354
23.5006
62.2717
9.40365
9.44245
67.9119
97.3728
80.6482
59.2883
10.9046
19.5312
71.7556
56.2689
43.3026
56.8193
80.4504
92.5083
89.6024
76.8463
84.4519
51.1601
26.6074
72.1851
1.07846
96.7263
32.7083
51.7705
23.6557
54.7404
70.5314
12.6089
16.7419
72.2354
17.2635
14.0522
67.3698
91.5632
16.0659
77.5192
72.7633
5.4134
54.089
98.3819
92.2563
55.028
13.2056
66.4576
51.137
21.4502
78.5492
35.3373
1.32096
61.2273
58.8537
84.715
17.6223
90.0483
76.8095
26.3951
68.6084
71.7768
62.403
59.1069
83.4153
64.6388
37.2731
36.7527
48.6278
97.7729
95.6451
32.7845
46.2954
50.9173
31.2781
85.6139
37.0609
25.8213
94.482
27.5818
90.2454
79.7493
68.3066
46.9972
91.7655
99.5532
14.147
17.1031
6.57779
43.7486
90.0494
12.0155
4.02399
98.8437
47.8852
30.2293
60.8169
18.3156
20.3828
96.9677
34.8956
92.1573
28.9925
48.6179
63.2352
74.5597
11.7669
27.6215
38.0606
18.5948
91.7287
41.2754
70.2849
78.2113
3.59592
7.74452
51.1999
5.97257
74.4957
48.1774
34.0996
77.3241
49.3939
77.3019
29.5856
39.4541
26.472
7.42614
36.5361
22.7443
29.8475
32.7545
60.4915
98.7388
63.8838
13.4833
88.6693
26.1419
25.0007
66.2074
10.968
16.3573
73.8296
99.2658
52.1845
83.9332
67.8076
1.54584
37.3419
20.7114
55.405
67.0746
26.1099
96.0194
65.1895
30.3415
38.1013
89.3727
27.62
13.7126
61.3228
2.39751
56.3056
23.2661
20.8851
45.676
18.4945
77.4585
26.2823
10.2094
67.3352
3.82599
19.5127
10.4057
9.11242
99.0943
68.1156
84.1967
8.86297
50.4196
40.4556
83.0903
62.2134
35.7523
93.0607
47.5948
33.2542
70.4739
85.1425
24.2597
71.6897
45.8423
51.8718
6.87654
32.8181
35.3423
54.098
23.9888
36.076
43.6513
56.2412
34.9421
1.08326
47.2035
94.219
20.1575
52.1499
45.9111
15.6952
4.21682
63.2056
61.4659
6.0286
58.9238
24.8849
81.2438
73.4881
48.6861
68.9075
65.5671
37.766
28.309
75.0388
61.3897
43.5426
90.224
35.3305
7.33106
12.1327
13.2526
27.1115
73.2459
78.8205
44.2336
85.7441
26.4773
31.6268
0.578564
61.3524
59.8859
76.1111
55.4591
95.1931
10.2506
35.7571
25.4166
11.0251
53.6781
61.3249
68.3231
97.7103
95.0347
90.5036
6.00342
98.7352
61.7898
30.7512
67.3458
13.1033
28.2279
22.3926
67.0786
85.6965
93.3637
24.404
24.0795
37.2067
67.8327
10.3562
24.9849
12.6376
22.2854
46.113
16.2334
73.1425
82.1314
25.8235
68.5628
63.335
47.623
10.0943
3.21402
33.5636
89.4764
80.8214
22.6166
64.1246
48.4467
97.1969
23.9644
39.1769
54.9748
57.4693
71.9319
49.78
67.2221
33.7168
7.33813
89.8027
48.1449
67.6929
35.703
97.7768
35.4697
30.6017
53.2421
76.1455
89.4504
21.4929
14.6539
94.2953
33.6249
27.9185
16.2621
32.163
39.5664
33.0127
74.1673
13.0742
21.4851
19.5683
67.7035
68.1838
4.13893
54.1793
60.7635
25.503
62.2333
64.2687
96.5998
17.8406
35.5651
98.4892
36.1765
80.9602
24.6748
11.7969
43.8351
80.1067
80.7147
97.1201
69.5563
41.4552
69.9878
50.5059
5.87808
65.2423
12.4917
91.5033
73.3773
25.3526
67.8171
7.69107
55.9874
0.742567
65.9894
63.1557
64.0778
57.2718
3.62592
37.2216
42.437
66.0025
44.1792
90.4226
35.4937
27.3864
92.6078
60.0991
57.2672
53.3508
6.04666
29.0993
76.4715
34.9765
97.3064
35.4849
24.9339
61.1808
12.4134
23.4173
24.6148
1.07814
82.6738
43.55
51.3
55.012
29.256
92.6604
91.5025
12.1766
44.6264
83.034
74.0408
87.6012
62.3682
80.7318
0.0161379
65.9023
37.2282
53.5831
12.2659
41.4121
45.4817
34.0945
31.9979
32.3264
24.4931
30.5929
9.29711
7.25017
86.3207
85.052
31.8105
3.63663
8.34727
13.5664
31.6511
86.1834
7.93444
65.9636
97.5106
94.5259
42.3866
86.022
51.6681
61.2149
23.9539
6.65664
95.9947
78.8264
77.0049
33.1889
97.2454
10.6033
60.5573
12.9769
49.7495
87.9211
25.4073
36.8447
96.939
91.0005
49.0117
37.866
47.5313
65.3199
16.55
5.9168
84.7666
29.967
88.611
44.9729
88.3542
99.4909
42.6633
10.8888
54.1736
18.2059
12.8384
97.4464
57.6762
56.44
2.83169
64.5224
50.8502
55.7144
30.7941
52.9736
33.7119
8.38556
15.6852
21.0244
80.2564
25.8524
12.8956
55.7425
5.20982
78.7615
69.0269
15.2197
80.8529
53.7841
23.4222
21.1607
70.2451
12.1759
22.5261
78.9058
90.5804
83.2944
12.6515
67.8373
68.3216
58.1754
43.2972
76.4681
97.8301
54.5328
68.5983
90.2084
10.0088
34.5387
24.2562
20.2237
58.8733
30.8876
63.8291
58.7201
27.4668
95.7607
84.0088
38.1239
23.2945
45.139
9.14382
82.4155
20.0732
55.0804
7.08796
31.3307
36.6362
17.9647
5.49166
19.2002
35.9479
66.1355
38.7205
25.3072
11.5166
35.5444
63.8471
3.20356
58.2889
52.6834
81.4013
87.4625
47.4292
28.2585
48.1978
40.6561
4.54957
66.4778
40.5008
43.202
41.8848
71.6247
75.1144
15.2734
82.8041
52.7673
31.2358
48.4247
59.7125
81.7325
52.6903
36.9748
99.1819
47.9004
66.2294
14.9607
25.0709
95.195
73.0367
80.3116
78.8847
73.4806
85.9702
27.1735
9.05338
73.3584
7.83777
41.9129
22.9864
76.6061
43.7044
15.0236
18.5309
62.0932
61.8578
44.2218
93.3972
28.385
49.1081
12.4708
85.6065
1.37576
55.8784
72.5073
9.54956
38.7471
61.0172
78.032
31.2318
40.9074
95.6496
32.6395
14.2964
83.8857
97.4772
45.691
97.1263
77.5043
64.7393
30.6518
41.4881
55.0745
86.8087
12.2918
91.671
59.8858
92.6322
4.49259
61.1569
53.1508
5.43658
35.2354
67.8713
85.3812
35.5412
74.0491
48.1188
25.0251
82.9813
69.7107
66.1061
82.7083
80.8947
45.0247
65.1098
67.3393
96.6722
21.6879
27.4097
33.5967
33.0788
26.6071
68.5868
69.2681
16.5121
46.9878
28.51
99.6329
20.7444
64.2266
72.9726
96.8553
96.3742
84.02
14.9564
76.5144
30.7497
96.7236
93.846
0.932123
10.6109
83.3345
81.2026
50.2167
28.1173
80.6948
94.189
82.0221
64.8128
58.9623
66.2092
2.08354
84.8117
86.8143
5.53652
7.08359
62.8709
39.6145
80.8073
54.3412
5.86748
82.4001
89.5679
15.2548
5.10181
75.2533
93.3248
85.0783
2.21062
8.81392
3.26817
19.4662
79.7494
80.9598
11.4708
12.8842
54.5222
61.9371
10.9848
97.6466
69.2866
71.1916
11.0296
82.9601
48.7628
48.9193
85.1013
47.5946
2.9358
77.9885
36.6178
16.1829
85.6376
92.8294
61.2224
41.266
55.5498
46.6135
84.5478
35.1978
53.0181
41.1393
91.4892
74.1361
84.668
28.9307
52.2646
66.6239
52.98
44.4922
65.3263
8.2865
39.5799
24.9559
64.257
32.3614
39.6371
56.3356
61.4623
13.0771
74.5394
3.25796
50.6766
83.2355
18.6925
6.85691
36.0634
81.4207
87.2816
43.2147
95.9523
66.405
79.8504
63.4004
47.5297
82.1263
61.0466
77.1103
67.2344
57.8322
5.5024
29.6017
57.545
95.7504
98.1236
36.0377
88.911
54.9427
75.7877
65.0452
80.908
60.4325
23.443
95.2475
63.6526
49.9221
47.8876
32.8518
5.21883
23.9746
28.4291
8.76847
24.6951
95.4847
70.0556
69.8786
52.9471
72.682
93.6107
81.7849
88.9733
88.6331
47.9017
30.1042
27.5863
34.9409
16.0582
77.2707
25.0389
77.1545
35.466
72.4456
49.0162
37.496
97.3904
6.47167
7.73167
93.8506
64.519
28.8441
56.5674
55.9389
50.726
87.6243
44.463
69.8457
67.5747
87.3862
12.3597
31.7094
48.1595
2.99537
23.0384
67.2343
72.8926
48.4036
26.8716
89.5733
31.1618
50.872
19.3297
88.8885
75.7459
12.5336
10.8197
28.2148
49.914
40.1989
24.9529
9.17803
10.8791
77.9473
43.6963
34.2396
36.0962
44.9982
80.606
12.8555
76.6618
62.3417
32.4454
37.1138
57.97
4.32486
76.0465
13.3943
36.6772
41.7992
36.6626
80.2478
19.2805
57.1808
2.84448
5.10417
69.3186
95.7991
8.42142
65.1105
81.7554
83.4476
51.5554
32.8776
34.215
88.9313
70.6389
9.48788
9.32901
13.6205
29.0866
28.6116
60.0907
83.6807
86.4523
56.3813
29.9912
68.1241
95.9712
87.5002
7.38013
3.1598
44.2937
27.7568
9.59941
42.4103
25.0324
98.9311
50.2865
39.7844
0.800674
17.4538
46.0351
81.1584
79.1212
50.2533
87.3849
66.7065
92.6597
12.4193
67.5062
20.4822
0.118451
57.371
4.42687
68.6593
26.0692
26.8436
79.485
39.0177
18.337
93.2017
88.5424
25.196
12.0275
79.2809
4.83829
47.2801
67.2247
8.38195
95.6402
82.3774
44.9314
95.5921
93.9986
8.17792
39.2701
69.0177
27.0625
59.2412
58.301
66.1497
25.8279
75.334
39.0135
34.7755
18.7673
3.6088
0.72654
24.4648
70.7886
60.0701
48.4654
98.2014
66.9006
3.46369
71.3276
9.80625
10.0663
58.7948
42.8831
12.7435
3.26654
94.5327
83.4051
89.1097
18.0806
62.6226
78.182
35.1873
25.9092
48.6358
20.5323
39.4009
88.6513
40.2621
0.347723
46.9907
44.2231
45.5788
10.6155
23.8742
67.7684
92.6834
97.4088
34.7462
77.7184
93.5898
29.9206
19.9343
48.7733
92.2159
62.0401
87.7283
62.6552
16.7755
53.382
68.6147
18.8664
8.40032
25.3729
1.0776
83.2055
58.8554
85.6421
25.7058
69.2325
15.0975
41.8361
48.2698
11.8016
27.9889
36.0378
30.1766
52.3777
41.872
8.00771
59.6294
68.5432
69.9283
64.015
63.5079
53.7294
32.9631
90.507
35.3777
42.7932
97.9795
32.357
58.1275
99.7191
55.1176
40.8771
10.7431
94.5397
11.7606
2.38202
99.8815
31.1317
95.6697
86.4869
90.4879
24.6513
12.8129
81.4991
51.3346
19.2934
16.4126
1.35423
95.087
5.32028
40.7047
33.9838
73.5219
43.7119
53.6562
33.1569
36.0534
54.2399
36.3393
12.751
71.4865
94.2254
27.8036
62.1975
95.7419
72.2206
30.4879
67.5054
80.769
17.3262
24.1899
60.6992
40.8098
56.3263
94.1086
98.9975
78.3502
94.9474
99.5973
7.08599
21.0367
87.2861
95.3113
19.0446
26.081
87.2461
37.1837
16.3977
26.6533
76.7754
73.9366
83.8433
32.2799
42.3013
61.9729
88.854
62.8571
68.6892
84.3104
84.3756
11.3073
19.6402
39.6911
61.253
67.2615
99.7978
81.7391
2.60938
33.7477
55.7859
20.899
70.1893
91.9998
46.9718
54.4242
50.4182
82.8663
84.55
66.9972
77.5825
88.8567
38.0441
84.9502
36.6799
33.3631
82.8833
52.6659
92.9053
38.2206
8.03396
2.36802
35.4073
32.4263
85.2073
95.6792
69.9242
70.4814
45.4715
63.5169
75.7972
33.5426
65.8844
78.9107
69.0766
46.7405
98.9264
40.4289
97.7828
8.49467
40.5618
80.3143
77.1676
57.5312
84.9389
22.2011
77.692
99.6048
99.7623
85.9762
35.3653
35.4425
34.5276
55.8628
38.8857
77.8218
94.5972
89.6891
43.6256
99.8169
41.4696
16.605
36.215
11.9334
20.2797
67.7943
42.1209
95.5246
28.7434
10.4724
12.2645
4.61006
98.2697
81.5098
17.6507
85.6708
36.866
93.4967
10.5139
97.2364
93.9786
26.9241
17.4797
83.4755
54.7746
16.1373
86.0617
43.4436
91.1691
11.4069
87.8718
95.1873
62.8399
35.3625
40.9422
71.3554
62.8146
2.8774
61.5111
57.3855
35.5
87.2301
18.9842
39.7243
75.0427
9.63305
30.6639
25.8032
15.4116
15.1524
20.8081
16.335
86.0068
61.8601
35.8605
76.8075
78.538
44.9613
96.7191
38.9315
43.5569
42.6773
99.3515
61.1366
26.7989
24.8788
80.2468
70.4595
73.0722
90.7376
16.9376
9.13331
75.4553
22.3047
72.1962
57.757
28.2088
38.6175
83.6397
72.666
97.5954
83.2888
55.0416
5.79229
52.4608
27.4335
12.2879
68.6284
71.6669
39.4503
65.4122
22.9006
38.0443
0.0777762
93.8729
0.94135
32.9725
31.2273
71.6129
92.996
11.2779
93.8904
14.5182
96.7088
86.7919
11.2758
52.2331
63.8775
48.6712
93.7332
45.0669
61.6692
57.3874
78.0366
55.4057
46.1802
77.3849
52.4748
36.2758
0.424235
87.8994
77.08
78.5427
73.3613
94.9642
56.455
25.4305
23.7139
89.5834
63.1112
17.6879
70.5358
68.7763
88.5029
55.4273
29.7261
69.1115
32.875
6.60781
8.78391
6.52359
45.8319
11.0058
18.1667
41.5766
99.4091
74.016
80.9711
59.9739
85.2554
65.5377
54.2499
53.8983
43.9217
91.1917
91.7
15.5848
77.7376
54.0604
15.0818
91.4339
7.08248
0.154358
17.6028
49.0481
99.1608
96.3059
51.3689
22.2576
38.4402
57.8059
24.8227
23.3852
28.6775
31.308
31.6166
36.0655
89.1672
87.8409
63.7902
51.8442
36.9516
34.9106
46.338
4.5774
68.9051
55.8728
17.2312
50.9086
39.4783
35.3593
70.2081
1.57521
57.1473
17.4896
81.0693
84.8575
19.2421
99.3555
38.4468
79.2326
84.2677
76.3596
63.8184
75.8272
82.9495
53.3259
75.2251
48.413
26.1533
12.8795
69.5367
35.3914
55.3911
43.3217
48.3717
68.7321
73.7909
99.6253
7.76893
29.7819
37.9407
48.8522
1.30283
90.7242
1.44287
97.6679
41.9642
33.5312
77.0798
88.086
80.3093
67.5974
9.21188
16.1141
36.6217
62.2741
52.908
47.196
52.8845
68.8892
89.4212
34.7433
64.7232
96.7131
98.1845
3.15108
24.0514
28.5214
86.5696
32.3595
11.2838
22.7017
56.6268
39.8994
12.2268
88.8173
47.9817
52.8406
76.1175
71.6731
52.1321
30.2395
42.9765
14.4928
72.4271
97.3792
45.2878
55.2949
87.2456
40.2005
45.5702
0.379001
78.6909
98.7991
9.86572
86.1742
43.0952
26.3822
98.3338
7.66941
37.4191
22.7267
85.3385
63.0296
95.221
64.8558
42.1917
26.8476
68.2688
19.4811
92.8839
67.7319
99.7512
1.44826
23.8409
58.5391
41.5718
72.1214
79.1153
54.7164
73.6501
55.0292
27.4654
94.9812
49.8208
77.98
30.5896
88.8654
29.0202
84.2237
38.6415
30.6506
13.7866
64.1264
99.1032
12.1271
39.2323
2.12542
75.6151
9.13337
30.1013
32.4505
18.1732
35.5982
56.6953
28.4795
59.9232
83.4438
66.46
55.6008
79.5166
24.4352
75.0983
49.3711
45.5759
99.1843
18.9699
7.01256
14.2308
47.638
20.6924
4.64841
74.6888
17.3075
56.9323
7.71049
38.7502
10.1431
41.2262
76.6749
70.5374
59.9142
54.3191
40.99
1.11894
7.39483
10.3272
47.3869
80.5997
90.5841
92.0363
53.8088
94.577
55.4365
65.8631
65.3954
16.3923
95.1961
51.8627
1.86745
25.0491
88.3989
6.12887
84.5862
84.1423
1.9024
64.0782
87.0314
82.2202
3.04143
48.1182
40.2234
97.7464
77.9689
12.7106
15.724
8.51528
32.5315
76.3851
31.1609
98.8248
44.1857
32.6351
94.0859
78.8327
62.4394
34.956
48.0526
58.3252
88.6284
54.5864
79.521
37.0772
32.4077
1.82921
65.6636
32.4336
4.00069
2.72485
43.8582
53.2106
26.9658
75.6849
66.2632
96.0828
52.1196
15.8193
67.9038
3.98758
12.436
62.8338
14.4312
46.0607
90.3623
25.9317
63.6934
15.8585
31.7956
52.4228
6.05129
29.6754
77.7547
98.5441
29.4872
46.358
86.306
20.7409
62.1849
69.5898
80.7084
51.7376
52.4469
17.3735
91.4966
0.650457
84.9341
10.1802
43.8982
41.5183
13.8233
57.0654
19.668
64.7385
31.7339
98.4486
75.7528
26.2347
21.6498
75.3156
35.141
69.9196
16.2645
50.8475
89.9477
93.5852
39.7089
29.4777
81.8747
43.9217
56.1305
21.8668
32.0037
32.3202
52.7012
63.2731
72.2281
49.9726
95.4593
70.484
54.4445
27.4018
54.6645
35.9152
67.6867
65.9587
96.1519
53.8655
99.1699
43.2233
96.2559
83.9275
79.2081
86.4557
44.929
94.9929
26.3053
30.4789
51.4185
11.5111
54.8862
74.1334
67.6587
5.51902
46.9626
75.6146
55.5723
44.4268
24.7111
29.9936
67.886
21.6219
93.2629
21.049
62.8627
2.39921
88.1397
46.2398
27.9506
12.3542
0.606291
88.9329
1.88219
94.7982
10.7281
9.14298
68.1098
75.0462
3.38878
56.0497
2.30728
0.302779
24.1566
65.554
79.5147
50.0525
36.4353
63.9203
99.606
2.49504
27.1803
64.0143
74.5272
70.7363
83.4585
6.45261
76.152
96.2788
50.4501
14.6308
11.8944
75.4714
25.1971
55.5717
9.8662
28.1115
75.8729
99.7688
7.82668
22.2375
54.2639
62.323
26.0601
43.8005
50.46
4.9458
2.53925
56.2749
50.9941
66.201
48.1883
55.8945
62.026
79.3149
60.8361
11.0742
87.9531
87.5482
77.6379
4.29452
12.9278
62.4935
13.097
52.642
53.476
82.434
29.9572
76.982
97.127
70.673
27.912
45.9566
72.6044
69.5234
37.4076
16.3457
89.1509
73.3857
5.36409
47.5469
72.7472
81.9503
0.91183
38.2266
80.42
67.356
41.32
64.0007
49.9589
50.3545
96.5307
13.4622
6.48848
86.178
97.2787
5.71786
52.9615
56.5892
55.1206
22.7423
0.36411
7.61096
58.4811
63.9469
53.2798
24.6254
32.114
26.0838
50.9184
65.6771
64.6951
63.1589
80.0811
46.9404
21.3648
27.2837
64.475
51.5758
94.2046
33.7268
2.25937
82.6627
40.9979
17.2069
12.2748
8.09623
54.5331
52.8716
18.497
97.2076
48.2499
98.5374
91.7383
42.7257
14.7953
85.9708
80.5572
57.0644
46.9965
76.1066
84.1194
94.7644
75.3942
46.8725
31.4254
65.7342
35.7627
56.3341
31.1646
45.9178
90.0827
69.7543
24.4988
58.9228
59.1748
6.33989
92.0742
14.223
58.3636
13.5191
74.2391
50.0827
91.3787
99.2708
86.8529
39.8552
84.5802
31.6132
35.309
0.271857
62.65
94.6161
27.7693
46.8819
72.909
27.9455
90.8059
90.5741
84.075
42.5493
28.1565
7.63437
64.7635
88.5844
84.0335
41.1857
97.3581
19.3371
75.5302
90.4214
58.4029
16.5023
86.8236
69.3035
12.6933
69.2145
99.1391
74.1154
86.5592
64.6902
84.3648
36.8546
86.7009
91.1118
4.67129
91.181
68.6679
84.6683
47.1941
45.7497
82.9156
12.9994
18.975
