50
50
84.8005
49.9059
74.4132
8.25656
76.1956
7.93623
75.218
3.42632
98.3647
52.0587
85.3657
98.301
4.51878
59.0244
88.5098
63.0022
3.11544
72.5647
35.9977
28.0158
12.877
50.6396
50.8584
86.9924
32.7472
76.4212
86.1115
88.526
51.4942
48.6331
30.7213
23.8837
60.6329
29.2327
9.46518
87.7693
67.2754
93.0881
95.1981
69.7634
48.8699
39.3777
14.6582
59.4138
50.6729
4.58645
99.4223
14.897
90.9649
47.7966
10.635
42.1252
61.5689
38.8429
37.5574
52.6335
46.9737
86.2571
1.57642
44.1351
6.91347
80.5593
28.5699
10.8412
24.1187
76.4454
16.7369
12.3008
40.8495
87.6613
91.1572
93.7403
90.5163
20.4448
34.7435
30.3623
92.8316
17.3108
68.7265
18.7939
14.8711
9.82583
13.8823
65.6762
1.56395
1.072
54.4095
19.3336
72.2258
87.0414
63.9313
91.8892
66.5075
87.5412
10.5657
43.4383
45.5637
51.0183
79.2508
50.506
78.9756
93.8946
84.7449
90.8468
14.4241
34.0488
43.411
15.0423
76.6099
97.3738
52.247
8.64815
1.03338
74.7726
52.6042
87.6414
47.5471
70.6103
91.0635
74.8066
31.1986
78.2676
38.4953
77.3999
97.7895
16.685
15.2819
34.713
37.5453
86.907
92.6103
83.8908
38.8118
52.8435
69.1733
49.2127
3.32453
50.0159
86.1988
67.806
94.0035
37.4408
51.7262
31.6992
53.2691
17.1079
72.7133
2.72724
85.7997
14.272
52.7699
48.8928
25.2353
10.8507
44.6255
72.3835
85.4541
37.3972
97.2414
73.9785
13.0603
69.6646
23.9662
85.64
89.6618
65.4127
20.9808
33.8157
89.7375
37.0375
75.0773
94.1809
53.9493
94.0089
98.0113
10.1293
97.4519
79.9056
87.3761
93.8665
69.9797
28.0531
34.1826
32.5906
94.9637
52.0772
23.0311
98.9307
47.1293
0.146274
94.4118
71.2633
69.0124
2.83646
19.4647
64.4809
91.386
79.3818
60.7066
94.1582
45.2141
3.71452
1.99248
50.3333
80.9345
58.6185
94.9851
45.7168
0.732878
70.0723
18.5496
9.74362
9.84146
67.0257
4.56934
22.7097
4.18649
20.0436
54.2454
60.6302
12.7894
98.5103
40.761
15.4714
52.1874
2.30999
70.112
37.0038
84.7685
74.5676
32.0247
68.8581
82.0326
69.2472
20.5872
22.6414
50.1716
35.8802
45.609
84.0378
15.955
14.3638
62.903
30.8822
79.4476
47.2175
50.7861
87.816
36.9614
24.5225
88.0254
17.4495
42.6004
12.6337
50.1369
48.9992
17.5004
98.774
81.8437
66.2395
63.9777
66.5509
1.51636
20.629
43.3075
17.6086
12.6479
68.8999
58.4302
50.4246
98.7668
40.2902
10.0147
47.6115
61.7032
76.803
81.4143
95.4188
55.571
31.3903
86.0959
3.3094
98.0567
17.919
7.08203
39.0356
90.7392
63.652
66.4796
87.542
42.3147
82.5073
99.6568
47.7444
88.6616
51.8958
1.46489
41.3636
70.1938
18.1515
68.0196
45.0981
77.2151
68.428
3.11553
40.9685
31.7777
28.9656
85.7259
26.706
19.8486
42.417
94.4535
13.6288
59.4615
37.604
39.6667
50.8092
51.0752
21.4154
97.6945
58.5641
0.734155
38.4594
92.9191
38.1183
27.8818
23.2251
6.31987
42.7427
17.9672
63.6296
24.2531
55.0924
8.09525
64.8984
29.0861
63.3629
79.5405
44.5113
93.4757
6.19994
48.833
78.3116
45.0536
20.9171
26.0801
8.65456
83.8127
86.6361
9.57458
62.5073
72.5419
42.4829
2.3655
10.666
58.2986
45.5967
24.0824
77.0785
72.8375
90.2165
56.2789
95.4587
85.0702
4.66717
18.3379
89.677
77.8481
6.31844
97.4553
80.1658
51.3491
94.4784
46.6048
58.5039
22.984
65.7486
9.23133
47.4607
22.6702
29.6569
63.5686
15.4369
82.5662
7.73079
41.9919
8.7663
27.0664
60.9095
61.7456
83.3981
97.2954
48.2903
16.5304
84.1488
58.3018
70.7414
48.9208
70.252
2.83488
11.869
65.0599
67.2028
2.95145
20.0314
83.9183
47.7749
66.5029
10.2597
88.8041
72.0388
2.93577
42.7102
82.2256
67.3951
82.6846
22.2199
52.8102
75.2349
14.901
36.2113
58.3378
39.2446
69.0508
31.3094
65.4918
86.9018
98.2777
55.3257
50.9952
33.3374
8.59558
47.3904
48.2707
28.4889
1.28454
13.354
2.84621
52.9662
55.4763
66.4233
56.8698
57.4607
9.40894
22.0267
85.0113
94.7724
31.7824
19.4984
12.4447
99.2993
98.428
51.1329
21.6736
53.0449
7.18213
71.9892
34.9448
58.3024
52.6587
38.518
87.2815
34.0092
20.2966
98.7985
93.5083
17.5905
59.6353
37.0751
89.1896
86.5805
61.2722
64.8208
87.7759
29.5014
75.0837
30.2112
26.7373
82.018
37.5952
84.8199
92.9084
54.9087
10.5534
16.1815
34.6538
64.0061
51.0416
41.6708
68.6898
37.5766
77.7821
21.573
32.3447
20.5357
18.9219
55.4296
82.0802
65.6939
22.3951
76.2249
42.3756
99.7299
56.5684
19.7135
7.94607
16.774
25.6207
90.7438
86.2111
13.0249
21.361
81.0528
5.25579
50.1911
0.233206
99.2064
6.50392
39.8279
9.67233
3.23482
95.6708
12.0921
78.177
35.6866
0.448351
54.1595
3.24954
75.6355
65.083
85.2391
33.4403
37.0084
71.2489
56.456
5.93614
65.7847
34.0713
75.0492
96.3442
52.9041
0.451177
82.4345
80.8379
6.81093
1.43553
80.011
70.606
0.0813535
31.9187
54.0666
93.1997
44.4176
27.5358
97.3182
34.9118
72.2725
73.5271
58.8343
23.3666
53.5062
87.2197
69.9036
11.7731
88.0932
22.4413
17.2666
86.6726
58.1468
1.05147
88.6282
26.6772
9.40885
61.5638
85.317
27.3151
99.996
69.9954
91.0023
23.912
9.37373
43.2827
39.7387
83.0004
46.4473
60.8603
95.5708
79.0166
6.98915
39.5216
81.7313
71.7914
21.4637
47
9.69005
79.7961
18.3468
31.651
21.1863
23.5204
38.3009
69.5468
8.25101
48.4883
41.317
90.5228
90.2308
87.59
88.2635
37.5275
19.9847
78.4105
58.9083
40.1562
48.5027
10.3521
87.4873
40.7601
88.7324
8.70039
27.4738
72.4499
42.0405
69.6251
53.6317
98.7068
23.3087
35.6808
72.7877
5.85633
36.7315
85.4473
15.3579
42.2443
76.9298
27.9909
31.9248
15.6308
34.0283
13.6673
17.8231
46.1089
79.4926
79.0495
70.8272
16.3501
1.62686
95.2447
35.7166
99.6213
0.577597
54.3345
18.5457
49.6142
66.3184
10.2271
34.925
13.416
5.98543
43.7198
42.7468
67.0024
95.2168
36.2827
19.8336
58.574
25.4726
47.4605
14.1869
9.5507
17.4611
33.7329
20.2221
30.1941
47.6128
8.27506
35.402
14.5785
72.5367
26.2896
55.6924
13.1379
72.4621
25.6077
6.74517
70.9523
77.2126
60.4097
61.4146
17.9842
86.3415
95.4961
83.0861
32.6866
40.0388
88.0076
34.8443
43.3095
9.16151
86.1737
75.2397
15.2341
6.37729
42.967
89.0292
19.954
40.1811
95.5935
84.0187
55.303
87.2205
80.1517
98.1303
16.0932
61.3956
49.8394
59.8603
91.1452
32.1223
62.0085
72.2438
73.2842
18.0684
31.4766
37.1141
5.8234
28.3721
76.426
64.2242
83.7359
78.0204
61.8606
70.8988
70.5735
33.5791
69.6489
81.1122
5.20283
47.2108
91.3729
91.0427
24.1538
37.1929
16.2903
50.6225
91.6887
14.6344
34.2468
8.67395
68.8478
30.0724
89.5584
90.6044
86.1536
74.2145
46.247
93.9265
77.6325
15.466
96.3748
14.5116
39.2041
7.77356
45.6557
87.8687
92.6086
78.3649
55.7005
30.1273
65.2487
43.4444
77.8086
73.2096
45.4833
75.7733
32.4593
13.858
24.5299
50.9334
67.984
58.6227
6.03932
9.9898
6.52578
32.6418
73.4052
22.8746
79.1506
73.5152
58.7911
92.4815
85.6989
6.42455
28.5908
40.5834
78.2592
39.2102
87.791
66.4459
68.0754
70.1443
70.0078
39.3539
92.9933
93.8579
71.1265
48.0611
46.9281
21.96
71.3008
91.0183
22.3875
19.2223
34.3352
94.0455
39.6246
55.9254
8.46078
42.7913
70.0593
44.4767
70.3052
69.1131
97.6825
11.7265
18.4118
86.7565
62.9113
54.2065
62.064
58.1704
61.6936
89.9484
49.2136
77.6216
58.6099
38.8122
22.6283
93.389
23.662
35.7339
4.90485
46.6406
15.4175
52.7142
21.7972
40.4638
3.82895
55.2031
69.1585
84.4382
54.7181
10.9374
71.0319
30.877
53.9955
25.5901
16.434
91.0469
53.4789
84.9126
39.6346
27.8734
41.0422
78.0054
94.8461
15.102
64.5177
64.5279
73.3902
54.6262
60.1814
36.7426
49.0009
50.6144
61.1347
38.1625
78.2754
93.017
74.9501
32.7629
83.7479
0.115714
76.0656
27.7928
17.4731
57.3927
95.0411
53.9121
30.7663
42.6689
59.0236
52.5789
33.3249
80.2165
55.4772
12.387
78.2062
66.3554
41.0763
89.8634
54.6681
50.173
92.247
10.2276
42.9397
29.3999
96.6405
28.3944
81.928
28.8872
42.4146
51.0923
64.784
86.6963
12.469
8.90923
21.4502
22.5974
43.2125
57.1096
41.7313
5.11281
59.8008
90.8341
4.32996
32.2892
36.604
35.399
72.8543
98.4812
90.261
28.8748
25.8997
96.449
83.7179
42.9104
6.0334
92.5425
48.4263
60.6156
31.4889
82.1895
56.4436
55.3932
61.0854
2.87354
88.9918
80.9879
80.6728
49.2857
48.1885
32.7041
78.8554
23.7628
42.6919
19.4958
26.0369
62.017
75.9603
12.1273
67.9891
99.5066
27.8465
53.3276
25.3423
4.71602
59.138
49.2438
36.8864
68.9476
87.0434
69.3532
59.6492
22.4449
87.0524
61.095
76.9926
45.1077
45.2989
83.3185
39.9062
71.0033
88.2565
31.0642
53.9983
42.4036
93.6132
52.4298
90.2492
46.8719
97.7117
7.49057
46.4387
81.92
39.7355
4.38497
35.0898
50.1655
42.8409
96.4715
6.07097
80.5574
66.2996
75.6763
8.06847
94.9174
85.0494
64.578
61.9145
71.4088
71.1564
60.5522
8.70146
76.8409
7.24783
53.0283
60.11
49.7438
60.0067
51.9097
83.2899
13.7547
5.76987
33.1655
47.7554
13.4447
67.0266
20.0876
21.4901
38.5006
38.9726
37.9282
28.9481
70.2773
93.7862
34.9578
98.2334
63.4596
23.1259
49.7714
60.3167
24.8347
7.82019
19.2195
41.2924
95.1508
16.938
55.8193
88.2143
62.0993
19.077
8.16947
49.4732
67.9143
92.6772
72.0555
87.6377
76.2675
25.7837
95.9213
84.1432
81.6926
17.9215
5.82044
31.1279
32.9619
4.79042
74.7028
58.2513
59.9643
92.2346
98.2883
38.9392
93.6707
5.70205
25.804
78.8894
46.6019
59.7426
75.9349
59.3025
40.6681
0.18232
70.8097
10.2121
97.6001
96.9223
62.6115
79.7322
97.4394
14.8555
35.7366
5.86949
2.54765
64.4473
85.4588
45.6222
77.6101
98.9868
50.8221
2.59413
68.4298
64.4473
10.2361
33.9709
98.8767
21.9197
27.6946
71.3636
19.4474
26.6156
1.15198
2.41049
17.8654
61.2511
53.7398
9.02168
62.2003
43.5413
3.09089
7.01646
65.2641
33.7081
11.3404
91.3795
35.8819
45.2334
39.2583
4.16939
73.5497
3.35782
85.4985
64.3078
55.7558
5.84262
51.9313
30.3828
45.542
31.8856
54.3542
43.4227
68.7917
59.8944
91.9638
64.4848
69.7417
46.3617
15.7338
61.5894
40.4236
11.4904
43.3771
5.98492
48.0114
59.4596
99.1564
25.9372
11.6362
29.1843
81.2716
56.1844
80.4507
46.2643
87.4496
7.74282
13.3958
72.9689
21.6322
4.76997
50.2446
95.0266
17.4439
71.9477
77.2804
19.693
16.0421
55.7738
17.1536
59.0323
68.1503
3.57099
19.0233
21.5694
95.7621
16.5466
73.3832
96.9964
52.0237
22.4747
96.3955
43.341
68.8819
3.77923
5.22243
36.7977
57.7107
74.0165
76.9342
23.5549
57.8555
21.7869
35.7128
14.9505
74.0893
83.7318
5.23383
68.8657
11.7307
57.9028
0.482983
45.8564
90.7033
29.9672
65.1008
98.2896
67.3667
75.6179
67.5682
62.0226
71.5193
70.2116
63.9137
60.118
66.1324
60.7058
18.0257
44.4833
93.4856
19.4186
59.2449
65.0756
37.9087
89.8229
87.4146
13.6361
80.2808
19.736
48.3112
45.0665
47.9306
16.0452
35.3925
34.7879
28.7516
38.6363
84.3941
3.8795
69.477
96.2054
51.9798
57.5773
58.4901
68.5849
46.3236
91.5683
88.4845
52.7275
6.78829
72.7523
70.4873
27.9888
69.7998
72.1913
18.6859
16.9934
61.3377
84.378
22.6173
64.3832
46.7848
44.4505
94.9078
27.989
30.4299
43.3195
18.9438
48.8761
47.9875
35.5766
90.0705
22.5019
13.1316
12.8212
6.05495
64.4322
32.4112
44.3651
99.0639
34.9366
79.8206
75.4751
25.589
56.4362
34.694
29.2728
23.106
92.4778
24.6116
58.7928
70.5494
92.1496
21.431
52.0475
63.3135
99.88
23.3496
7.0062
54.2879
80.4729
46.4374
28.433
80.5008
81.9574
14.1514
69.6334
23.6028
45.6882
84.6658
81.6555
10.5881
79.007
94.4174
56.1939
52.8719
28.7448
24.4628
72.893
90.6455
60.7987
81.536
46.1898
61.979
85.0894
91.8203
72.8861
81.4575
76.8717
45.7906
69.0343
34.3925
17.4081
37.0829
36.9312
7.51565
82.9254
11.9593
45.7295
32.296
94.4195
22.4595
54.5691
52.8145
71.0322
66.4179
49.0009
84.6592
44.0202
24.8264
5.4879
1.41941
22.0813
38.9181
49.7865
70.0367
53.32
94.38
24.8103
16.1342
95.9211
48.3231
91.6331
7.34766
54.5064
84.0775
91.483
42.7067
23.9354
64.8992
30.028
10.5389
29.4713
41.1887
89.4533
10.5454
49.702
36.3666
65.4242
13.1616
83.916
57.213
9.71633
20.7473
70.1309
83.5464
53.4088
61.5886
1.34693
49.135
54.2011
21.2129
82.7049
18.5581
12.0764
75.4044
43.0236
49.2189
31.5964
32.8101
96.101
92.828
20.3803
60.8351
61.1945
53.8416
66.7813
8.56008
15.6596
91.495
28.0164
60.5381
26.3613
94.8568
91.3831
47.2019
6.98606
20.4175
39.2754
19.628
21.1902
68.6552
99.8163
2.45815
51.2831
5.56775
0.643272
71.5011
97.1595
75.2141
31.3767
28.9491
43.2614
87.291
99.6186
92.8418
46.775
98.2675
79.0578
37.3184
13.7176
69.8337
57.2469
54.2029
9.04753
49.6474
71.1773
1.53823
13.6652
13.3736
22.8084
65.0822
85.5941
20.1856
45.5239
81.8954
9.52935
28.6558
33.5095
12.2171
23.069
44.3217
17.6137
31.5723
77.1827
77.4644
88.4109
94.0182
28.1748
42.4128
55.5822
69.8717
21.5714
88.6826
48.7252
63.9442
57.0184
7.00486
14.1397
34.5986
69.506
3.15575
34.1441
64.3074
22.6622
43.1338
9.26962
21.6852
29.8294
65.8639
42.1976
28.1398
77.2148
24.5843
77.2868
50.9935
24.4976
7.02419
48.5746
34.5625
81.4673
84.2839
27.1933
29.5475
20.6981
39.7567
95.0467
33.8623
82.9119
86.1504
52.417
68.3394
70.1642
92.513
54.0076
61.8233
13.0942
71.7176
35.6766
72.9169
76.0364
34.6871
92.3483
34.7296
17.9584
59.5758
82.2168
76.1704
54.0229
84.0453
15.308
14.9216
64.0031
37.5911
87.6634
94.7848
23.5744
99.8686
1.6879
17.7847
39.0016
71.1188
57.1181
26.8147
88.2721
83.3407
18.2416
52.6452
29.9611
84.8688
81.4667
91.129
24.8991
19.8595
49.7043
16.8438
69.8968
81.1248
51.6573
19.5108
40.8933
11.1777
77.2198
81.8492
24.1303
23.6231
93.0975
8.94349
90.7696
68.2611
51.9116
92.5389
60.4492
31.6909
60.7483
93.3371
67.9186
64.5892
92.3575
44.9775
80.2465
68.3268
57.9196
46.7048
50.2915
97.4282
46.1973
13.1645
70.0227
85.1149
24.3527
11.9589
18.8158
93.0458
46.6049
2.28098
18.151
87.7953
15.2417
57.5087
29.7218
45.6414
14.164
31.0269
69.6425
58.3408
26.2663
40.9566
74.359
99.8784
14.2262
38.0621
8.13004
52.017
11.9262
7.82671
81.2425
11.329
96.9013
61.2067
70.4533
79.6976
35.4537
54.3588
50.2892
65.0162
11.4279
26.3384
86.3654
21.64
33.4374
95.0449
0.65159
51.8487
33.2278
86.5721
54.8333
72.7035
9.08015
16.3699
21.1731
22.0344
61.9597
15.4312
91.7109
85.0423
67.9086
22.0664
25.1845
31.9364
33.7143
92.932
28.2267
4.32006
73.3023
27.3981
42.5938
4.47262
73.9755
60.9571
83.6156
46.607
8.65956
69.9128
51.7971
78.5083
28.3761
6.4306
73.2219
59.8239
68.6466
18.5779
31.1601
87.5731
87.1317
8.78855
85.5414
26.1862
40.2217
51.8513
9.31148
52.3624
15.7292
69.2903
40.9324
11.8927
96.2877
2.59582
87.4876
32.0567
91.7715
20.0116
82.3534
37.6653
32.8976
55.7242
3.69572
90.0425
27.2025
58.8473
94.527
60.7936
48.8653
5.4995
39.366
82.2564
90.8776
14.9405
41.3949
56.5483
15.9706
5.35863
31.1691
75.8581
22.1416
33.7524
90.5494
88.8491
78.1457
62.1276
21.8913
20.592
94.6319
64.2815
55.712
45.4143
90.9498
63.5199
39.4868
45.1238
74.6584
39.59
26.932
49.5413
69.7562
61.9091
37.5833
92.5463
30.7293
79.2731
69.5667
15.6734
20.8083
43.3791
27.5394
60.8994
13.1361
33.5121
15.9745
27.581
48.2715
55.3851
24.0055
98.0526
74.2119
81.0506
30.4528
61.0003
28.6044
60.5086
27.0157
36.5724
48.891
67.4884
64.1137
10.1367
51.3545
48.3328
81.6698
35.7743
2.47798
48.5557
17.4863
23.606
70.8764
87.6576
61.5995
62.2186
31.9744
5.67776
49.3924
9.40875
63.5545
82.7309
12.6754
33.7896
5.61944
60.5195
46.0416
40.8924
9.19849
39.4839
4.56009
28.0649
41.8479
34.0415
85.409
20.8405
7.02819
98.1759
97.6921
59.483
29.7431
24.949
16.6099
45.0067
55.2417
73.3725
32.4057
11.3816
82.3824
86.8972
18.6742
17.5243
13.5003
55.3113
9.79043
1.84942
28.7929
91.2142
54.7425
21.8873
29.2169
5.49215
94.2137
47.8242
76.2805
89.8383
6.70128
39.3934
51.6262
34.8698
15.386
17.0346
29.594
63.7885
97.7526
43.9594
57.6814
50.2082
59.7911
65.1097
59.5685
6.09335
36.0131
96.6927
35.4734
19.008
12.9284
85.5533
14.3755
3.21055
43.3188
19.1283
98.8275
19.8604
30.5443
65.7497
92.4701
77.9638
13.6651
63.9228
31.9032
14.3176
15.0607
71.8707
18.4312
12.0742
84.4656
4.87029
39.8585
84.2217
18.885
19.3739
63.8072
10.3127
20.0359
26.8828
19.0274
89.6351
68.1341
45.79
75.765
27.8529
14.8098
82.8262
63.6634
1.20083
14.542
65.9092
79.1413
78.1807
93.3502
85.8621
29.9049
71.5654
71.4347
79.1088
40.057
4.65953
21.109
45.6016
80.2843
93.5112
59.2821
85.7177
48.7906
50.6773
6.45253
66.827
24.4709
16.7382
0.240064
61.9668
10.7184
68.6406
74.3385
14.0813
90.9011
83.235
25.1482
78.2126
81.0549
39.0429
53.4427
95.3884
3.59148
70.9849
59.0408
66.5872
11.138
92.8069
60.85
31.0212
29.2059
17.9383
63.9212
31.2609
94.9624
11.1444
12.0334
51.3529
69.62
95.2677
44.7993
54.0729
69.3273
68.6154
73.5311
8.43558
86.4962
31.5218
32.6788
67.6593
98.8355
12.4018
37.9263
95.5924
85.2159
86.6165
97.2835
23.1085
77.012
56.7689
82.5511
86.6207
75.2822
88.7512
27.0706
46.5399
5.7377
55.2247
37.8125
52.8825
42.4845
76.3131
77.5651
3.19226
9.54749
92.3596
7.10248
1.29308
72.2558
74.4953
39.003
85.8152
82.7638
38.7318
89.4639
69.7066
72.2358
64.409
57.9965
57.2263
57.6867
49.7376
42.6556
90.9972
47.8732
43.8556
67.0342
41.7285
30.6003
53.1375
19.1242
18.6589
24.0527
83.3402
52.1054
15.0388
2.85469
50.5032
93.1755
79.1383
2.83662
1.37208
93.5149
42.2853
11.2029
86.8883
77.4537
69.0416
11.7933
74.2826
74.3606
26.4942
54.6897
90.8889
70.069
31.3059
36.8239
83.3666
53.5471
49.4258
47.1545
3.36187
82.5852
56.6304
96.6222
31.6031
1.53639
54.4056
35.7257
85.5919
86.4733
91.279
79.3808
95.8828
65.6777
95.4033
7.32013
58.6265
1.64535
74.564
64.5378
35.9088
49.0238
49.8836
12.9565
6.65496
34.1432
19.973
95.9109
74.0588
88.8955
4.32718
74.7868
68.2408
94.1507
58.8704
90.2311
63.4517
14.4952
76.0513
24.6915
51.8444
9.52761
36.7696
93.1122
41.6364
7.48227
45.711
61.3011
13.4557
10.0437
24.7493
65.3567
11.2719
65.5683
11.2257
43.9521
5.41948
62.8197
39.6853
72.3351
51.3912
4.23907
40.8879
47.0582
67.2698
9.8628
85.028
19.8985
37.5628
10.6086
0.494987
60.3676
12.8589
71.8884
44.7633
98.3349
11.7367
3.68923
66.1778
44.1149
71.9377
2.59733
88.7472
97.0659
37.5423
29.6497
64.5984
81.0951
92.6212
25.4848
22.7604
38.4254
98.7631
88.5641
99.3488
46.6241
83.0243
44.0472
95.9591
86.003
95.5052
62.5599
57.0785
21.1149
90.8929
95.7562
2.70985
27.5433
65.4773
6.17499
91.0546
33.1783
81.228
35.4632
32.1191
4.56165
61.7132
9.01072
12.0457
59.2803
67.1617
34.4048
70.8275
92.8654
3.77124
11.5551
77.9771
65.6254
21.1788
72.4617
55.0038
92.2217
65.594
46.8837
59.676
83.31
5.77303
97.2406
89.6406
16.605
3.42403
82.6806
22.8137
85.6997
65.3343
50.4912
1.18969
99.6559
28.9184
26.204
74.1891
98.9353
58.2573
91.8669
67.3196
1.15771
54.9832
90.0602
4.13759
36.0875
57.5974
89.6079
30.8078
79.0937
1.38873
51.0399
1.37325
68.6478
69.7809
0.820499
55.7424
7.59783
75.3563
60.417
20.8419
43.6939
37.4341
29.6437
94.281
19.0895
51.94
83.0619
3.64274
8.72919
31.4072
16.5208
19.144
27.633
48.5134
50.2992
58.5895
80.4799
13.9822
53.5219
3.05102
25.4665
32.0524
56.7972
96.5418
42.7303
64.788
53.3643
46.1162
8.8778
20.3872
30.1258
80.6592
78.0539
46.0626
15.3021
40.4203
24.1931
81.069
42.6517
51.2886
65.1658
72.2485
0.0501555
35.6931
26.7018
61.8905
10.2069
72.7193
63.0336
76.8856
60.3435
83.9805
76.9735
84.2462
75.5915
9.05175
8.42073
17.1193
73.4919
1.76642
13.3856
42.6188
42.9557
63.5201
96.0583
56.3395
8.0743
79.8753
93.7669
46.5596
37.997
74.0671
68.201
33.152
2.29323
46.1277
54.2486
71.7129
55.3618
99.5669
64.604
32.7822
17.1017
56.0817
92.3286
65.2691
79.4253
75.1545
13.0957
47.5851
0.936427
76.2249
48.2148
19.8193
4.93597
55.0304
27.0133
49.1924
48.566
33.8985
76.8038
21.4215
43.434
94.3884
17.945
30.7771
24.681
79.452
71.4136
10.6094
51.294
64.3958
3.27995
99.6304
23.1307
36.0658
56.0858
45.6882
64.8503
38.8495
9.28234
93.6712
85.3548
35.343
54.7948
14.7724
77.1945
97.4674
79.6579
33.7655
69.2331
25.1276
60.068
43.4915
29.0808
51.4553
60.7344
78.8689
26.0218
23.3487
22.3407
92.3915
91.0353
89.0031
35.1557
49.7879
47.2224
31.2817
68.8778
63.6332
13.7533
81.9108
99.949
63.3941
16.772
63.6665
1.47369
90.3992
71.6405
85.6137
78.5848
77.3144
89.3266
38.4619
99.5128
36.2111
39.0899
52.7944
76.1502
96.44
49.1284
67.7863
61.7021
43.1824
58.1477
17.5022
75.1615
86.5799
12.7067
75.5903
99.2843
65.0973
32.7719
57
86.3339
71.2974
78.1887
6.65904
59.0857
42.3355
18.6448
57.1611
39.6848
63.5665
67.744
39.896
5.053
87.8213
27.5513
41.4135
33.7337
38.6067
37.1549
20.9888
24.5925
59.6661
69.5554
55.2818
51.7673
94.7835
88.3358
75.3817
26.7036
63.6358
72.1239
84.1323
25.5474
37.268
88.808
0.471735
68.7633
16.736
27.2246
85.7309
35.6181
26.3442
9.72587
84.0999
33.568
65.9223
5.6803
22.6457
71.7698
6.25465
84.5756
75.4967
22.365
4.55442
9.73615
75.9795
82.8645
5.11205
90.6294
70.9116
69.7199
41.7267
39.4823
58.1016
70.0162
56.4959
20.0163
78.5311
85.1653
99.5012
77.7458
21.6112
29.0109
11.7412
8.01764
46.0084
24.1482
62.877
93.5409
28.5052
49.0304
32.5149
39.8037
88.5987
70.8837
31.392
57.7086
54.2867
16.8437
17.5325
11.2384
70.1656
38.28
0.340965
68.6497
14.7534
