75
75
10.3527
34.2739
16.2258
39.5587
51.7031
74.4605
25.0238
65.2617
70.0262
80.6532
64.6786
12.0801
44.4675
47.1567
45.3521
58.2102
23.9303
51.745
66.7848
63.337
36.1731
73.6208
47.8
69.5596
7.56597
62.7128
68.1945
71.1829
13.4744
78.1126
47.8282
6.12034
44.1726
37.364
97.5428
25.2999
47.0022
86.3738
92.6625
83.0073
78.6954
41.6555
69.8075
27.7311
37.9859
36.509
34.8607
34.2942
3.69157
71.721
60.6011
68.1352
81.5982
51.7183
54.1068
60.4136
70.1367
39.8865
48.4902
46.3249
92.7682
99.8317
4.03208
42.5532
1.91216
7.48022
77.9265
77.8515
30.4567
29.8126
31.2897
40.2974
90.2545
99.7251
64.4242
20.8968
83.1979
96.1728
15.0838
36.2837
61.1569
38.8043
17.6041
69.9891
86.1251
42.8802
15.9153
48.5731
40.6996
52.3008
92.2593
94.9522
87.226
53.9056
88.2213
80.3936
95.7835
23.8321
16.9628
38.1868
36.3167
50.8192
40.204
25.8683
56.804
14.1542
25.9979
40.812
28.5122
37.1825
47.8337
4.3984
28.9571
88.7544
40.1751
47.1908
20.3235
44.5909
84.3772
18.6387
65.1452
4.47985
97.229
63.8186
27.8428
52.9681
71.1388
46.1421
96.6863
92.0483
31.64
44.6524
98.6775
28.0445
10.0337
89.9984
65.5241
6.96672
20.3507
65.6357
64.1708
13.8458
60.7504
69.098
66.3009
65.6545
50.8884
33.8946
94.845
55.0117
12.5379
61.2177
39.9238
36.9254
88.2727
22.8577
38.3414
54.3791
31.7804
17.4114
26.0342
66.363
30.8821
0.470472
37.208
18.6822
65.001
46.6009
6.85593
73.1635
42.0175
81.3865
77.8705
30.3478
86.9516
30.6702
27.2537
12.7729
7.43051
93.4191
94.9534
14.4378
94.9644
11.7953
27.5326
60.3709
58.085
13.8633
62.7613
23.8513
86.9295
43.2526
11.0376
49.3509
73.5514
66.8645
23.8654
65.9954
28.9793
96.9395
4.05209
28.1941
77.056
1.59284
88.915
57.3826
28.7361
54.3973
71.6839
70.9878
94.9432
40.2087
74.249
27.4942
83.285
53.2212
85.6372
51.6728
90.9715
60.2365
49.2602
11.0183
11.8207
47.5974
67.5547
78.2446
28.5195
69.4369
85.4027
81.6343
28.4199
44.39
52.8058
3.79295
57.0644
61.1796
11.8791
89.3133
34.1682
22.9004
97.0651
11.3839
93.7488
74.8955
84.3453
16.1957
14.0785
72.8391
36.8996
67.3496
70.3354
43.0939
14.8284
14.3675
41.3155
70.3611
88.1115
85.5309
70.7015
51.7332
71.7497
60.5533
16.1406
53.1419
57.4269
75.9006
1.22272
70.9087
3.72932
51.6752
35.5841
5.40256
95.8299
15.5004
0.633891
91.6058
36.1167
33.0609
92.4761
67.9633
25.8953
93.7228
22.4471
23.7123
24.6103
63.1468
16.5436
58.8007
54.7257
50.8096
13.8006
53.2231
55.8917
92.4132
78.4432
96.6575
18.328
0.0330184
32.3467
13.3714
46.5552
93.9654
52.4623
77.6189
83.6259
36.2901
10.1849
3.76945
82.9228
0.498971
77.1687
63.641
50.9249
0.759561
3.98589
6.88619
34.2228
39.4511
90.1208
42.6713
82.2999
94.6081
62.3977
0.251757
92.2784
95.5361
55.0673
39.0897
24.2192
10.5914
67.173
42.8967
27.0513
21.4324
26.4527
69.7957
69.1136
25.2728
52.7479
47.2596
91.8922
83.5469
22.7261
94.4666
1.67883
83.786
28.4553
92.7605
77.5453
81.501
8.03455
8.73509
78.9903
57.0872
53.667
94.0104
52.8552
54.1457
76.0588
32.9414
45.5974
65.7414
16.0149
25.8965
62.6716
43.1774
57.4157
11.8683
92.0672
74.4197
47.5421
89.7654
89.1265
15.1922
63.1015
74.1107
84.7929
9.20404
12.4534
99.4022
92.5643
64.41
72.2186
41.6953
22.3202
47.3159
12.1579
54.2127
45.7238
86.7423
3.09696
85.7362
47.4339
41.6577
99.9689
8.29519
77.3427
13.1185
30.1117
13.7758
21.2983
73.1392
57.6804
75.0351
94.7085
87.8706
88.0622
70.0859
57.0879
36.8025
10.1377
9.80721
28.5345
25.6966
14.3426
44.6355
58.7263
82.9841
9.13931
52.8407
41.7817
9.05357
95.8764
47.8373
50.6832
80.2791
39.3273
72.1657
44.6751
55.2628
64.2617
84.2514
32.602
52.9965
59.5183
53.7087
74.5772
59.3291
59.38
44.6226
18.2624
82.3001
15.4426
99.4652
43.8787
93.0213
58.2063
84.1875
9.09277
48.8867
92.955
63.4868
24.4014
31.2018
84.3928
0.928614
39.6391
98.2491
0.797788
6.89106
41.125
62.63
14.6763
13.5395
49.5409
58.0398
58.1773
36.4699
22.0968
72.015
8.8736
94.7376
0.869652
59.9937
10.6544
86.0804
0.132301
1.98458
31.1753
2.25458
84.9614
91.3701
31.9984
64.2022
37.5018
9.98815
0.71507
77.6587
75.1786
17.0129
28.8944
55.8899
55.5909
4.08636
19.9749
33.6835
80.161
63.2924
53.6143
72.7023
45.1092
25.1747
53.7722
89.6632
94.8822
20.7631
84.929
76.8729
79.7861
25.4818
98.8055
5.81781
44.8261
57.6005
80.8236
53.9279
48.737
40.0369
88.1418
93.0103
27.9173
89.2127
91.3968
27.084
13.3621
70.9055
65.222
93.5377
78.5993
93.9896
9.77437
49.6656
1.46906
68.3387
1.59517
73.1755
50.1705
1.21428
80.3364
88.7736
9.12391
5.63376
84.6851
25.1863
75.6552
2.22294
38.9453
72.7541
25.6185
47.89
64.6889
51.5609
49.9467
44.8612
0.601422
53.5504
47.4161
26.1787
81.1394
38.8857
79.5293
92.5709
96.7104
78.5719
96.3028
12.2295
67.5059
86.7773
16.4444
82.1302
36.0488
60.0858
64.2431
54.0893
34.1952
0.432742
27.9323
36.9086
32.3933
74.7742
95.6094
72.9212
42.6189
88.183
18.5469
59.5846
58.1092
46.7519
66.49
17.9435
70.8898
63.9177
60.1362
40.7885
74.8535
9.45571
94.0711
71.9415
74.7667
21.7474
57.3841
73.7511
80.209
35.0519
16.7749
4.62306
66.0467
74.1362
90.3633
88.5079
46.2127
26.5181
38.98
26.2603
0.627218
51.0593
6.23272
90.3592
85.5149
98.3398
33.5367
27.3731
61.5084
80.7831
16.0763
36.7829
9.43389
10.9284
14.8576
47.8455
41.0281
79.3584
52.6833
11.049
9.05303
3.34274
53.7543
16.0791
30.7692
1.12935
86.7907
49.5072
80.5987
27.8271
60.3958
97.7499
58.3915
64.5814
67.7626
55.3177
69.0022
93.1577
87.7563
10.2738
66.4809
47.5476
53.3746
79.8299
69.525
19.4676
67.0219
42.7605
31.9529
9.10161
66.3079
35.5098
84.967
72.5014
50.957
18.5234
89.2162
50.7782
0.754036
60.9045
53.1322
32.5701
57.7632
91.9093
40.9382
3.2737
86.4846
95.5256
84.5445
30.9019
93.4534
11.125
52.3868
29.3331
19.5894
70.5653
45.7431
22.8379
19.2092
22.5403
5.03856
93.8937
73.4735
56.5234
33.0278
28.7514
91.6783
52.9229
83.4355
33.3176
18.1515
7.89796
22.0966
58.6778
91.5718
16.8108
54.3964
54.9841
80.4326
7.90516
56.7411
67.521
38.5407
17.2352
33.2525
5.45344
39.441
34.7243
59.0085
39.76
80.5725
31.4689
85.9901
41.8767
48.6418
8.34614
13.2281
66.7344
1.57622
65.0213
40.5511
43.878
73.7001
83.9941
84.174
91.1563
55.964
51.9754
72.1408
50.4256
38.9574
70.9613
50.0994
51.5137
75.3587
11.3974
77.2358
72.1975
36.6679
24.2067
30.7288
79.5337
55.8024
25.698
88.2833
10.0235
62.9842
82.9113
95.4928
93.2541
95.2146
51.1784
71.422
22.7269
25.3299
24.2134
54.943
98.5092
33.5448
99.0509
69.4373
46.3434
84.2125
40.1516
28.2848
38.0228
77.7346
33.727
60.8259
57.9775
7.95579
22.7417
27.38
44.7005
1.1344
4.06098
40.55
51.3401
79.7399
41.3194
99.4285
16.4598
99.9721
3.50868
71.2807
96.2606
76.5489
72.6426
32.5578
50.7897
15.5759
79.0287
47.2488
42.9853
99.7047
69.6215
34.3729
55.8377
98.2243
54.5968
22.2607
73.0765
7.24782
48.1217
29.6021
84.9023
25.3368
98.2148
2.21747
60.1292
7.12695
57.862
8.48612
45.1843
23.4326
30.7433
6.98309
93.7438
88.9255
49.9846
31.8716
9.63999
34.9248
85.7372
31.4489
49.088
77.2369
69.5512
19.8127
87.6621
1.80124
33.8631
83.7715
19.8323
33.1096
74.4428
80.5422
9.69356
51.9407
38.7351
13.8816
99.6737
67.0456
33.6068
4.51622
6.92713
53.5198
27.8587
51.6798
86.5317
69.5247
66.3933
58.2494
63.8181
83.4565
85.2568
16.6234
30.4784
21.5918
8.01848
91.3543
62.5482
47.0877
28.963
32.6828
1.18837
60.7155
75.1959
31.5484
74.195
0.666447
55.7588
11.0644
39.5344
65.8967
60.4021
94.9704
99.14
11.4482
74.4116
33.6238
57.0371
46.0291
3.77454
49.6884
71.9174
86.2794
64.5807
64.2188
92.7745
80.9142
98.7874
81.6397
57.2175
53.8657
20.4976
56.9904
48.1007
32.421
22.2955
62.7099
16.7701
91.2804
23.9787
49.9634
30.1814
55.2771
51.2504
16.1062
29.1262
52.394
31.8491
32.98
27.3174
99.862
6.12224
65.8488
97.7009
89.1549
36.6771
16.8423
9.18158
95.6029
77.0561
83.4052
19.2433
30.9967
82.704
6.58107
69.7999
88.6537
10.2816
37.2581
37.6091
11.1214
44.7299
48.6799
33.4161
58.4355
67.6329
42.295
13.69
75.7917
71.2945
85.6952
89.5596
62.8415
76.2508
60.6129
3.76214
65.4447
42.9677
63.2268
1.68151
92.4307
17.9223
62.8016
75.2372
91.4096
68.4219
1.64739
24.6077
65.3065
24.9022
51.1868
73.7414
95.2858
14.0979
34.0321
59.876
19.8846
6.25329
37.3503
16.545
98.2764
27.0924
54.1386
15.992
38.4204
19.9879
0.604074
84.0808
19.7811
92.7522
38.7653
56.5218
72.6671
4.39593
96.2663
74.0466
31.9544
30.0984
72.5305
58.089
97.7286
67.6539
62.7454
33.6283
65.3186
22.7773
35.7539
95.1005
40.3113
51.7594
0.339219
84.3315
82.7028
66.2516
20.5112
55.8897
24.8828
28.1441
52.3744
31.7495
57.7507
65.2622
84.6925
23.1759
86.5176
41.7513
97.4356
21.9323
50.4023
93.5977
79.7465
37.1063
67.0471
89.4236
60.186
51.357
33.0336
30.8818
2.91441
6.78272
93.5962
11.5125
72.8643
81.3258
11.7295
36.1139
40.2746
82.1011
2.85244
51.0562
71.3474
67.491
40.3841
30.0806
34.9754
30.5479
65.3436
85.5453
92.2701
51.5862
11.5952
76.7757
41.3969
13.6158
7.32574
80.6014
21.1337
64.8015
3.12851
17.0671
17.1113
62.6289
90.6257
70.063
26.2748
29.6274
58.9372
11.9937
36.0293
23.2474
77.0661
50.6357
23.0915
16.3675
43.3382
67.7269
41.4214
25.0349
11.6219
69.749
29.2955
29.5582
73.9299
71.914
91.6023
90.5934
72.0467
87.1791
25.4785
36.6792
10.5604
40.661
82.6024
41.1795
38.4514
33.4507
85.1068
55.9569
12.6029
95.3989
58.271
65.0726
96.0857
48.0078
62.833
60.0378
64.151
50.3518
72.6297
92.292
51.2517
95.961
94.945
83.1363
3.89965
75.1514
57.894
32.0149
5.64438
76.4221
10.2051
29.6487
72.9559
72.021
26.6805
9.11137
85.0082
6.70897
96.3349
62.541
98.8606
85.3626
13.3534
59.1563
65.4622
3.73553
83.3289
24.1858
84.8246
73.2337
27.2722
90.8251
26.3545
87.5158
85.9548
44.0933
39.5071
69.0449
26.6153
72.2755
17.7627
47.833
93.7411
47.9342
2.48828
20.3115
17.0071
53.6555
42.7384
3.97463
10.3588
23.6829
25.5266
78.0029
16.1183
53.3016
63.3648
40.2212
89.1664
55.7864
77.8376
69.9849
87.5513
17.8226
58.8375
14.9543
15.8595
61.1719
0.878719
71.3053
95.5694
27.6682
10.9339
1.52626
84.932
35.3361
64.6536
81.9742
27.7445
33.6107
49.0519
87.6952
40.2009
88.9256
43.5289
34.0315
89.1609
39.4254
95.004
78.8908
71.3564
12.1162
49.7599
27.8107
1.56077
58.978
63.7625
38.5367
45.3897
4.58087
50.4624
41.3465
25.6747
24.9399
49.2021
8.65821
86.0941
84.9743
85.8075
2.8047
41.1356
56.745
66.5588
35.328
26.5245
23.2393
22.7377
39.0755
79.8547
59.95
14.105
45.6893
0.372326
33.587
15.9937
63.1276
70.9701
83.5402
54.168
17.589
16.4859
53.307
97.9841
12.2093
35.9156
19.5975
34.1715
27.5488
0.985762
17.4542
76.5517
70.3308
97.954
8.8197
76.4527
79.2695
47.0463
54.2609
35.9131
89.0773
36.0022
17.1687
39.7158
34.4967
99.4613
65.4669
66.8464
10.9683
92.4068
24.1143
20.8052
78.0277
91.4438
27.1952
89.5984
26.3522
46.5623
54.2256
28.9498
20.9454
10.7813
56.1813
39.7187
26.9977
31.4327
12.0162
99.9778
22.135
53.6928
32.5222
37.5215
48.6202
4.55688
64.9935
40.6026
57.5873
98.419
66.5886
63.2798
11.6107
68.6993
74.4261
64.195
4.49123
75.5357
70.9695
68.5576
47.9676
96.5574
10.8516
40.51
84.1959
7.92337
58.954
71.2877
88.5956
36.0069
37.7369
79.7399
56.8863
6.14747
5.37656
50.8491
60.8658
4.95449
13.6812
16.8828
78.8041
25.439
37.6445
89.7202
47.4332
71.5902
92.2628
10.4028
32.5956
87.9728
26.6604
74.4758
49.6148
60.0205
75.6689
16.8517
89.6965
73.4165
27.7857
18.5386
59.6529
23.27
51.2448
51.7292
36.3038
11.5262
44.9002
69.4486
90.0308
97.2169
43.7569
94.1647
66.0644
16.1213
63.2457
61.0217
31.2959
17.0344
7.52977
76.1232
3.45784
56.0227
54.1307
76.3431
10.1951
64.6728
48.9698
55.974
46.9485
10.7223
27.8055
3.26145
88.5068
1.62466
1.09572
18.1166
74.5581
46.6294
58.4177
4.22811
2.84477
33.7816
6.18454
7.72712
10.4567
22.3423
5.21509
69.3462
10.4326
47.3301
91.6268
23.2432
21.5354
95.8476
63.2256
95.8849
58.3137
31.4983
47.0555
89.1849
40.7217
1.75349
99.9552
72.8272
18.5493
75.8828
57.8992
63.2381
73.4154
83.4443
50.952
80.5172
92.3598
49.0923
22.1198
59.3396
0.717342
39.0905
66.6614
12.6553
40.2014
2.99139
55.754
83.5211
8.12231
82.1389
43.5106
15.9146
97.7362
92.0674
21.2674
5.10936
60.1632
31.5783
91.7887
26.6106
31.7514
61.5573
85.1663
55.7887
95.1
83.5809
24.3588
54.6104
99.0244
4.21656
5.92676
26.3052
43.1555
22.4987
21.0765
69.2484
56.4294
13.0623
29.3861
67.6201
71.8651
80.8518
22.5862
65.2801
72.5623
31.2569
90.7022
81.1166
33.8069
20.2174
6.10501
33.772
65.9366
65.8919
92.8541
81.5852
62.1157
51.0434
8.5735
60.4893
84.7859
38.4455
63.0214
98.3511
68.1001
11.5342
72.4822
86.7223
61.7183
38.8039
47.9377
19.5168
33.1027
87.6108
32.1403
93.0089
98.8503
78.5339
18.0168
45.5125
71.7909
42.0778
1.51997
9.93334
92.2456
11.9713
22.2911
36.2227
33.3587
87.6207
12.8881
66.7869
23.1628
87.7715
58.7421
75.1219
61.8305
41.9588
75.636
20.7356
85.916
11.8883
97.4112
33.622
7.65509
75.951
62.8173
99.036
37.3317
81.601
25.07
14.9052
59.4884
39.2287
11.8633
33.005
64.1099
62.6978
58.3882
92.1503
21.6889
35.0478
58.236
48.7058
62.932
97.1499
25.7522
92.315
80.0261
65.4286
27.583
39.2273
50.5563
69.3615
65.383
1.7247
47.0705
6.24321
42.3522
75.5679
84.0781
38.7531
61.279
77.6151
68.5652
61.4367
35.2832
64.3505
63.5476
99.7612
42.0924
9.05552
71.5656
58.9638
54.0742
13.142
50.9074
75.4761
24.8564
90.4093
8.34055
72.2179
51.8476
60.2404
17.6719
7.47594
8.66849
62.9807
43.4382
92.2249
72.8734
42.1374
96.2953
84.449
75.3073
25.6682
58.8994
28.2659
81.0509
64.1498
38.824
1.06726
50.8907
12.4962
42.6972
20.4809
22.5164
44.8704
76.4068
13.6079
69.0232
35.2159
71.4188
54.5476
33.8148
87.5437
17.8359
60.3476
52.2061
6.00387
93.289
42.9981
91.0025
52.4338
45.3838
44.1997
90.3163
22.9134
18.5442
59.3091
12.5434
63.9372
16.1225
13.0473
60.6374
40.8521
33.0993
36.7357
90.0547
39.0057
89.2939
26.6787
94.3838
26.7286
17.8673
40.0181
53.2422
45.354
92.3422
98.0767
27.6232
49.9401
74.7923
89.853
95.7522
94.2948
85.3346
54.9578
8.33623
27.468
80.2118
33.869
93.5403
6.16979
14.1073
41.2557
10.6899
80.1423
85.6328
27.9836
76.9622
28.8091
17.1788
7.65803
79.8048
28.2537
48.0317
35.8019
32.8563
71.7575
67.3933
61.7915
86.5452
97.5972
90.5992
70.2776
29.1613
14.1977
9.41374
78.6081
53.1425
23.6988
80.3187
61.9089
7.72432
47.9587
66.5552
31.3799
11.7842
90.002
68.7531
53.5373
98.0447
11.2862
35.7187
2.05486
44.6269
26.3755
96.2751
66.6561
26.5293
34.5288
7.33217
93.8019
46.2113
43.989
33.3409
21.6532
39.8167
94.3773
92.8079
65.0781
15.5743
32.797
15.2267
50.4343
48.0656
65.9358
12.5017
36.1579
79.3478
62.7816
47.4113
37.8068
81.7914
35.5198
17.131
56.6372
33.4789
11.3519
76.5525
96.7384
58.7149
7.98321
99.8753
28.9114
2.89727
36.8468
28.1482
8.25586
67.783
40.6474
9.37126
83.718
25.513
37.731
43.0903
19.6945
81.8203
54.2617
11.8931
99.3975
65.4691
60.8012
5.36086
20.7353
47.5132
49.0454
74.4743
36.8282
39.7177
40.0922
9.61493
53.9675
99.8381
47.461
25.788
26.7335
39.0287
45.7768
93.9704
65.7821
96.5958
90.3012
26.0604
12.8717
10.9534
77.1759
64.5304
94.0466
61.9898
24.6522
34.5759
78.2152
42.822
86.5281
58.2899
5.09048
75.0849
6.36798
9.93391
1.65516
56.0662
28.2748
63.965
87.7643
84.055
12.8991
5.48804
96.3909
98.3261
39.5062
25.6235
56.9721
30.1574
48.056
50.6898
81.6086
37.4475
17.9613
85.6048
36.9415
17.3059
62.9053
22.749
88.3054
20.3306
31.4021
4.82283
0.0996032
25.6161
56.8104
23.4893
29.882
52.698
4.49067
88.1414
21.2496
75.4238
0.120712
34.9578
7.07347
72.4089
42.2133
11.5061
81.8879
71.9628
40.4558
71.626
2.679
86.454
36.9723
14.5398
42.83
12.541
4.80155
42.0999
58.7595
26.7468
30.2277
86.3775
92.8597
40.4819
75.8653
5.95716
88.4311
96.6562
71.1202
83.3236
3.78191
22.0303
26.9796
92.1192
76.3633
99.041
3.92909
23.0643
5.54562
34.573
27.2665
62.431
64.402
72.0738
35.0143
44.8777
3.79771
17.7355
20.7226
10.377
86.3498
93.8497
42.7735
22.7739
24.8492
61.5126
27.7015
7.38128
97.7217
65.0831
47.9706
82.8844
85.2156
56.2871
30.8514
86.6106
28.4543
60.0125
20.4848
7.99687
27.2519
45.0149
35.4386
33.9394
73.8909
34.6684
37.4508
93.0146
63.9556
84.9676
8.01311
97.4367
79.7214
33.0179
48.7963
64.2511
79.779
44.7886
92.2147
29.9512
86.1336
45.1041
81.3727
6.27346
45.9927
52.1587
84.1051
51.648
1.43272
53.4604
21.6982
26.7737
92.1046
25.4368
60.9057
78.7818
77.6516
94.5144
27.8326
76.4178
61.708
98.4167
66.282
65.5371
44.6693
87.5319
65.9099
62.3381
56.5103
28.1796
52.4926
62.6159
62.913
90.628
96.7913
71.4391
72.628
99.0804
23.9348
26.2299
5.137
79.0569
34.1448
67.6048
85.832
26.3931
77.7369
67.4176
66.5568
75.479
35.0216
3.54241
88.5646
8.8846
22.2444
1.59944
43.166
30.5249
76.7395
12.771
96.836
43.9009
37.0429
10.5284
91.7839
38.8456
24.0788
32.9414
38.0825
89.664
0.555844
74.2892
48.1045
19.006
17.3392
38.1047
1.56988
24.3007
95.5627
72.7579
81.4116
47.3414
61.7414
92.2558
67.3168
86.7491
2.48104
93.9103
67.7949
82.1309
59.4004
2.32013
21.7859
71.5131
7.20743
73.446
29.1696
95.1653
88.3243
40.5
93.1753
24.1141
54.4986
82.7113
32.3064
15.3303
11.7444
31.644
54.136
8.29678
34.0662
35.9669
34.772
12.7156
77.0957
49.3759
96.3007
28.641
31.3036
89.5379
9.05648
91.1467
81.0211
2.16734
17.8357
70.8963
21.4325
35.5015
36.1509
13.2957
28.4614
53.4122
31.6955
58.7956
38.1066
61.811
91.3354
10.7588
30.6105
1.52581
99.2899
45.004
60.4048
16.3483
71.2277
6.7278
56.0379
21.5654
73.4483
37.4011
1.2315
55.7637
6.64094
37.4063
83.8548
15.3824
74.0092
98.3218
10.3522
29.1591
61.8298
40.9132
85.2035
74.7943
85.159
12.2981
97.9322
31.7249
29.684
90.0484
67.3077
86.852
73.6359
9.326
41.3333
46.1192
94.2629
37.3292
89.2359
0.386266
11.5195
53.6016
45.4899
73.9513
62.3877
51.2941
12.2751
85.188
57.7617
74.5724
99.7478
76.3486
11.4155
75.979
12.6189
8.1422
86.2787
37.8288
8.11988
87.7645
61.8963
28.9803
23.7348
47.4391
11.3747
93.1539
75.1056
46.9326
24.7965
58.4164
10.3649
18.5547
54.4874
30.2518
57.5798
43.3444
27.6154
80.5184
18.9722
6.53005
0.503737
39.9998
34.0842
35.7708
24.6976
43.1107
71.7955
57.1691
47.8996
70.9364
55.3511
91.2446
17.5834
57.9494
90.6785
97.1362
5.93169
30.7327
30.1907
82.3266
34.442
24.777
56.7105
35.1214
36.5412
86.7576
49.6012
80.4983
20.1563
39.5458
20.8104
52.1999
30.6541
15.4604
43.2124
13.6059
93.85
71.1785
58.7421
82.2251
45.931
16.8681
96.7153
89.2982
16.9078
6.04543
2.74562
63.8802
53.5032
90.1297
47.3237
22.4364
73.6063
92.1843
20.6331
1.48076
85.0526
98.4158
56.0217
93.1839
55.065
87.5391
32.6881
28.0573
88.4925
67.2423
46.9446
14.7014
82.2195
66.5311
29.3863
45.2038
3.43974
89.1659
61.5271
1.20569
65.1047
52.2062
31.1483
53.9814
81.7476
10.8026
87.207
67.3629
82.4968
22.5356
86.2744
72.7568
63.736
39.8401
67.1704
39.9007
91.1582
96.4285
97.5901
12.2063
6.23869
90.8239
94.8121
5.29479
85.4896
26.1262
82.6882
88.3567
90.658
30.4342
49.2392
16.5288
88.6015
40.5573
80.6123
13.5795
82.7828
37.673
34.0894
20.7935
45.7877
89.9869
66.6724
86.7987
88.7943
88.7524
16.702
76.8402
30.7486
11.726
57.6295
20.397
0.795461
62.6561
99.8171
56.6101
92.0059
41.2908
94.2806
83.1929
29.4777
41.6697
55.3514
28.291
8.44542
19.5179
5.1428
95.5652
33.9057
34.8
25.6049
71.5508
20.3615
43.6697
75.4525
15.7531
19.333
91.0487
70.6792
11.5842
90.0376
22.8668
76.965
35.5578
89.8429
99.033
63.5835
80.3784
9.81231
26.5084
52.9933
29.671
21.951
30.5111
70.5083
21.8625
83.4698
96.4688
53.3854
3.48077
60.4728
21.4359
78.8856
48.8993
8.83205
62.4574
8.51216
2.71024
78.4988
59.3476
59.722
89.6625
11.3153
59.9305
76.594
59.2773
71.5618
50.4241
57.5797
78.4433
18.0041
81.2229
3.71004
50.6048
44.6512
21.1393
72.123
11.8114
59.4856
22.4974
97.1156
5.33296
99.1574
65.4816
53.5675
45.2423
86.8191
73.2868
4.74124
3.13309
18.3863
58.5195
72.805
59.492
50.8247
5.54182
58.3698
49.4289
36.3427
31.7934
80.2972
24.3387
35.4959
89.1218
64.0075
54.9934
53.3419
62.9834
7.22012
16.5081
30.0488
35.1874
27.9386
76.8036
40.0164
21.847
79.3058
70.8903
34.6275
26.7013
19.7292
43.9365
89.027
24.7625
67.1512
45.3847
4.3304
37.1191
77.7326
57.1271
3.0191
70.858
41.3288
0.0164443
27.7601
19.848
11.9905
87.2543
19.4076
93.7647
21.2665
25.6725
78.0526
57.0829
53.2362
23.0692
8.47112
37.8804
8.76838
12.4689
26.9162
70.8352
56.0029
48.4759
54.4489
56.1914
44.5579
52.708
85.2322
86.705
32.1915
31.3656
56.1018
98.5263
57.2407
12.4686
21.6681
2.5702
32.1668
93.5571
59.0496
64.1902
58.264
27.828
66.8602
15.9931
86.1008
25.9933
8.99317
94.2855
72.0203
27.1308
4.28826
70.7695
45.3933
24.6158
27.1359
95.5164
57.2515
93.2046
6.26364
22.0403
96.899
34.7981
30.8885
71.2396
37.4248
1.668
78.4583
27.5071
7.51274
60.5587
18.7045
77.6096
61.1045
76.4929
29.3017
96.032
33.9765
75.5657
28.0173
77.7472
49.4682
61.622
81.1644
3.87271
3.85018
29.4337
10.65
75.7238
32.0051
27.7396
26.1911
4.30001
78.5904
81.495
86.3924
29.7748
59.5956
3.86923
84.8042
69.0619
42.8837
83.1957
40.5755
58.2138
96.0671
27.0353
99.2788
3.38862
59.7267
79.3918
23.0594
17.1907
88.0212
11.2421
23.2236
11.333
3.90622
24.7128
26.7714
31.1537
38.6461
38.2339
89.8288
18.557
92.3036
62.3677
17.1922
18.2628
43.423
16.3893
84.1714
66.8768
87.688
64.8723
18.9843
56.1192
53.4114
67.5734
33.2464
77.2186
71.3643
37.7308
19.6765
74.5513
94.2751
15.7853
16.2489
79.1675
5.55133
23.3406
17.0778
19.8143
29.7087
47.8335
75.1934
82.0168
11.6637
48.3437
19.8307
87.7024
3.56598
15.0066
54.3439
19.2268
52.1317
7.43937
2.27998
80.2353
26.5419
67.9529
27.3118
60.1195
14.1032
33.2323
38.3939
91.6334
33.4449
79.4628
38.9652
9.2662
96.9991
29.3515
66.2799
34.9299
17.3201
27.5308
10.3016
64.6253
58.7649
14.2615
41.8421
14.7859
28.451
98.6252
24.3717
67.8426
2.49325
10.5627
48.9587
5.80414
40.6023
90.8461
52.7982
40.2337
38.9569
10.8614
77.3025
17.1851
85.488
30.2306
71.6499
38.6134
33.5875
53.952
83.3876
79.1478
67.4338
49.4511
39.9928
66.7281
37.3708
70.0111
52.6632
58.0864
9.94773
65.548
10.6078
94.933
62.7447
39.0418
8.68663
45.8603
63.5604
90.38
50.9453
30.8004
4.34247
45.1284
6.61605
31.1972
32.347
10.4472
96.2549
55.3715
63.5958
33.5482
29.9769
62.4834
64.9265
23.5482
9.7952
38.8993
80.7154
85.0466
85.5113
32.1605
31.4677
2.83806
78.2101
37.683
28.4667
94.8384
36.7345
16.4654
76.0585
50.3311
2.24771
14.4023
5.75854
75.2273
41.1855
72.0946
68.3962
56.8133
36.3349
16.7416
70.1717
37.9576
89.0258
99.3545
37.2117
79.5717
40.5205
18.4216
76.253
42.6228
21.5404
33.9854
56.9759
84.8587
43.3257
78.4272
35.8023
84.8554
73.6771
48.8162
91.3854
82.4028
49.6321
86.982
71.0672
28.685
63.4363
16.0794
47.8331
6.55611
98.4245
91.3021
13.6799
32.3847
55.1303
24.9927
20.3593
90.7314
10.7236
35.3304
57.1407
20.3721
90.5485
82.2688
77.6121
10.2788
84.1483
24.1315
41.2277
87.5588
38.4585
4.83714
42.4653
28.6691
80.0318
58.7971
57.0973
34.3039
38.7208
82.4394
61.8133
6.28363
93.5422
38.6662
10.7981
47.7849
17.734
84.9777
15.3412
47.7389
87.1206
82.7838
82.0438
16.705
93.5695
1.58494
19.1914
83.0621
14.6384
84.9692
73.7678
28.813
27.5023
33.6605
69.6586
2.95236
25.6133
91.4237
13.6885
93.4611
9.74572
28.5501
69.2889
95.1447
75.7789
26.9033
65.2478
5.68363
25.3252
48.253
22.0689
14.6701
39.2035
7.19181
46.219
49.1655
58.3319
20.5458
65.3611
78.7445
32.0195
83.2383
75.1167
7.72253
11.5257
22.2549
13.9188
6.7029
31.2453
80.9262
32.8218
59.2124
58.407
92.1661
81.2966
28.3271
0.225929
23.8941
86.1391
76.7852
54.8334
65.0855
40.7478
62.1462
85.1312
91.1252
18.5531
7.50193
54.2984
29.984
7.79625
56.3683
87.8378
15.7685
94.9265
15.8553
81.4682
14.1808
99.3418
19.2016
84.8356
62.5726
89.8993
40.4259
79.2
78.8977
90.3606
35.6585
31.4449
51.9863
27.387
42.7114
59.5858
68.0727
4.33414
43.089
51.674
78.9381
39.4822
62.9894
17.901
17.3522
9.64732
59.8945
10.4092
11.2092
48.4834
10.1608
65.2204
89.826
84.7459
43.0897
82.9509
47.6556
9.37236
0.64531
57.3579
74.1219
17.9745
48.7914
92.5774
32.3038
15.4573
27.8389
87.6375
64.1721
62.9161
92.8588
60.4568
42.1885
13.6735
76.3248
57.9678
28.1302
20.3435
50.0146
62.4226
36.3192
84.4349
94.9567
12.7818
7.62423
80.383
36.1947
91.1197
77.1012
23.8581
99.8296
47.1687
15.9523
93.8421
25.7802
30.5644
16.5439
51.7936
86.9466
42.5806
55.0725
73.4907
27.575
68.0796
86.7333
44.9396
15.2331
68.883
22.1676
85.0447
63.2086
75.2179
28.8406
76.7671
69.339
12.2285
35.1856
29.5993
7.46169
19.1857
59.0659
97.9104
85.9248
76.5305
4.4644
95.4379
0.516441
17.6051
7.47751
94.6449
67.4342
48.4638
85.8995
26.122
7.14999
40.2386
91.3224
63.1575
17.5365
18.122
48.94
46.8502
45.3747
65.5964
53.1505
17.2892
28.984
97.8325
4.9394
52.3847
95.8399
8.49901
49.5568
78.2647
24.1192
77.0643
70.6737
91.541
28.1212
41.7934
78.5092
11.1676
61.7551
66.3083
6.95019
35.756
16.0952
8.64331
40.2528
15.3538
39.807
8.61436
34.5077
4.85864
5.67598
78.5877
99.183
15.8711
67.2212
39.938
79.8891
62.9936
89.248
73.5177
71.3564
14.2616
32.8977
16.0014
14.7843
22.4438
42.7624
51.6681
8.80671
55.6546
56.9261
58.6065
8.76066
81.5707
40.2204
22.5681
61.3002
65.8696
37.7908
65.9762
12.7283
75.5298
45.7937
86.6497
88.7606
50.7592
13.6574
24.9578
44.7782
27.7083
53.3599
41.4272
90.2538
20.6862
13.3943
90.6812
44.3971
34.0428
29.9384
36.6732
13.454
90.6285
87.7153
41.8066
95.3844
8.9635
14.4478
46.1403
69.3053
82.2815
74.5172
59.4773
26.4392
80.4095
46.7536
27.3296
37.9372
67.2822
70.2852
27.2527
58.704
86.3783
36.0097
43.4083
15.5644
42.1063
45.7017
66.124
67.4834
88.9213
53.3448
18.5699
26.9377
45.2403
22.6016
93.8898
31.0078
90.7996
29.664
67.3024
6.61703
77.4473
73.027
62.0403
87.3384
63.6956
93.8598
0.0460158
38.694
49.232
26.218
43.8878
26.0463
47.8035
92.7017
65.8314
10.331
92.3561
10.5068
4.70629
97.9079
25.462
97.7144
90.1108
92.0059
48.7636
15.4294
31.3476
58.9181
60.4326
39.4651
65.5014
93.0146
92.9782
29.2494
55.3535
5.21663
71.1155
20.0482
19.6361
96.7956
92.157
82.6592
49.5535
35.0425
80.7007
87.6308
84.3163
20.7218
62.0035
49.1948
98.0444
49.3862
76.0815
0.969036
83.6422
39.0505
61.7282
75.2261
17.6899
49.5637
48.8162
62.4162
77.5596
99.9511
96.3733
79.8644
0.970278
0.33198
71.2556
62.2816
32.7598
95.0306
16.5027
78.5683
3.2021
96
55.0178
62.7089
81.9045
99.7278
68.7595
49.8511
24.6599
90.412
4.13811
62.4835
34.1233
22.1213
14.4046
48.1647
95.2929
0.143554
72.4311
95.6467
73.5433
98.488
55.1405
46.614
2.79329
34.7455
79.4185
68.4421
53.3932
56.9507
15.6987
64.3769
57.947
30.5154
6.12777
13.1002
71.0358
40.0475
23.7518
78.9311
79.878
88.1288
10.2081
57.4377
88.5233
36.7639
77.6492
22.6158
36.1667
99.9321
63.9872
81.7851
19.8698
58.3317
12.1702
1.63321
4.38776
72.8332
27.2822
85.7728
4.46337
60.2274
56.4004
69.7368
87.7188
96.9284
27.9898
95.4147
11.5436
36.2275
88.1265
5.54195
56.8764
65.9648
44.9656
77.721
94.0127
67.7743
37.9329
8.04864
88.7753
91.5865
36.0781
81.4326
46.3426
88.4168
59.001
55.0246
74.4679
82.8185
21.9099
71.1327
22.8498
70.0549
8.00388
81.7559
96.3614
31.5389
14.5781
16.362
63.6415
78.6853
27.8629
31.8076
58.1242
39.3611
77.8132
92.4783
97.5713
78.9682
27.144
66.4202
59.0097
27.5017
84.9441
71.805
90.6986
6.75317
73.0674
47.7262
17.4849
22.7041
28.1207
72.8403
64.676
90.1312
13.1744
58.6918
38.7071
28.9001
83.3117
51.6848
60.9119
94.5952
89.3058
37.392
59.7996
0.15602
27.3593
8.80589
59.5981
55.9202
43.4826
43.5168
49.694
48.0283
46.9998
29.2199
49.6519
67.9064
90.6979
97.2285
65.7792
0.805636
43.8601
36.3627
98.2557
96.3123
12.7405
81.1864
56.3164
16.4183
84.1353
45.5321
60.3556
28.5768
43.9593
57.6747
33.2841
40.4602
93.0084
65.7733
49.4738
90.45
76.3374
31.4664
81.681
51.8588
14.8078
85.3154
67.6092
17.8758
24.7641
50.729
94.5116
40.046
28.3926
57.6331
61.7995
17.0717
18.7278
42.5593
76.257
29.3
72.1489
47.7478
77.0544
44.5023
72.0788
95.0371
80.0766
0.958838
56.1689
69.6777
12.4815
56.5065
20.3764
73.4577
11.34
57.9645
31.6648
51.6687
13.4724
48.907
67.4421
36.7574
9.94497
35.9457
30.8799
36.5992
47.8269
25.0299
46.6168
28.0979
55.344
44.599
9.61578
62.3436
43.3103
3.0382
64.5293
71.888
66.9182
41.7712
53.041
94.7638
32.5465
60.398
51.7487
73.3418
60.1583
31.3222
23.3909
49.4972
46.2824
96.6348
14.8554
98.4787
14.3409
44.2147
59.7804
91.0403
38.191
82.6887
86.5089
89.6286
36.2909
49.5493
21.1088
78.1745
0.279351
96.5143
76.7267
34.3122
19.5921
62.4804
29.3082
48.6595
90.8884
73.6301
92.7208
90.2521
18.0146
94.4377
65.0047
60.073
29.7929
82.7027
18.3695
76.3212
51.985
77.0174
65.1252
78.5338
81.7338
99.4083
43.3637
60.3001
44.8882
45.6129
28.9433
33.6342
71.8368
21.7487
65.8762
61.0824
77.563
83.5569
75.0762
29.9739
84.4299
90.3477
30.3153
36.7935
93.4113
2.12861
50.7428
1.54026
85.1682
29.6714
12.6027
43.8256
28.2583
1.74005
73.6436
48.2643
58.6484
8.80455
14.1482
47.511
50.8008
22.9767
3.81434
32.3408
64.195
57.3826
26.6195
30.3512
52.1191
75.1312
93.0166
20.5516
96.4529
7.93009
2.65102
52.6706
44.4231
75.1281
80.8033
48.3088
12.0262
79.865
62.5395
50.9051
17.7111
5.03618
40.5267
86.9583
87.7945
80.5355
51.3031
14.0531
29.9971
34.2765
56.5683
94.2456
53.211
45.844
29.9312
53.9594
19.3663
87.5441
33.7667
76.4113
96.5011
99.799
44.8458
87.0115
77.5482
38.8549
87.4537
42.0038
8.11078
21.0083
80.0226
40.4577
25.0391
67.34
59.7836
7.62262
74.8994
43.6455
0.893178
63.2029
22.5329
81.9912
41.3582
33.3375
54.1903
46.4498
13.5511
29.7668
60.4794
74.4196
97.2052
59.5672
1.10126
75.9983
13.6893
99.0751
70.5419
61.5357
11.8088
28.9129
31.0047
67.9815
51.4628
40.7578
13.8565
65.4817
23.5861
82.5606
75.222
78.2854
70.3786
16.7119
54.7686
12.1726
48.8974
6.32039
75.2966
78.0402
61.9566
48.6306
65.3678
78.0306
9.77854
32.6216
48.9472
59.5278
10.7674
56.2895
62.535
47.3422
75.1332
71.3806
86.1654
12.9337
14.3739
34.2885
47.7256
2.35178
60.06
51.6851
14.6269
39.2706
52.2251
36.2152
54.45
1.90627
98.8246
38.5656
83.289
54.0916
59.2194
4.24804
98.8857
98.3509
53.7874
53.0188
16.8987
86.2393
92.9202
89.2702
21.962
64.7152
96.3157
63.9935
7.08451
44.7014
63.2234
78.1352
10.0894
83.0402
18.6408
23.9754
95.5316
13.7267
53.6582
55.0665
37.5963
32.8482
60.4009
61.6188
62.3703
8.20272
55.4682
48.0143
22.9077
55.599
0.217373
9.04813
5.54579
97.0359
79.0066
43.5699
51.1179
22.9691
8.11885
81.8875
38.877
55.2319
20.3472
8.08972
23.7544
23.5752
69.2803
75.528
11.1295
69.7065
26.0687
17.8395
9.91491
4.90874
21.2817
45.795
23.3307
45.2533
49.5344
84.4148
20.7353
0.832972
34.8017
26.8054
66.2777
95.9562
35.2479
99.7639
26.8243
90.6281
45.8855
44.9075
67.6046
1.2894
92.9172
73.6244
75.1215
45.2926
9.26982
49.7668
51.7222
14.6712
62.9353
90.4914
57.7061
15.4736
71.9465
59.7884
79.2892
74.9173
85.1881
29.881
18.858
53.7437
76.227
11.1332
95.1097
43.0823
66.3477
6.87913
55.5153
78.2047
81.3126
88.5305
58.7655
34.3685
85.0801
31.8857
61.3376
65.0413
96.663
63.7699
8.49367
83.6422
43.7611
47.1881
72.3668
61.4954
81.332
45.7532
34.9673
54.9645
45.7992
2.75845
72.5087
95.2491
45.4433
97.0048
49.8266
79.9453
50.751
25.363
79.3713
26.6406
60.9747
46.7933
42.7211
47.2013
87.6696
92.6779
80.6591
28.0305
23.094
43.3047
15.7449
57.0384
87.1561
16.8077
60.9391
14.6003
3.25858
46.4676
93.5007
85.7687
38.2384
40.1617
61.5182
22.0367
59.586
52.9938
54.6672
84.6822
0.357036
68.2997
98.0994
74.7584
67.4625
38.114
72.0684
53.5034
89.058
20.7112
97.1871
26.9188
94.8678
91.2062
54.4257
56.0739
0.871556
35.6587
89.2742
86.0254
2.87475
30.014
40.1273
95.514
84.1452
95.7286
14.5671
31.2598
70.8847
91.3638
94.7373
99.9906
68.1013
71.2567
41.0754
0.980484
10.3637
73.4842
39.4807
97.6996
85.4158
1.0962
96.0068
86.5296
50.2894
79.5768
84.7877
2.23772
71.4109
45.234
35.0655
32.9839
19.9231
44.3372
10.3564
25.3668
55.6116
69.1528
96.4937
10.857
20.642
90.0101
86.3774
4.51945
99.1274
59.7071
12.433
9.73354
23.4573
71.4376
25.8241
49.0433
20.3373
83.9589
64.0512
21.9778
80.4514
52.2628
31.6305
71.4826
76.544
52.6942
92.3982
19.1972
57.9183
75.3061
21.1072
1.59903
20.066
88.4732
12.1242
85.6055
13.9872
92.3677
30.7371
40.5936
55.2719
27.7124
6.50194
48.2678
48.7214
0.433819
61.9136
4.30564
82.815
59.5745
58.646
93.116
88.9582
71.005
22.5985
17.3727
12.0588
1.63663
1.91758
48.668
66.1877
98.8968
14.3602
84.7673
80.5365
13.8849
47.9624
20.4965
42.9254
43.8573
98.3709
25.2415
50.0304
48.39
50.6714
2.30042
15.4845
36.2947
53.248
39.8225
53.137
53.1575
91.2963
82.5974
53.9611
72.2506
93.205
43.947
87.5446
5.07264
86.7867
42.1551
90.7809
97.6146
18.6878
7.55515
55.9682
49.3379
68.705
19.9253
4.63447
88.7232
53.8304
15.5906
65.5987
11.2182
83.2859
69.1232
47.2279
16.5285
59.9493
13.3132
68.1833
72.6238
49.7217
21.6853
17.2473
2.66685
57.0588
51.4918
74.6447
96.1949
92.5719
16.5665
51.8117
4.24546
64.2974
94.2765
67.5079
9.73635
18.8809
85.556
55.8865
86.2954
30.1041
86.5623
70.0001
89.7567
14.6568
6.04997
21.0244
87.7033
64.6606
82.7393
0.443468
33.0236
85.0201
78.7358
55.6537
73.0341
18.097
5.59789
52.7906
81.4509
2.14235
15.8969
22.9365
30.7265
26.6794
27.3697
79.3089
44.4082
54.269
2.77385
32.7266
39.7282
38.6266
82.6508
61.6444
29.1661
85.4786
5.75749
54.5633
95.7162
86.1457
7.87025
86.3597
60.8154
88.1045
58.9786
13.464
92.465
81.8054
24.7034
85.2352
15.0692
45.0725
67.8823
39.168
26.5735
10.3327
2.03614
3.23831
32.104
62.2838
45.947
43.044
60.8867
60.1169
48.2747
98.0353
79.3875
6.97543
43.1303
45.6074
36.7392
69.7594
6.13683
24.229
19.9447
8.42837
89.8087
32.7408
94.2785
12.9177
6.44096
42.0545
65.7882
38.0418
0.143579
48.5582
52.7201
59.5639
60.7907
73.4324
21.5473
81.6544
32.6516
90.2048
83.4236
37.4213
24.1842
86.3109
34.6472
76.8381
69.0701
43.2124
34.8092
47.9901
22.5625
7.75814
28.3205
83.8342
92.9626
24.875
17.2982
80.411
39.8864
39.2656
17.1914
62.0654
76.1162
44.7103
95.6492
18.3964
40.8017
83.4193
74.3277
0.366345
11.5217
51.0746
74.7884
97.7286
51.4724
88.1068
4.31725
2.18672
43.3302
87.9855
88.8136
10.0487
15.8811
4.14375
30.276
85.3625
85.3795
32.1447
34.735
64.9753
88.3806
13.9685
2.36002
27.6971
14.7893
59.6214
43.3636
63.4272
8.40671
46.7572
5.18867
48.4608
26.1775
63.3185
29.4534
2.14718
3.4614
0.326408
56.3984
58.3239
52.3265
58.3666
43.7593
0.259674
41.0123
23.8775
66.0361
58.6456
87.6872
80.9235
93.4673
97.8741
50.1771
74.1045
35.6007
55.7624
68.3954
79.6026
8.7422
83.2194
55.6294
24.861
18.8735
72.0869
57.0104
40.2559
36.0366
93.546
53.93
41.2067
22.4091
34.7074
13.1679
21.8212
51.7185
4.66995
81.1989
88.737
68.304
7.58159
56.7951
94.0942
59.4607
14.173
38.9467
23.4546
15.1005
67.8209
95.2509
3.0205
88.784
18.7852
7.12746
6.81746
72.3095
51.8363
77.6405
12.3028
86.1142
72.6729
22.9638
27.0443
45.8653
95.7139
3.08795
2.70612
92.1446
71.0269
68.4425
4.76956
27.4231
25.1428
61.3834
77.7769
59.5828
96.0984
23.6426
40.1709
80.0571
43.8819
66.5444
87.9707
57.9508
75.6042
30.4771
45.1052
0.0315227
54.7852
40.6188
96.6235
75.5001
62.5022
63.4758
44.1634
89.3458
36.5474
83.2003
70.8406
2.53385
78.6005
71.3613
64.1573
17.211
47.426
16.5588
18.9911
33.9488
0.461874
9.05728
69.7182
20.6738
49.0086
18.9634
2.5507
76.6188
19.5881
74.2884
87.0037
11.2514
29.5407
42.0051
78.9649
91.8403
25.1378
39.8959
93.0632
90.25
9.3387
93.109
88.2343
26.9801
43.0126
15.752
58.2955
8.33405
71.5926
9.86109
43.2691
54.439
21.0522
5.02234
31.8778
2.96017
44.57
15.6935
94.658
76.3907
29.1378
21.2719
59.2074
39.7144
87.0844
26.3238
20.1834
56.1147
45.7617
93.9316
52.3638
38.8035
97.2631
39.7511
59.6981
40.0037
6.24825
20.6181
21.6429
31.6929
54.5505
88.9712
72.0195
59.0198
84.903
66.243
66.2795
17.0025
84.609
28.6222
51.5951
79.7318
99.1917
6.96102
49.6863
5.66375
75.9271
43.5323
42.0466
27.8141
87.5593
94.5646
95.3734
25.1497
14.8456
93.9706
82.1758
12.0643
21.7549
48.1313
5.54502
4.69959
4.56525
33.467
4.38553
49.4839
72.8397
66.5452
12.6813
9.53123
75.118
9.10868
62.1307
21.3628
35.6194
30.7441
95.1558
49.2382
99.099
16.2556
8.3084
22.7189
31.7735
23.9331
74.9745
7.53384
29.8444
87.4935
47.4918
46.6908
84.2593
93.4349
65.1264
78.3761
48.7473
90.952
3.01745
92.6679
25.1112
52.0101
58.4738
8.17064
71.5676
90.5344
81.111
56.6983
58.118
79.5201
84.2704
56.1646
8.41148
81.1434
48.1572
21.277
38.2039
11.3817
24.8263
62.6393
57.9106
70.8583
26.4636
50.2826
5.13074
36.3654
39.9945
26.8435
30.115
98.917
67.554
24.7046
60.9865
13.4629
83.9507
83.8594
31.4487
39.0486
1.97868
59.0584
10.3494
92.2336
44.5285
8.04897
28.0732
58.4772
15.0468
96.1576
1.49659
46.6822
21.2856
37.3964
75.0245
57.5437
44.0011
87.9096
66.9389
56.1859
80.7406
2.70179
59.148
54.8268
51.4318
45.0846
46.4348
69.7343
32.9686
81.5042
26.1763
38.1448
3.87356
77.2066
58.3371
87.1237
84.0787
90.5951
73.9828
17.1729
91.9129
8.89863
60.6881
20.2638
38.0482
43.9112
65.6944
47.9628
59.1793
83.4595
10.6761
64.8792
9.19014
72.2772
4.97557
9.32227
45.5391
42.7259
81.3879
11.8366
2.21121
44.8239
67.6064
73.8051
77.3798
12.9156
95.1735
74.0755
4.5402
44.5835
54.5959
57.156
22.5235
97.9372
98.3703
25.6415
79.8957
27.1475
26.0208
34.0363
36.2198
60.0298
84.1492
90.9122
86.6885
13.6466
99.5786
89.176
67.8105
33.9476
51.5752
26.9839
35.7551
62.0686
85.2868
79.012
40.4705
51.3685
11.5121
65.679
8.02953
8.80855
20.2127
7.24074
65.8696
40.9938
8.31458
76.4158
9.39209
95.5763
52.4094
91.1131
10.9296
18.4402
22.2288
52.1792
37.4861
18.3583
20.9911
71.4583
95.0167
74.7651
22.9001
38.4062
56.3727
13.6031
39.4389
58.2153
20.8065
72.2282
81.2126
84.2442
5.37684
5.70795
98.8477
30.9921
31.0714
74.7347
55.8714
76.0519
61.8069
42.3179
39.851
97.0652
60.5017
11.5621
57.2682
25.1947
37.2972
67.0722
5.90529
69.67
85.6732
35.5338
3.46535
54.5873
77.3478
99.8884
76.8941
57.6148
31.6442
48.4051
94.1195
99.3555
70.5842
62.3262
89.1389
90.2572
12.6841
5.8985
34.9252
38.0122
14.757
69.7865
12.8286
15.334
13.6197
30.1799
35.0476
74.9173
23.8692
14.3656
94.9049
37.3489
31.5093
83.6297
6.24741
7.89404
89.683
92.5632
28.9641
17.3552
80.5213
47.7833
43.497
46.9124
68.2725
0.972377
33.0047
39.1601
92.8694
5.78667
41.674
38.9994
74.0378
24.6434
19.2494
49.9165
12.1492
20.7442
33.4755
34.6085
78.0352
95.3459
55.1346
38.5604
18.4349
72.6968
20.2698
94.8922
48.2629
9.55564
55.4102
51.8102
82.7184
77.4312
74.8115
29.6824
83.2822
15.2078
19.6331
18.1107
81.344
92.0118
31.7154
91.3395
45.7152
84.8692
17.7748
84.8368
84.0521
96.9944
17.5806
88.8898
86.6969
51.249
24.5643
42.6178
51.2956
4.81726
48.5653
6.90757
91.1702
11.8542
30.4035
35.0084
0.602173
12.3857
79.9169
36.8359
46.4713
43.8007
80.2576
85.2981
77.1034
68.507
68.176
32.2499
70.688
95.6279
22.3545
83.6985
29.1858
62.8893
34.0643
55.3273
86.0185
81.3132
84.0887
64.4612
31.8197
42.6547
48.0589
80.5452
77.3182
55.7787
90.0662
54.4255
47.0919
82.121
16.0487
13.5598
32.5949
77.3452
4.07551
5.42052
62.6979
80.8934
47.3661
34.713
57.435
60.1929
51.4862
61.5167
23.1582
0.227238
15.0232
37.4911
53.8957
93.9086
30.1547
29.6275
24.3634
95.7491
10.7512
91.5916
48.8309
15.0608
32.9589
19.9143
5.71331
60.1997
95.305
0.539113
90.4415
75.1807
54.1932
24.5431
44.3598
43.6022
98.1209
11.3337
47.2739
50.7209
95.5927
80.1694
10.9611
22.9201
5.69451
41.6364
45.9439
58.7526
44.0307
99.0437
28.5412
48.2529
97.8343
31.3712
76.2867
65.1411
26.072
66.3551
29.0505
76.8094
20.7041
35.6614
40.4356
49.9347
58.4159
84.0799
17.6971
63.2629
6.10024
11.9731
74.5781
19.0476
54.7865
61.5191
99.6354
92.6686
5.11925
16.3178
89.3848
95.5612
94.9002
72.7655
85.6631
71.774
61.5272
12.4585
48.8728
49.3681
27.0192
81.1824
28.3843
77.0375
73.0209
21.2554
94.8719
27.8357
55.5308
95.4025
12.2975
9.58313
40.6966
65.8136
9.25188
52.1817
71.4545
91.287
42.8411
21.1324
90.7386
53.7521
52.5269
84.9736
90.8585
24.2065
33.3809
65.4857
59.1954
34.2647
85.6413
39.1513
54.1852
10.1285
21.2279
84.3714
77.217
54.147
22.6361
0.277593
28.7119
59.1958
43.4601
71.4598
87.2816
28.0665
68.7742
33.6333
28.5126
4.05358
18.9785
55.0328
3.93992
74.051
92.8223
74.1022
22.3812
54.4134
41.9491
78.1615
52.0885
43.3292
12.0829
36.2841
20.7977
78.6338
63.1432
86.6246
2.14399
1.58288
60.8361
21.9283
53.4417
9.46189
36.6678
73.6476
54.3795
48.9076
9.60226
89.1382
1.25846
1.9462
51.7135
71.7402
61.8667
36.5648
45.009
40.1084
18.8224
57.8107
19.8364
22.66
42.548
68.2418
81.4588
85.4453
27.6395
46.6524
14.1759
6.1535
35.7263
96.9946
56.6502
76.18
91.6341
55.451
67.3149
88.767
16.8507
88.0067
19.9522
74.2539
10.6345
76.6984
2.9254
81.3174
70.3287
36.3443
35.5626
12.5604
49.2661
11.4005
24.5806
45.9228
75.887
86.4528
72.1787
10.7631
35.2416
29.0314
63.6917
44.091
11.4725
82.3286
48.4898
49.9151
4.87597
14.3771
70.0458
21.4627
95.1549
89.2082
49.4989
85.886
58.8181
75.8579
29.3593
25.6514
10.7899
63.9819
43.2953
94.498
84.7546
82.9529
69.8612
63.3203
6.61048
88.0537
8.77668
34.3189
45.2915
4.60876
58.5276
39.3008
14.1517
78.6926
79.6869
57.8753
24.6318
94.1861
91.2712
81.7307
13.6133
50.7841
69.4201
57.2216
16.2689
6.20053
75.1025
73.7058
61.9619
14.3811
87.4966
9.5043
49.1326
94.976
29.8441
32.8837
93.3813
4.45031
62.5684
8.63367
75.5883
22.3269
21.7266
92.6463
10.3576
50.681
98.1448
5.36214
73.4829
68.2111
22.9792
98.4125
48.3095
91.6115
44.1337
6.0458
21.8857
32.9966
99.2021
28.102
87.5069
41.8537
32.7832
65.4433
45.8923
97.1479
87.1679
91.4216
47.0012
2.7127
84.5532
17.269
6.18143
63.3541
97.924
98.556
14.9951
62.0467
20.6099
32.0836
7.40733
96.0514
13.8241
88.5506
52.2059
62.237
99.799
66.2277
37.0404
14.7802
69.7142
78.6434
5.98783
64.4158
2.56832
43.9123
67.3764
40.4905
11.1886
4.44807
94.1707
22.6317
50.3441
33.4744
45.7074
52.6097
1.43059
34.9079
16.7561
32.3472
79.1397
42.9955
91.0089
39.4356
94.5262
0.600769
91.8319
77.8301
10.3353
46.3863
43.9121
12.6609
28.1851
60.2061
42.5916
42.3984
78.8881
35.2875
2.77134
2.41301
13.2105
99.0464
12.4654
90.8093
25.7686
73.8962
42.5677
14.34
17.3
73.9414
34.4095
19.878
86.5606
76.1773
69.6672
40.5623
92.2457
18.7116
90.3526
47.949
50.4925
28.7937
72.2003
15.8969
86.9154
25.4814
0.553164
89.369
70.2254
14.6676
43.0607
44.4357
49.2344
33.5249
16.1211
52.2937
96.7919
50.7477
80.59
3.41843
73.5557
79.4237
11.8371
61.0515
45.2477
78.719
90.8502
30.8377
62.6428
13.5339
37.9325
75.1826
8.5524
85.3133
52.9985
42.654
59.9366
78.0421
89.04
81.8544
58.5992
49.4814
19.2633
80.5114
92.3266
57.4024
5.13521
34.294
78.6189
53.4753
39.0902
35.4675
52.9255
49.8308
20.8762
66.3059
47.4141
89.2375
12.0613
90.0072
5.50227
88.5989
28.9647
49.4533
19.1922
57.2952
42.2543
46.6559
91.6264
24.2858
41.5067
92.2581
78.1627
42.6371
13.6996
69.5903
45.5254
59.7604
3.74626
85.8105
66.9514
99.1373
69.9774
76.7364
56.595
85.9146
82.0122
73.7375
46.7653
84.0211
0.96431
76.3059
73.1242
30.7534
44.72
31.5143
68.1363
79.0674
17.116
26.678
17.4097
23.5859
83.8665
27.1824
4.20718
72.2426
52.594
32.0836
42.6316
39.2165
33.529
50.7392
78.5722
80.5429
57.4251
68.1657
54.6307
37.1838
20.4852
97.9951
14.8531
61.061
98.2209
33.9397
10.3996
36.6527
74.7373
6.27731
19.7417
64.4772
56.0604
84.3083
69.3158
83.637
23.0587
0.288785
49.478
13.1662
1.638
37.012
74.2491
11.0259
91.2512
94.17
18.665
78.3952
43.0492
36.7458
79.8979
49.7176
85.5026
57.5758
17.1191
94.1005
59.6585
75.4869
82.7847
58.7637
3.78362
21.089
84.4046
84.8438
29.4363
12.2583
43.6208
46.4813
47.9824
18.2163
99.6013
32.1676
51.374
86.5621
99.5565
9.09901
90.3729
70.7012
27.0961
45.782
33.9908
63.3125
60.0872
96.0754
2.34203
65.2199
18.2467
5.26171
50.1455
31.2475
30.758
57.6838
18.1373
9.95397
26.7702
57.1855
91.761
9.50852
65.8114
45.4743
89.1901
40.4241
47.3378
31.2729
31.1274
11.2704
51.9698
91.4752
23.1656
89.5297
61.483
17.3095
2.01741
84.3611
92.8492
28.4676
35.6965
0.717739
26.8282
22.3166
92.2725
78.3105
80.8151
7.59951
58.5186
98.9669
82.4567
55.3512
34.4697
50.788
15.0799
2.78641
92.7025
40.4912
69.2581
33.219
3.91567
16.5784
15.7921
63.496
66.4226
32.1225
67.078
19.2357
93.5101
32.2581
12.2251
29.2103
36.3498
70.4436
69.8122
26.8183
18.9394
13.4183
92.1378
28.5124
51.3247
3.90877
87.9109
84.0822
31.107
39.6482
31.4146
10.6959
91.6995
13.9977
26.6326
86.3075
2.8413
60.6905
70.7652
13.0128
70.7967
95.8164
78.6911
12.6616
83.4137
75.7634
48.9215
43.5541
37.546
62.6827
61.6903
56.3776
3.68536
58.2015
59.3125
87.7838
63.1161
88.442
75.8925
99.6017
4.04879
69.5839
84.5932
58.9086
94.571
68.7594
50.9621
64.541
78.6468
57.1079
85.1547
87.6317
5.46211
69.8702
53.2939
55.8727
52.482
88.5473
3.67407
1.83536
8.51622
75.9019
4.74521
37.5648
13.6851
68.2667
82.9229
50.5716
3.78038
6.76034
18.8527
31.8318
72.9272
17.1621
65.372
66.6417
49.8039
27.7543
53.2287
52.0107
64.9443
18.4254
42.4145
34.9878
49.7232
38.2353
48.6471
4.03418
78.2573
47.5359
60.1716
3.39428
52.6132
51.8328
56.9132
75.2857
0.526072
63.7223
26.9542
3.37787
65.902
30.0907
11.4939
90.8572
84.5254
75.6965
81.1039
61.4728
66.2962
72.6122
35.3313
30.1787
0.797008
85.9543
57.7338
36.2526
60.2208
89.2956
43.5562
94.7465
79.3643
26.6914
75.7964
41.6261
24.9437
3.19246
7.13948
65.9354
56.5167
37.2181
75.438
79.158
38.6281
4.7539
21.4209
55.6601
47.1253
62.1961
7.28884
60.1234
25.0496
51.1845
14.2163
54.6192
94.8765
33.2785
86.29
68.316
58.9501
15.0328
61.1132
31.2342
8.26549
68.1141
85.4337
74.4919
44.2401
97.6349
65.3634
90.6779
0.908436
23.6887
29.7355
85.8985
4.29776
20.9305
44.6994
6.18865
25.6276
45.1541
66.4592
81.5102
9.8512
47.1371
70.9395
53.4655
44.3731
2.16321
51.3178
75.7216
70.4063
3.04364
77.6585
71.6911
74.7473
90.5407
21.125
70.4984
51.0834
71.8632
0.64985
90.8155
4.10167
12.1423
36.6422
92.9853
9.23272
62.9064
71.8001
9.73887
41.124
38.933
11.0154
71.4803
72.5232
80.4213
37.4196
97.2479
28.6337
15.4593
52.8059
3.91856
69.0379
23.299
98.0873
12.0436
96.9566
87.5229
0.0324458
50.1581
37.259
25.1251
62.0301
5.89025
8.25096
65.282
1.83511
51.1388
83.537
25.7926
86.7273
9.82073
55.2149
53.9568
9.70308
39.4185
92.4518
88.0609
45.5366
41.2107
2.66949
66.4828
39.3759
98.6281
44.8204
28.9209
35.1776
56.5044
5.13992
80.9849
54.7315
76.0655
9.97426
96.5558
90.1845
46.6344
28.1825
94.384
64.9547
32.3799
35.51
80.601
11.146
4.01322
72.442
68.7248
59.7152
97.7676
17.6003
33.2782
97.6595
