10
10
64.7576
76.5789
3.36425
87.1271
58.7145
28.5665
39.2428
61.9552
42.7754
10.8016
23.115
18.8306
54.7076
86.6733
28.0909
0.198791
46.3006
23.2078
13.6977
91.7254
41.2775
15.3495
11.671
8.31224
17.2297
82.9177
26.0643
5.56085
56.558
38.2033
97.2626
10.2077
41.6804
28.4046
74.0639
40.2375
47.555
79.1849
25.6931
36.8659
70.0907
63.11
24.1183
83.9359
38.2986
41.8792
74.7052
97.2718
53.9352
39.2804
60.4463
43.2295
77.2379
78.403
80.3397
7.03609
10.0002
43.8594
98.4371
12.9085
70.5573
2.97316
12.1663
88.8509
17.2934
17.4754
25.958
59.5246
32.7292
46.8662
73.109
16.4948
52.1374
54.4932
41.2718
54.0455
63.5561
14.5652
71.4106
65.2384
9.54819
10.9168
21.9157
51.512
96.8345
59.1735
64.4934
85.1312
52.4826
76.4646
4.22129
87.2947
85.1973
98.3991
28.2102
39.391
77.47
56.3592
91.9027
11.3596
