10
10
13.2202
71.4562
29.7074
17.9621
99.3171
77.4641
40.0547
50.084
9.2824
43.7908
52.6373
49.3529
74.8165
49.5164
12.4252
30.159
51.4467
6.28779
11.1282
24.3763
62.7609
13.5639
39.2877
1.1359
96.8918
34.997
25.62
32.505
33.6289
38.3162
83.4719
28.3644
28.9776
80.723
12.881
16.7518
41.1906
46.9758
44.2794
69.4108
36.7844
59.1507
74.1084
32.9883
40.7896
59.1366
32.1698
19.1688
27.88
65.5669
89.6523
17.0522
23.0554
37.9203
56.0425
9.10538
58.6083
73.2946
92.7654
70.4859
15.3741
19.5798
32.4196
70.3753
29.9331
39.8073
79.1109
3.01829
53.3848
28.019
3.04866
44.409
24.3792
48.3624
60.3694
91.5561
2.54508
49.1019
67.6873
44.6778
77.1636
30.2474
36.2963
40.9689
0.451566
33.4846
6.97068
33.664
84.3216
73.031
50.9547
17.0947
48.4986
47.5389
60.1805
76.1035
20.0798
3.46986
86.8694
34.9897
