10
10
1.68173
99.7662
86.3573
13.9317
25.866
27.0285
24.678
36.5583
72.1893
44.5691
18.5184
23.6674
52.9304
23.3487
70.2724
88.5006
13.9718
69.178
62.6091
22.1929
76.2683
31.8474
13.8507
36.8968
47.5887
37.6085
54.7227
70.2518
56.9082
99.2702
72.9076
91.378
45.8065
90.2
57.7134
40.8792
61.5748
84.147
9.79782
99.2918
31.0014
34.5285
37.852
96.2564
61.6504
34.3072
4.17181
26.8914
3.4883
83.7678
18.2652
2.9065
68.8278
67.8982
82.1172
75.4605
50.9791
31.9022
91.2154
3.44197
96.0766
42.028
71.9924
8.46522
60.6199
9.70692
29.4731
66.2643
85.2583
50.2709
2.60803
20.026
24.5796
92.3329
3.67847
6.29957
12.637
87.5113
13.1952
13.2408
15.4561
24.0582
21.667
70.5063
2.14329
0.0400613
43.312
35.5806
97.5149
16.079
33.5331
23.35
18.3784
23.9213
84.6781
31.3739
99.9793
68.4076
85.2984
93.5829
