10
10
42.7084
33.4885
39.5047
22.1967
97.5769
53.2197
61.5724
54.2153
92.7878
52.2688
38.4198
89.1797
27.105
79.919
33.7234
26.167
73.8403
21.0953
13.3799
90.2308
34.5674
90.9576
32.6917
5.50081
24.1874
76.8356
75.0131
24.1369
30.2921
35.9139
48.2693
90.0465
77.708
56.7641
88.5345
85.9114
67.0732
78.4026
69.6234
27.2819
17.6047
14.8728
63.9709
28.1883
23.7698
3.87495
30.6044
9.62978
99.2913
57.304
31.8392
44.8928
71.9721
23.1055
39.0602
40.8065
3.20134
47.9068
34.167
66.5182
92.1287
88.4836
90.6164
88.6033
33.4273
57.8835
90.1787
17.4629
10.4299
30.4832
77.1293
47.602
10.8371
20.317
12.2534
94.4914
19.2076
43.0571
57.1748
47.4828
46.4044
16.3034
37.2106
0.234853
86.6623
51.6436
23.5183
60.1602
28.6584
85.7258
77.2599
40.9663
67.081
35.0076
49.7307
95.0941
90.4136
4.12512
62.0736
54.0016
