100
100
59.7224
32.4688
38.6947
66.582
82.0861
54.8599
78.3477
43.9884
90.2589
59.1678
69.2839
3.88105
67.9538
9.5709
81.2027
44.2655
59.009
75.8873
63.0456
44.5226
43.4425
97.7823
11.4743
86.2835
80.0857
17.6382
93.1317
18.1767
56.37
43.7569
94.4457
93.3185
17.3104
74.8834
53.4544
14.6751
51.5454
53.1516
92.0194
54.6893
72.9124
92.613
12.2982
67.7605
59.629
46.943
58.4431
1.72832
98.289
85.3442
7.67702
7.09174
46.5061
16.5668
85.067
7.34704
34.8476
34.13
76.6827
88.2855
86.3692
3.25376
48.4112
72.0491
39.0559
94.2984
81.3819
11.8612
1.00799
86.8741
59.7738
80.3911
36.2955
70.7306
80.3793
13.8227
45.12
93.5155
45.0443
98.8296
39.6327
79.6303
64.8345
83.4528
21.7776
4.12493
21.9181
95.2202
13.6172
50.2057
0.0919644
98.2377
26.6885
45.6037
28.6045
31.3157
68.7582
60.0811
65.4168
2.86713
19.93
45.4965
13.1922
65.7539
86.9107
63.1524
34.1396
31.8166
55.967
98.0395
91.6965
10.2204
9.0828
71.1362
8.65972
70.4178
10.7958
92.6516
65.4643
23.8631
89.3323
65.9706
26.2645
15.8786
53.4168
76.6997
7.68631
72.4637
12.9246
82.3222
43.8664
14.2769
18.0854
34.3354
75.2819
80.3221
88.3529
82.4565
65.4714
38.5535
45.339
33.4111
85.4395
61.0606
29.7661
42.7728
47.009
98.0512
44.1223
36.4816
2.27219
9.30099
88.6429
27.9611
85.7499
98.6369
33.6305
92.2358
72.7856
85.3743
14.3357
56.0054
25.5852
83.166
82.0758
70.3259
39.062
44.6394
96.4769
52.4171
67.1046
27.5884
96.1233
77.8325
53.3458
21.3757
29.6035
95.8463
5.04348
35.2195
64.2294
97.6693
63.8232
60.9143
74.7004
5.50318
96.1186
31.958
49.9478
30.7577
13.3372
67.8134
12.5563
7.55571
46.7436
2.97878
40.7502
54.7147
77.6483
44.063
17.3264
4.78127
29.8106
35.4731
11.1046
10.7086
53.8235
74.7737
21.6521
51.4467
93.4911
93.2455
30.0676
68.4915
49.6252
22.554
61.572
70.5067
87.8558
6.56762
24.0707
68.391
53.222
70.8021
66.606
59.5194
40.4486
51.5914
84.0236
84.5355
9.37703
98.9886
42.293
39.9063
53.6124
50.1755
10.2762
95.4257
2.98263
29.4517
41.7302
9.56549
42.9672
57.3288
95.4257
53.3727
34.7982
68.3088
10.9328
11.5627
58.6792
9.8062
29.8895
69.715
27.552
99.0567
43.0284
65.0344
1.36874
64.3629
92.7601
63.9475
11.9561
41.7566
59.0706
29.6977
68.1316
73.2583
47.7875
6.63424
48.7691
43.0251
20.6178
91.6557
29.6081
64.212
16.0999
66.6352
9.84176
48.0117
14.1326
90.4371
15.6591
41.7713
31.8228
92.3088
60.0944
54.8318
70.7337
46.8377
72.9006
30.4492
0.940599
37.1369
18.4416
34.0692
40.2401
64.0723
10.9622
11.0743
17.9453
16.763
38.3085
20.4562
83.3504
24.7108
70.5942
13.1373
54.3306
15.5515
48.4445
32.2615
54.1529
3.91385
69.0375
53.9021
80.8087
48.4555
25.586
10.0378
27.3098
53.3358
56.6374
66.8889
89.8752
50.4857
15.3645
1.36146
40.543
11.2924
28.021
34.9761
40.1583
71.5283
85.536
44.1482
41.1543
1.26783
50.8069
73.3487
63.1164
87.0209
31.8447
44.0429
50.0967
66.0938
17.8621
76.2155
69.4481
55.0039
86.3045
65.1405
62.4191
16.6023
35.5098
76.2581
78.4415
63.5106
40.0395
51.8544
24.028
0.516339
97.929
54.2337
73.8981
54.7407
62.4492
60.7477
19.9925
26.8702
14.2335
19.6536
90.2996
57.8523
8.60943
55.9298
85.3419
88.403
37.0247
84.1782
4.80817
58.3668
31.186
44.7179
35.8873
71.0303
34.2803
27.9817
61.9484
71.4204
41.1246
64.2281
39.2832
59.3453
46.18
74.7045
79.7041
12.0251
70.863
69.2614
48.5354
5.41051
41.7808
67.2193
89.8504
50.0556
25.2414
0.329518
57.1195
89.6831
82.6885
70.612
1.48676
61.6904
50.1248
7.5396
58.3639
43.7769
51.4626
27.1476
95.723
16.9689
18.5801
54.4548
22.062
97.8134
72.9764
71.5878
47.6534
24.4907
67.5231
56.851
19.9241
77.2396
53.1124
13.1984
85.1395
18.0959
80.5958
87.1064
40.1241
12.2231
1.74664
28.7633
95.988
69.5684
92.2788
1.04283
61.4576
18.3538
70.3538
68.1166
91.9665
67.1376
26.0127
70.4367
32.7861
10.368
7.24096
25.2711
12.3458
48.1735
89.0014
18.1895
99.2784
78.1925
34.1119
95.2126
19.5742
84.7845
77.6572
45.3302
31.3902
77.0331
95.5597
23.9657
89.1663
76.5375
24.32
25.9394
76.6902
20.3633
36.5648
92.797
39.4387
52.9106
29.414
65.0734
75.808
34.1157
4.49684
45.6449
28.5657
81.465
38.0093
81.9565
55.9493
22.465
95.3704
22.8343
69.4839
47.0136
64.1737
0.694812
36.2257
95.0866
45.8302
3.276
7.86096
42.6777
15.8236
19.78
85.8019
99.9101
94.118
43.3076
31.9581
72.6892
55.6823
19.9105
22.8061
10.323
31.4828
69.4425
6.01224
2.85154
66.4568
61.8101
59.4172
48.3868
88.1626
65.1569
11.9026
39.9263
25.9989
55.4903
76.759
14.7865
63.2178
35.4361
50.1342
85.433
68.3917
50.1343
25.167
86.012
4.18508
0.0356841
39.351
36.1625
14.4408
92.325
38.8583
11.3972
85.9562
7.21628
93.5843
96.8502
70.2293
61.8491
11.8078
68.2057
90.5082
38.5698
76.4593
65.1566
30.5213
97.3341
66.3851
32.8383
36.892
31.366
74.103
41.9714
41.9591
73.8994
0.627051
73.1315
92.4756
43.7475
79.9147
11.0355
70.5304
48.7952
44.4102
84.7756
59.9155
6.98541
85.1636
86.4071
10.0556
63.3073
41.1981
62.181
96.7555
15.8306
80.3022
53.7841
45.6533
29.9955
0.358425
70.8126
32.6858
92.1337
34.2719
43.8883
29.827
99.7942
94.2099
98.6541
45.7653
72.3657
74.1249
81.6997
15.2288
3.58807
65.6968
28.8272
63.7285
28.8816
42.9519
87.0401
40.7856
59.9773
23.9979
10.849
28.7616
71.5689
12.7795
72.2403
81.7038
48.2361
98.1856
32.2999
17.1163
16.4931
94.6106
51.9233
43.0563
13.5096
22.2195
32.1213
9.50344
3.70143
99.1988
33.8705
47.9768
3.70887
95.336
18.5707
37.4136
6.01939
37.8773
22.8245
62.6964
95.5834
37.0003
31.2606
63.5206
31.7469
11.0315
4.9717
3.1459
32.7943
70.5482
14.7113
53.5859
29.331
52.8007
20.2056
7.60085
72.6934
78.7503
91.1754
38.2141
62.7299
96.2252
22.1594
23.0292
67.3588
0.427616
45.1458
96.2616
92.5833
25.3587
99.9919
42.8975
21.9746
23.9962
5.44057
19.9405
36.5607
48.3323
6.33949
23.0452
39.8723
55.914
94.5293
18.62
96.0332
58.774
49.5229
10.6029
99.8147
14.0412
62.3486
69.4308
23.675
77.4443
14.6348
40.787
92.8653
28.5901
66.6695
20.4618
46.9895
52.4144
29.4758
76.2635
47.3019
99.8692
24.6817
17.5722
29.3067
60.4184
14.6791
59.8965
87.2192
68.1614
90.5623
94.938
28.3855
63.2699
81.4453
81.4512
31.1082
33.6094
77.7238
60.8484
39.8025
44.6173
14.9007
13.1905
95.1522
90.7008
42.2553
98.1374
59.7783
60.3125
85.743
34.3977
1.23237
12.4665
6.05506
80.8753
17.6445
16.2082
40.2917
9.81987
71.5501
80.8173
76.5679
31.549
42.2104
7.95699
23.4762
0.992308
65.513
56.9922
27.6881
28.278
27.8872
44.5876
46.6378
61.1488
26.522
49.8966
22.9189
86.5358
40.6551
95.0495
8.02203
98.3467
48.305
54.6457
84.2962
46.7065
75.0974
72.7543
33.7056
31.9209
51.6075
87.6822
0.234715
59.6928
79.916
29.3341
93.9398
77.3432
74.4062
18.6645
27.7224
8.70203
96.8378
84.8625
27.8804
80.5082
39.549
60.7213
28.8001
19.1814
22.3076
62.4808
18.5637
24.7173
71.9177
77.5279
22.875
58.936
73.3127
76.1779
86.979
24.5818
79.7875
0.876651
7.53547
84.2522
20.4285
64.0592
8.67471
74.496
22.9633
28.8319
16.2308
7.85783
90.8643
3.46359
28.9757
33.9901
94.6579
14.4806
25.3272
21.275
17.38
89.0616
19.1479
30.2238
57.1522
78.4798
18.8827
6.46383
67.1926
33.0224
65.9283
70.0767
56.926
82.2928
58.561
22.1336
54.1331
30.907
37.6981
43.2476
3.15756
56.8902
3.08349
71.4985
9.26082
94.6318
90.8633
93.8347
56.0101
42.9054
69.2416
30.912
8.87708
19.9218
77.171
47.9272
3.21243
46.5162
6.98258
94.7484
68.0101
75.5114
17.2118
60.5265
88.8946
93.8812
11.4323
44.1189
31.0255
89.1225
60.4034
45.717
87.7619
29.6854
20.3667
71.218
21.735
36.0348
37.8544
87.8662
61.7515
21.1774
93.4902
39.6353
47.007
28.2253
9.24644
15.7947
14.1668
69.9614
62.4912
4.33619
80.1344
52.2021
98.2879
64.1237
11.9507
2.20749
10.1454
45.9505
80.4119
81.3109
93.2726
40.9637
11.9821
11.1216
12.6168
72.3393
5.2661
69.3711
88.8496
78.1059
80.8745
6.28497
4.01489
12.5394
90.3083
18.1649
6.57687
88.1433
9.69211
61.7352
81.4617
42.6448
96.9377
67.1393
20.3106
4.16067
57.8652
51.2851
20.6437
75.0518
25.8311
63.2198
23.4252
33.2517
22.6761
27.2545
45.2539
12.7578
6.82294
42.7064
70.6995
37.8711
10.0167
66.5559
42.9921
92.0538
36.4673
90.4952
74.5868
11.9686
18.5689
2.38408
29.345
29.3837
62.8625
69.3027
43.4143
89.5422
62.1851
61.3569
31.9518
42.3121
98.0599
6.05907
46.9344
72.2254
95.6507
1.39571
5.72726
0.414597
2.59805
24.8708
22.2373
8.08964
1.43515
81.696
65.6969
98.1676
9.73398
1.19687
61.6527
88.1872
49.1272
24.3903
60.0394
18.7656
40.6229
83.0988
98.4208
41.6002
99.7216
23.0778
29.1109
16.7473
47.2203
21.1077
30.2833
23.4579
15.6313
36.789
3.3186
28.0716
9.8932
71.2085
71.6836
9.22752
35.5468
43.8783
73.8706
4.31354
0.019067
13.0375
53.923
81.3437
1.93494
85.5713
13.7654
11.4337
76.2815
23.5803
80.9814
84.4439
50.5865
29.7567
85.6991
38.827
94.3919
67.6447
5.68794
66.3907
19.2549
73.945
9.77108
80.7904
85.8341
85.3861
11.167
35.2185
64.5725
65.8556
67.4954
64.1625
28.8501
49.6324
90.7899
58.7206
16.4708
16.1848
54.6646
70.029
62.1788
35.2365
4.01314
86.7598
54.4753
88.2464
34.8302
20.6304
90.955
60.4058
10.1311
5.41885
34.8084
95.4449
20.6201
14.8056
40.0317
73.2745
0.34976
3.61248
25.0502
36.546
59.9145
18.0147
75.4866
72.393
88.4419
51.1635
80.9462
27.3583
95.4562
27.7147
96.965
8.23178
83.4673
40.1547
92.726
21.7127
44.9284
20.0736
98.6102
76.3416
88.159
65.0863
64.9523
94.9585
41.1415
80.7336
11.0083
93.2308
73.8558
17.2889
16.8625
83.7761
2.7178
35.8389
73.7938
62.2725
81.7833
17.0525
73.2902
38.9222
67.206
72.5419
73.2942
96.589
87.7229
56.9507
84.7744
59.5295
63.4847
53.7363
60.4838
47.5832
86.9158
28.2389
4.00701
29.083
18.9076
22.7002
16.1414
42.4858
77.5591
61.0936
73.4932
92.2968
56
17.9565
59.6673
93.7905
0.0725027
63.5437
16.2973
96.8859
14.7269
16.8113
48.0155
66.385
53.5454
97.1
68.8856
69.9451
55.7552
61.1497
45.4109
72.3273
65.0607
66.2699
42.055
87.4932
90.669
15.5061
47.6512
78.4219
55.1222
79.4126
9.67084
42.1382
3.37774
94.254
26.5325
7.70969
77.5524
76.7118
34.8724
68.8944
5.62315
90.3649
50.5969
79.5386
83.5437
77.9639
34.2379
66.86
1.26379
87.7921
9.19816
97.0025
19.2585
68.8098
26.9242
55.7874
76.3377
86.9808
14.8833
7.84185
47.2848
71.3859
57.3724
10.3981
32.8544
85.7647
76.7748
10.309
86.4808
59.8004
68.1499
91.4482
93.9196
19.9724
90.5128
33.091
82.764
1.16923
90.2448
8.54351
60.6265
61.1114
29.9569
79.5629
41.3377
24.4715
29.7678
93.3619
94.893
89.3859
45.2509
7.54788
11.843
64.993
22.5966
44.5938
19.9367
20.0038
74.8937
84.5094
7.16094
45.9378
69.7556
50.7097
12.5551
33.1844
35.7219
3.73153
99.5676
93.0132
59.225
87.085
94.3602
11.2791
50.5892
20.4392
60.2986
9.63231
25.1365
44.0812
63.1306
15.2228
36.1771
14.0257
43.5797
41.7993
7.20175
31.4009
34.6439
19.754
89.9929
50.453
8.55928
53.9088
16.9144
95.0474
63.6368
51.866
77.3732
25.7337
29.8563
81.7379
31.9606
3.52118
43.5793
78.766
47.2765
69.0319
47.8859
17.6705
41.4535
83.2887
60.4633
16.8167
91.7641
33.6015
91.7293
94.4084
55.9962
11.7877
53.3643
12.6922
40.7543
21.1201
8.30909
49.7871
43.9665
98.5322
64.5023
27.5255
40.1335
13.5011
75.1261
83.9609
9.86205
92.3745
54.5321
75.4216
1.13862
98.4024
27.073
79.9415
1.09116
41.8279
38.4364
82.3169
58.6641
26.5157
83.177
37.0189
82.3767
25.9066
3.62172
53.4065
47.7334
69.0576
27.909
14.3865
41.7091
64.8539
86.8108
36.5476
89.2149
79.4729
76.3701
31.5869
67.0229
79.8695
56.7131
57.3597
15.4542
48.3364
59.3474
50.1138
9.84635
52.5162
60.8035
34.1432
80.2103
37.9079
38.5741
55.0029
89.9787
47.6522
33.833
95.7475
11.4168
14.0572
78.6761
40.4187
56.8285
75.7498
58.8678
85.5799
25.1764
78.1486
62.9314
74.2711
38.5567
98.9235
15.155
96.3442
47.6786
13.8699
22.5828
28.8823
80.4522
47.6859
20.4986
14.7405
35.2231
86.83
69.1273
42.3383
26.4942
76.6681
57.3028
12.3404
3.33464
23.1795
85.3528
23.3057
53.2538
86.9078
78.0412
7.31171
0.202955
96.4409
84.0972
95.0904
65.5298
48.5454
6.57627
95.7588
73.496
10.0874
12.8966
17.6671
55.8171
29.1908
77.094
36.5665
0.63258
63.3713
73.8587
15.8593
73.7676
89.492
52.6225
76.2872
55.2558
90.1449
75.4596
96.0116
92.3491
34.8278
86.6348
21.3252
59.6841
93.6738
85.1337
45.6301
21.7178
91.9654
79.3835
67.1866
85.1433
74.8092
96.8624
76.3823
5.6654
17.5943
10.1498
60.9496
41.7223
73.5837
58.0454
99.6455
8.39205
62.2989
3.51987
96.6392
92.2332
2.69781
62.805
81.8532
20.5068
97.4234
96.8326
31.1874
12.4608
47.5136
74.2575
15.2532
37.1733
84.2905
23.3293
96.9997
69.9158
78.177
13.8282
66.5512
62.6403
61.0744
79.5333
25.266
35.6923
55.5984
26.8149
76.5413
67.6875
96.5641
73.5112
90.68
30.466
1.40443
57.8778
74.2546
55.1698
37.6126
80.6398
82.4534
94.2171
15.1099
40.6819
83.6425
19.0507
33.0059
99.4244
32.6043
20.709
12.337
84.2691
87.9819
99.0164
17.2705
88.8565
47.9288
49.5634
21.2573
7.76407
43.5527
16.1343
6.56843
55.4575
84.8992
64.6069
33.4413
26.6496
27.0605
57.5321
68.5056
75.5753
7.67782
90.8276
71.2296
32.7732
18.3639
48.9499
51.6192
66.645
50.3825
18.1475
2.1569
64.2867
85.1856
53.7761
7.18218
67.0664
37.716
78.7215
26.7399
47.7071
20.9645
23.1536
70.752
41.6454
88.6825
42.0965
35.5119
55.6803
81.9385
11.3803
82.5132
82.1224
4.6041
45.0381
50.1612
10.2107
4.26342
4.15286
66.9547
20.8424
1.03867
13.9793
22.7311
8.59441
42.2889
67.4238
43.2369
66.0396
80.1368
86.3265
81.0977
83.5891
43.0481
18.3285
0.77065
54.5486
89.9733
42.0914
19.5628
84.5596
86.8111
38.5289
81.2856
86.6507
10.8967
11.8389
11.2503
82.0317
14.8632
98.8572
94.5446
7.6407
83.1831
38.0422
86.0164
16.8453
72.1675
77.9787
31.6514
29.9105
49.165
94.3709
98.8968
43.7715
15.1362
67.9434
78.6628
42.869
62.9559
54.7999
31.1885
93.8577
12.7293
91.1864
44.266
43.1563
28.1367
78.4045
85.4101
8.42493
60.5082
52.6957
86.0451
86.1257
94.7131
79.8748
28.634
48.6959
99.0918
13.7004
96.4893
83.0792
92.4057
67.1233
76.1117
52.1778
96.9566
88.8476
3.8871
42.7753
84.3458
24.6142
34.5602
26.3259
14.4912
42.8116
3.44706
29.481
35.1361
71.165
40.9421
94.5424
20.861
6.29842
94.6681
35.6856
80.4151
47.56
19.141
41.2144
75.7788
27.483
14.6437
99.4019
18.2526
93.0838
87.8632
78.5093
46.1939
41.714
61.6212
21.4792
47.274
7.44899
87.1448
52.7737
63.6426
92.7059
12.3474
21.9295
10.9541
30.1305
79.3626
76.8804
62.894
19.3368
41.1742
0.217226
75.197
68.303
76.0219
59.6251
90.5352
96.76
91.1468
83.1164
6.66649
95.7556
26.918
44.0151
65.9677
79.2749
92.583
75.1142
5.29317
26.7526
72.3213
91.6627
16.0541
9.67575
20.1481
19.8591
76.3289
89.0697
47.0497
44.423
85.7435
17.5016
60.9743
16.0533
78.9947
90.0482
27.7643
0.268107
61.6227
65.6359
69.9786
81.9907
9.34373
57.744
61.3181
24.4593
73.3095
40.9015
9.66202
39.7538
41.2116
80.4696
68.0182
19.9158
33.1342
23.442
69.0228
95.0688
75.1086
68.9389
74.1847
71.4614
63.5167
40.0845
10.4712
57.4228
72.7784
54.6582
91.0928
19.1962
54.3304
83.3687
36.4849
91.8186
28.1929
75.6412
90.7751
94.4482
76.7076
14.7898
41.5342
87.7678
57.0441
70.3436
86.3661
69.8572
13.3723
27.9986
73.6533
36.59
91.8976
61.6085
20.4763
78.6505
90.226
78.0604
67.0948
67.4693
98.1781
10.7725
42.7825
48.2147
9.17103
42.0315
0.284504
23.4541
89.4161
85.8265
37.3187
67.4614
1.38587
69.1915
12.9636
17.8632
16.9928
48.5322
29.2126
57.2425
66.1768
61.8198
58.4747
55.3336
25.7085
72.42
10.7044
40.822
20.8252
19.2639
27.1924
93.4907
69.5979
16.7012
85.5994
42.7867
67.9554
33.332
27.3922
4.01198
32.2784
42.2391
83.5752
47.7823
24.1476
93.4272
56.594
72.4805
7.25878
64.3584
34.0179
97.214
31.058
39.36
80.0789
0.632918
99.7407
95.961
77.0015
84.9531
19.0044
58.3904
86.7824
77.9569
42.6391
62.3669
1.05149
53.5787
47.0919
81.5353
33.2089
4.322
76.067
97.4245
71.5736
28.9279
76.6693
19.3202
13.7324
89.0555
48.5797
47.9109
87.7346
86.5152
21.2875
35.4719
10.0272
77.9449
79.462
10.4834
53.9354
29.2592
51.5332
55.3403
72.9701
32.4501
43.383
15.4627
19.5002
60.2092
55.6382
2.76518
24.633
99.2538
29.1797
48.5839
35.0979
33.7938
54.1738
74.7398
54.0587
59.8729
62.084
37.7335
52.7422
51.4678
53.2202
56.9135
25.2214
41.9133
86.5002
57.5909
50.2389
93.3469
67.942
41.857
32.4703
22.6054
73.8658
8.50412
34.6694
2.84028
24.5731
4.90535
1.78329
92.4171
55.5952
87.4939
79.9324
70.771
50.2515
11.8126
85.7981
19.1732
93.4361
60.3369
89.8497
17.8795
32.9169
42.4734
4.33798
25.421
48.25
61.5506
86.2736
81.4061
27.1424
16.6206
50.3388
53.544
54.4472
32.6478
9.95822
4.19491
82.6538
70.144
76.6697
9.27527
50.9642
23.264
38.7421
21.7748
48.4947
51.9796
51.0506
75.6207
54.0326
8.47291
68.4877
12.5941
91.9059
55.9503
75.9238
77.2629
34.9834
52.2036
95.6114
97.2556
70.5906
71.0742
21.9889
1.04601
27.5686
18.2758
3.51906
3.2765
26.0283
63.2473
49.047
21.4942
29.0937
52.3492
19.5907
76.455
27.3258
69.9462
44.5771
72.2852
4.35677
41.7373
96.6476
17.1339
61.7986
51.7516
20.6108
62.2615
89.9309
68.9507
7.8384
33.3401
27.6348
35.4164
18.2559
83.4651
28.9401
47.2015
52.6897
31.1185
85.1966
56.7256
64.9551
53.3772
34.7816
68.4056
37.5855
70.8475
72.4654
63.0611
9.1028
94.234
73.5862
38.8017
34.8399
36.5377
3.93921
6.4986
66.1202
7.96448
81.7991
82.3747
82.6233
88.3746
4.37316
2.15425
58.2338
27.9138
78.9103
7.33021
40.9832
9.15124
12.8103
81.6272
37.7862
51.587
69.2317
90.9331
3.41752
90.1964
67.2103
70.1773
83.8169
87.2677
45.9111
90.4072
77.0577
15.8115
7.8175
0.563858
42.5426
56.8862
12.4815
82.1998
85.9829
4.78613
94.6587
50.1566
24.7688
41.4327
4.92814
97.2935
13.8194
35.9972
4.18798
23.3324
90.123
62.1513
3.10896
48.2687
88.7617
38.2073
8.50522
44.0317
12.5421
23.3675
90.1489
3.83323
76.2288
41.745
49.0908
77.8731
53.5811
22.8994
47.8814
36.3211
69.9923
42.1758
70.7279
26.9525
83.4191
38.7938
84.4724
32.7314
4.47391
61.1477
48.315
26.8007
54.8362
41.1367
63.7373
42.8309
12.3607
96.5211
52.4875
63.1047
5.12467
52.185
7.48667
60.6643
32.7904
34.2157
39.7546
97.6966
62.0224
30.9952
13.6186
4.80525
23.2599
60.5295
66.6998
1.66158
92.4332
70.5605
98.2832
73.0525
15.2672
20.4268
87.7973
22.8867
49.1612
67.5024
38.0491
4.95064
18.2499
11.5445
21.3032
22.3422
57.658
56.9989
37.2515
58.6376
79.3556
15.2508
13.2175
47.2683
83.1535
72.8867
5.03082
69.9153
97.9881
34.865
0.507993
34.5086
39.7094
26.3695
3.97023
51.7188
65.4845
80.4531
74.2055
45.4841
52.1088
14.7838
10.2277
41.3158
21.5097
82.0305
86.5086
24.9517
94.9009
41.9547
17.4903
77.7576
82.1815
65.3615
3.3582
3.85055
11.0874
20.4779
53.1036
22.6641
5.59227
88.5171
83.8214
47.9199
36.7592
45.266
53.6085
42.2417
0.685969
38.9829
36.2442
27.9019
13.4938
15.1452
51.6386
53.8866
41.959
91.4423
62.4076
59.4373
84.3317
33.9712
89.3555
61.84
79.1528
75.1577
4.9479
90.1073
11.978
94.587
60.5504
68.8228
75.9521
47.6966
96.5551
7.59888
24.0086
45.6597
47.3296
42.8546
77.1342
27.2367
37.7548
58.2204
97.2116
84.8189
64.3629
20.3616
26.6251
24.9076
87.9157
10.7488
51.3857
8.63506
96.821
99.1479
47.2467
63.245
95.6379
50.1394
41.6416
41.7371
84.5658
71.4504
6.00683
17.5108
31.158
56.2873
89.8666
92.3398
43.5764
44.8862
24.0385
18.8231
19.832
60.0836
75.4607
1.88086
0.205477
89.4017
76.3745
52.4718
46.7345
90.403
31.7625
40.7
15.4117
97.3002
69.3198
1.65006
38.2091
39.3411
88.1069
29.588
94.1814
81.133
77.9902
58.1401
48.6029
35.884
47.827
22.3354
35.833
59.5133
44.6985
28.7717
33.7338
27.2763
64.2205
72.0541
30.5298
95.5522
88.0456
44.2421
85.2186
85.7448
79.2372
20.9731
7.17535
93.6765
64.9795
99.1634
13.2176
98.1579
8.56853
18.5854
49.6156
84.499
91.4201
84.1048
40.6996
9.41338
45.1966
63.5555
97.5627
47.6805
32.9787
89.1401
87.0918
28.4082
26.7199
72.7614
64.0101
62.845
82.0892
82.9423
55.0894
32.8245
33.0358
85.8052
24.9515
59.413
10.2274
33.6719
25.7889
24.5572
39.1407
3.16855
1.37591
66.077
27.812
71.655
45.562
24.0329
65.4255
70.1837
47.1882
60.5016
96.4111
72.1401
29.4671
43.4017
70.6476
1.94981
44.6788
17.224
12.2191
63.2628
17.4384
8.06123
12.8795
20.7037
42.9071
54.5145
30.7692
19.4429
74.561
0.855289
46.574
62.1956
30.8771
80.333
80.6044
22.8987
61.7792
94.1142
39.5334
36.2144
26.3102
89.0932
30.3036
54.4159
97.5844
39.2674
53.4055
21.9911
87.7933
75.624
9.06688
35.9274
84.5259
60.0353
98.2223
55.9316
44.7213
19.5609
69.5893
59.7361
92.066
42.8434
28.4202
35.1349
96.5627
44.7664
80.4687
88.9837
4.49907
68.4457
14.48
58.7945
52.9302
34.9406
56.8914
83.0752
68.4351
9.90316
83.4428
90.8825
25.1028
81.2605
2.48394
68.6638
51.5098
71.485
80.861
10.6733
96.0548
38.1853
11.0273
11.6941
76.783
57.7539
49.1013
77.6602
21.5398
89.346
23.8028
13.2106
47.1968
40.2072
82.633
54.8871
43.9732
31.2363
18.7759
19.4781
55.9571
31.3473
36.7507
44.626
87.9246
8.30755
25.2983
40.6189
72.4619
20.5814
88.3984
31.8308
76.6284
79.2131
50.6901
9.85549
71.9737
51.8301
53.401
20.2791
87.3005
78.0417
24.5614
72.2331
77.9623
51.2629
38.0044
30.0182
51.0855
4.838
6.69913
54.819
47.0168
58.1063
16.0137
10.6349
6.24822
80.9263
57.9652
34.8585
42.1469
70.3892
34.9501
13.3588
93.5556
2.16841
7.34408
90.2411
4.19574
67.9525
17.0009
96.8974
17.8089
39.8151
77.9103
52.4135
21.9924
51.4411
30.9462
64.8493
2.8079
84.265
42.0774
3.9463
97.3942
54.9914
24.0763
98.0556
41.4287
59.5459
46.5863
13.3842
0.179072
57.11
51.7256
4.89598
44.4033
70.6189
66.0053
58.7159
59.6989
23.6788
11.5677
52.4701
44.6479
43.1875
56.8933
52.95
74.5723
34.2323
5.99909
16.3653
69.9664
70.8691
30.6872
50.3133
59.2938
20.6728
86.3514
34.8652
25.5274
5.81057
31.9453
69.2213
76.3241
55.2694
12.2684
27.9231
62.6402
76.1006
96.2629
98.4285
48.2002
34.3287
49.2316
15.8592
12.8034
81.0491
61.7404
91.7995
75.4468
53.37
46.334
89.4258
88.0169
5.13751
82.9684
99.2089
58.6439
78.0353
32.4804
25.9143
82.6197
20.3977
31.1601
18.9307
88.6512
54.4129
13.2442
53.2945
3.36802
92.6171
20.272
86.0126
55.2418
23.8864
32.1934
7.46498
4.44917
40.8082
75.3602
98.1845
60.3507
51.6618
37.2033
12.3927
22.4302
55.6281
72.3195
67.8994
53.3522
55.025
86.3499
28.4814
11.4814
9.07154
22.3509
70.585
22.308
72.9448
30.257
86.298
13.3222
65.9791
48.2371
70.7385
24.8996
3.43656
76.4578
54.4176
10.1384
68.9705
52.9638
26.6432
90.3687
25.0943
96.644
21.6238
35.63
36.3942
17.0158
70.2048
3.81069
1.46444
30.1263
13.7
39.7535
47.6024
28.2311
79.8234
76.5031
22.4565
43.2682
41.9468
16.8825
80.6134
98.7582
34.2708
89.1514
24.999
5.11018
87.7011
93.1189
95.3803
20.7536
40.7075
53.1012
5.25447
99.9414
0.107128
53.728
64.6218
74.6024
12.3466
39.3905
70.6483
90.7202
90.9185
13.7901
84.0038
53.6777
37.3973
35.2036
28.7538
17.3583
91.2315
87.2803
23.2205
68.1618
62.2516
78.3236
21.4292
79.4811
92.2147
49.3157
92.2752
52.036
33.5267
35.2975
22.83
29.6326
50.0515
50.3356
44.6988
91.06
78.1738
77.661
96.0142
30.1591
0.81596
53.8225
87.8074
75.7749
91.6
47.453
13.6286
89.9669
94.8419
38.7527
64.2716
72.6645
99.8865
98.8026
81.1789
44.9736
93.0742
29.726
40.5769
45.0703
65.2566
93.2855
84.7207
42.3258
25.2711
54.5758
29.8015
82.7018
2.32934
5.32428
92.6041
15.674
78.9287
20.0719
24.3868
65.0545
97.0695
68.013
68.0056
59.7505
74.7446
58.6274
15.379
65.9772
96.6458
12.7055
21.2613
77.3442
32.8151
76.45
69.3548
86.917
62.6452
86.1366
92.7945
5.40829
70.3268
32.3713
21.384
27.4752
35.6612
78.5615
35.9032
33.0949
49.7539
62.3402
89.1904
73.358
38.61
3.01762
10.307
60.5741
46.0054
0.770917
30.3338
32.3076
81.7364
22.7237
76.6641
47.4738
63.7228
87.8923
14.5018
50.8717
28.5589
5.71754
84.2782
57.8127
40.7362
27.9865
62.8653
43.7055
31.4876
49.0922
37.7455
1.10491
35.4893
40.3466
46.2955
38.7077
61.6608
10.5543
19.7088
0.56256
78.0075
42.9354
81.645
80.4223
46.3857
9.21041
9.239
23.3929
67.2958
34.1928
8.19459
80.5499
25.244
31.9121
68.1652
67.2891
40.1897
53.8753
9.97357
77.2808
37.451
30.9324
20.3573
81.5843
23.9785
33.2053
88.0173
99.0501
67.9889
41.9442
98.8115
98.2729
78.0527
77.4603
18.8438
40.0708
24.2301
36.9783
29.9368
29.845
29.7697
15.6739
77.8487
35.0864
98.7804
72.3221
75.1749
53.8063
86.1977
21.743
23.5827
42.7661
7.87741
60.1158
77.999
77.8956
99.9763
2.3861
46.6558
29.55
88.8576
48.9825
30.2456
60.3309
47.7164
13.9163
68.3075
33.7094
90.3445
68.6048
2.93299
94.9322
86.5463
28.522
59.9857
5.46799
57.4818
44.7517
29.3376
90.0256
46.7307
57.8206
0.363102
36.6384
56.7389
91.6243
96.2857
66.7628
96.6814
48.8201
86.6059
71.7422
63.0272
99.9606
4.12662
19.5596
66.2804
37.9792
61.2584
12.7421
79.5486
31.3003
39.606
49.4538
76.9746
78.4744
64.4545
64.8886
94.2092
49.7812
12.5858
50.7941
26.5151
24.6573
1.7158
9.57902
85.8592
34.4958
26.7729
82.4498
33.9047
61.0297
93.9443
45.9192
99.2651
12.2323
92.4118
85.2134
9.58093
87.8259
95.3625
4.79325
39.908
1.36307
34.5283
55.4242
10.8167
88.141
50.186
89.8319
48.3453
17.7299
21.7061
7.40703
57.1193
80.9361
59.6205
51.9689
1.37311
18.0738
24.1563
87.1561
40.2162
78.4704
71.4173
27.5318
27.8509
71.4557
83.5987
10.5059
27.2697
36.9692
29.6779
15.5219
14.4891
22.9497
85.417
42.1185
99.8266
0.749145
34.8837
36.186
75.3462
25.9954
15.0746
67.456
66.0854
84.753
8.36709
84.48
45.8378
13.7437
21.0512
91.741
9.99406
72.5351
18.2409
13.336
64.7129
16.9412
21.7714
19.6783
89.816
90.1903
88.59
78.743
73.1919
73.1111
12.5769
15.5724
83.484
30.2319
56.9391
14.7807
68.1462
79.6989
26.607
59.2411
94.4366
18.8455
33.0269
30.0366
98.143
92.1257
93.8483
48.7986
56.8113
39.4376
43.5711
85.5126
12.2011
12.9561
57.124
89.7751
12.0047
79.7782
57.6039
42.0428
36.2268
99.0128
52.2163
70.6081
39.6326
90.4563
96.1935
23.9475
93.0611
48.5604
56.8182
61.4968
25.1458
71.2558
43.9437
37.0666
65.2839
15.1446
35.9369
69.0032
17.505
64.4843
36.7828
95.6672
29.4947
1.65518
25.265
95.429
45.2321
59.7642
80.1687
92.1038
25.6412
25.3858
33.713
16.8004
36.3923
14.492
96.5906
40.6597
63.6436
93.9026
48.5105
88.6776
25.4933
17.1694
69.9825
64.7842
38.6062
41.3466
29.1769
2.41708
81.7106
97.7369
38.9674
30.7251
33.3492
40.2847
30.6258
3.33452
78.4306
7.53533
39.4738
99.3939
20.8335
48.0236
53.3872
85.2138
78.2276
95.6214
27.0558
35.4101
12.1375
19.6181
69.9305
66.7915
49.6394
57.6216
81.2881
62.4488
61.5942
15.5747
20.0558
81.5579
12.1181
91.6859
48.5563
3.58464
10.9203
34.2546
23.7962
22.4008
30.9665
75.9767
19.1869
21.2171
3.60884
98.0398
71.4701
20.8277
72.1138
63.8623
94.0317
11.8901
28.2584
77.5523
17.0815
66.7593
69.8339
65.5827
61.2525
98.6031
89.8508
81.0907
80.7159
55.0164
44.2769
85.5142
40.9288
40.717
49.3501
55.8826
55.3993
98.7331
5.91694
51.8122
88.2194
86.9784
71.1125
11.0458
17.0735
40.3458
81.5092
14.4468
54.1087
49.6632
13.687
40.1807
84.1861
87.1262
67.0442
76.2911
75.3967
7.85681
68.8685
72.3883
74.2627
23.5534
91.8172
20.0337
9.65963
78.3784
29.1873
23.292
38.9166
81.9774
90.15
77.0638
57.3463
96.5289
39.4541
95.8291
84.6571
15.8645
99.5088
2.23281
13.4276
8.20247
94.2416
23.7291
59.8954
46.3726
71.7845
4.08586
24.9803
63.7895
32.98
4.05957
47.6205
46.9644
64.5351
88.8432
57.2252
47.271
78.9322
91.7618
29.3042
5.70229
63.6917
87.8417
48.1486
12.0533
29.7511
66.0732
29.1639
10.1486
96.9344
76.0555
53.326
59.9138
15.0841
83.9445
27.3206
54.7411
70.6657
14.7003
2.34172
67.9805
18.3724
34.8846
53.1648
30.5821
3.06
95.3782
65.7691
24.7335
61.9006
10.7466
95.0936
63.0735
12.0817
71.8973
98.93
8.80822
91.6629
71.9615
64.6628
57.5994
96.3424
21.0809
6.15278
72.0779
97.7765
24.825
36.2455
39.5926
82.8801
76.1718
56.2191
8.72454
59.346
41.1977
86.4751
20.2095
59.8817
35.3725
14.0632
9.74907
5.99172
38.3654
58.5426
94.7562
41.2635
16.7263
50.5029
33.4711
19.5595
15.5024
75.5697
8.76172
18.0856
51.7394
90.0802
30.6111
1.37873
48.8695
98.3962
8.6325
42.9068
0.663117
11.6336
58.6008
48.5184
31.6006
21.302
7.54079
32.0937
91.655
68.3636
18.3118
24.1344
86.9771
6.28519
77.8242
4.77721
40.8948
36.8734
69.4163
48.467
69.0457
7.7831
1.61246
78.8363
22.7978
5.13569
3.90773
2.44174
95.4373
99.3752
73.8656
28.5356
59.1073
7.04812
41.3418
86.4703
63.3569
26.6427
24.8881
30.198
67.002
90.8875
1.73684
89.2181
82.218
55.0179
55.0119
82.0469
53.4531
56.3931
52.3535
42.2158
35.0785
49.9201
49.9978
45.0462
50.0997
57.5265
49.5819
49.146
28.8017
34.0709
72.9125
74.0967
50.9718
43.7508
44.1103
89.7281
71.1293
63.4795
30.535
14.1293
9.26708
49.872
29.2206
36.7857
45.1904
4.95863
4.94251
10.1344
26.8826
73.3251
43.5714
82.9784
48.5438
12.3162
93.8415
20.3701
72.1294
74.6686
53.4313
44.5244
25.3975
15.6893
68.842
75.8374
34.3281
18.5277
47.6329
94.8298
31.1312
3.31389
13.8516
75.648
59.6577
21.7849
90.8195
50.1557
55.5506
35.5218
36.347
16.3349
78.0239
80.8035
1.55043
38.9883
5.91939
68.2099
93.8842
68.7726
42.864
79.726
7.74272
19.3695
13.0014
3.36512
26.0252
61.9756
29.2258
16.188
56.7149
43.1441
98.1426
22.0134
73.8385
99.6788
18.6769
81.3096
6.04253
29.1792
11.7627
35.957
78.3073
1.87591
51.9537
49.9772
3.55174
49.6874
27.295
8.14809
30.5674
99.4057
81.1239
55.7288
55.8526
95.6
34.5007
58.8313
88.4652
32.8029
61.1706
24.6131
98.7096
25.286
65.9093
81.2563
45.3862
30.6558
58.7608
38.6409
9.18818
64.8576
49.2675
46.9845
55.5103
93.3592
39.9114
31.1137
43.4775
69.0568
73.146
22.858
63.5179
47.2832
3.8878
26.0229
22.1014
2.37305
78.8104
86.1096
92.5169
9.02255
88.108
85.7
77.3222
17.8626
72.5866
81.5442
0.168919
61.3791
49.7419
30.3321
79.1586
82.1525
11.3268
50.2514
76.1354
81.1535
93.061
65.81
46.2428
42.7276
22.9551
52.4378
66.8452
63.7167
69.4191
74.6344
37.0925
40.7248
83.4014
72.1143
1.21959
6.28861
90.3931
55.1032
86.8388
17.2977
12.6203
46.1231
99.3525
67.9947
13.3585
92.394
30.549
4.7814
19.1971
47.9866
96.5462
99.8374
72.8939
35.1213
86.5314
25.525
90.7486
88.6034
94.2174
8.91412
74.9203
95.7884
99.2992
7.16827
17.7275
2.20598
16.6692
34.3405
87.7851
84.4427
43.4013
96.2526
15.1989
49.4604
4.036
70.4657
80.5072
56.1559
62.3987
93.2031
7.65458
25.6616
14.7368
62.1976
7.65455
48.2852
79.6268
8.26852
23.535
79.2201
21.6517
45.918
64.3643
14.0328
71.5152
56.05
79.9442
85.939
83.6054
4.99255
83.894
25.704
33.9287
4.09757
55.9244
90.1159
69.9621
37.5412
63.3104
90.7211
47.4908
54.3041
86.6193
18.8499
52.1851
45.3686
1.82987
83.1511
19.3486
0.299422
82.1632
6.9334
94.7711
89.2909
17.4984
3.61929
44.2092
37.6156
77.7868
68.2393
43.5193
90.4384
11.0047
81.6825
2.23951
51.9678
15.2734
48.8832
83.8224
13.4772
65.9677
48.1704
18.2758
13.3112
19.0228
14.0335
26.5054
72.8774
73.4124
89.95
66.0862
92.379
63.7575
6.71805
82.039
43.0022
27.8712
85.0134
55.3703
52.8595
86.1389
48.5268
86.6255
86.1041
64.9055
49.7143
44.2078
43.7003
95.865
29.8922
23.7069
30.8456
44.0305
37.6589
38.6093
2.92386
14.7002
72.6324
87.0622
76.7682
11.9149
23.4568
54.5329
24.9782
38.0287
21.4409
42
9.02602
26.8941
53.1948
3.12812
42.4343
43.999
89.8182
38.182
34.9017
91.6001
25.8258
16.061
52.4914
81.6328
78.37
52.6301
78.3949
73.3743
19.3982
64.178
94.4081
71.7418
24.5471
85.5102
17.6543
93.8276
98.8972
50.8519
6.90868
23.1783
53.5317
1.85106
55.1274
58.6965
68.3161
6.89513
31.0462
31.6098
10.1344
54.3512
59.1939
13.5202
40.9034
72.6345
59.948
81.0781
42.4559
3.96793
41.5288
36.0305
70.7239
26.4528
7.12141
25.4874
8.77128
82.0737
43.136
41.0401
43.9881
97.8347
5.11941
38.6174
17.8703
54.3748
35.5187
34.8079
75.8293
34.2213
96.4052
70.5737
46.0104
62.3257
99.2103
37.8979
7.96276
44.6086
61.7543
50.5547
79.4039
33.2968
10.2348
75.2876
51.6966
17.0553
99.4724
81.6324
71.6026
51.124
54.7618
42.1728
28.5582
45.2554
55.3375
76.333
67.9476
69.6066
79.5366
9.16392
34.2037
23.6716
83.9215
34.8494
59.4992
6.74737
50.5021
54.5972
53.9662
97.1273
25.007
64.7362
65.8254
66.7188
17.2738
92.0009
81.2618
83.2177
51.2778
86.2454
45.4782
37.6347
3.6056
6.9843
82.7765
12.6354
67.4342
30.6171
47.9766
95.3669
22.4442
21.1467
21.8015
56.9527
57.7213
24.61
8.02042
54.1998
66.2038
23.9474
17.9508
23.8374
91.4047
97.697
2.52158
81.6801
87.3626
44.5503
98.6363
51.1162
29.2075
76.9289
95.7583
81.8883
25.3198
10.967
94.4281
53.9982
52.2909
60.065
67.4914
3.30332
38.487
51.118
99.5941
84.2283
0.0721429
32.5867
15.0374
15.8655
19.4648
68.0918
63.0097
12.8819
36.6365
83.6223
92.6262
84.1617
35.0487
98.2356
41.755
77.3905
63.1406
6.9665
6.75036
5.8821
14.8162
39.9162
21.3781
81.5639
93.3407
39.4432
29.4686
38.5766
80.1821
32.2364
5.4491
15.6134
69.733
91.9068
68.7137
43.686
16.9432
98.0311
2.1834
50.4836
62.1488
72.2221
4.89711
74.9788
85.0257
13.9342
80.5969
98.086
30.3198
5.16899
43.084
22.9903
23.2455
86.1482
47.2682
48.4419
56.424
69.7742
57.9137
80.5132
20.2324
56.6961
75.7759
34.4778
3.92965
23.9634
37.2842
50.2556
37.9976
25.4108
10.091
51.6613
92.3744
88.9968
12.8801
38.841
28.4788
71.6215
24.2494
86.4247
59.6801
41.9168
90.5596
22.1613
29.1388
63.2007
52.0956
30.3386
20.4598
60.7162
16.1804
93.7872
30.523
79.5493
2.92813
20.3865
84.3097
17.5313
20.9754
55.2087
52.7824
9.47454
94.48
11.7244
63.3689
99.0892
6.74838
91.4052
90.714
74.0052
10.2783
7.80287
79.5943
4.54079
96.7213
72.433
52.9467
11.6598
44.059
93.6683
93.3368
48.3667
17.7934
90.8115
1.21172
78.8239
84.5831
89.2697
86.9136
57.8654
3.86865
35.8438
18.2508
78.9924
33.4229
53.1216
21.6428
99.2334
58.4609
72.4992
31.2839
22.1048
70.6927
44.467
38.9166
4.1395
16.1341
34.2259
59.0683
69.7762
88.0622
14.3652
59.8566
16.0191
16.3359
31.3173
14.7187
75.9024
82.4122
36.7954
38.298
68.8793
24.7284
14.0717
30.3339
56.43
76.2079
29.1055
0.381311
71.4543
75.1391
49.6015
1.74572
69.4809
20.1512
20.9071
2.18592
5.57402
77.3706
63.1297
34.5347
93.0467
61.0248
6.35202
70.8738
65.4143
33.5864
95.7555
50.5357
15.0297
70.9564
43.4305
75.0878
83.3522
42.048
3.89381
52.0538
10.8427
13.5211
55.7706
41.246
35.2225
78.4273
59.0921
18.6425
78.6633
47.4456
44.0217
64.9072
36.0655
17.6967
45.8055
23.407
38.7419
28.531
57.6871
70.2743
94.0533
92.3195
0.154162
97.8932
23.2326
71.3242
74.2018
83.8727
58.9202
75.7785
66.363
85.6208
99.7908
83.5788
6.39566
82.8552
37.2355
44.0969
94.8801
55.6051
44.0769
95.046
50.6257
24.3726
58.9107
53.9852
10.1647
78.93
46.0799
67.7603
52.29
31.0392
3.43467
57.5432
6.79799
32.2592
70.6893
96.0648
67.3914
89.3047
45.8113
77.1684
80.2802
73.1221
97.0078
67.2315
69.3118
32.2152
1.93708
7.6356
42.3389
68.8883
59.8285
72.5929
20.0554
33.6992
88.1099
46.8008
73.4699
82.1946
56.4177
18.9924
97.8649
42.0272
14.5792
60.815
86.3528
33.2206
63.6887
50.2337
70.1346
60.15
31.5974
85.3831
14.404
62.422
65.4838
2.29979
98.7483
59.1072
65.9236
39.6258
57.5028
0.421903
36.1992
40.0875
52.4115
79.3793
86.1064
38.4962
85.2749
25.0784
34.7858
73.5724
11.52
30.5049
25.9503
38.72
85.6223
46.6079
47.1212
99.4763
27.5948
59.7446
59.9898
19.9883
57.9055
81.4997
4.52951
94.4209
33.5351
21.3236
12.9699
16.4574
8.84419
43.5888
9.19565
85.5762
27.4621
19.661
33.8699
75.9772
12.7561
43.9322
89.2747
78.1873
13.901
52.2317
86.4761
53.8911
94.6749
18.0427
62.1197
27.8584
82.5198
86.7302
39.8845
7.75196
96.0251
43.3398
98.0131
61.9207
9.59624
39.14
79.3963
91.9174
76.9636
81.4887
85.057
10.7773
42.5524
93.9976
43.3673
69.7583
45.4518
92.4469
52.5406
29.1774
35.727
43.2057
88.4328
72.2649
52.8097
13.2254
39.0167
59.4452
92.1064
84.894
24.3504
97.5065
2.66592
85.5205
26.986
58.2354
81.2804
21.192
95.0554
50.5793
98.8085
39.4319
96.9438
30.6463
97.3469
56.1602
3.72852
21.0125
19.4341
40.9213
75.801
41.6208
60.2996
96.3371
64.3701
60.8752
87.3415
63.138
82.5047
30.9592
39.2931
54.2105
99.4519
53.2571
90.6708
12.5953
17.1765
44.7176
46.5989
77.5495
65.8047
99.4664
97.1115
34.1984
29.2513
61.2411
46.2419
51.1053
64.7571
10.1977
63.4306
8.12359
59.0338
26.6108
63.9475
25.2035
42.0773
61.2055
77.558
21.6805
5.30873
6.37885
42.7694
19.6948
30.8875
18.019
93.9281
1.19433
40.4906
46.1037
24.6792
9.61177
65.2883
27.6631
44.3432
50.141
33.8724
47.325
58.6655
50.2706
76.4338
51.1015
13.615
7.54225
17.392
44.8947
0.311196
14.3009
2.66537
55.873
24.6386
1.75349
98.5873
36.5957
50.2147
28.8949
4.32577
11.614
26.7912
31.1724
75.0466
58.7228
39.8367
13.6663
30.2525
7.13347
57.4562
18.6675
25.1514
49.2497
35.2947
86.6977
30.5967
3.51396
6.22358
49.8052
89.1313
95.3417
54.1396
82.2792
30.5293
24.8188
69.7553
94.7635
17.8034
49.6573
49.3266
66.9863
17.5079
75.8075
26.719
18.1601
11.7237
33.773
83.4429
58.3565
40.0493
63.0883
7.80338
75.6021
53.3286
31.7747
78.1507
38.9851
12.483
24.3331
27.5158
91.1643
87.0227
88.0634
93.4123
20.1074
71.6024
35.1795
64.1268
99.4987
42.8717
63.8473
2.53928
33.462
21.5015
68.899
50.6924
58.1122
83.3762
58.6344
48.6259
70.6956
53.0061
54.7289
93.9071
72.4816
82.8302
59.5451
6.18678
76.7439
50.4143
14.9649
38.3694
60.1243
16.3236
49.3447
7.19277
55.6991
96.3761
61.8078
99.5283
10.0693
19.6968
13.8237
53.3394
38.9077
13.7774
34.4466
46.2013
1.37455
64.6931
70.6614
38.869
94.0242
97.8319
30.444
8.0425
98.7241
86.6003
75.3617
62.0562
96.255
61.2313
13.7166
12.8055
37.7833
6.34232
96.4543
33.2526
59.2897
21.7791
65.2639
30.5601
42.3107
60.3776
77.0529
84.1984
40.2334
31.13
21.251
25.3899
53.0877
54.8326
19.1723
33.3081
67.1065
61.8617
34.6994
14.4248
28.8719
2.32806
46.4824
34.5736
38.8025
16.8699
97.7556
56.7146
6.67642
36.2757
69.7112
95.752
21.63
16.5074
85.7791
23.903
3.7582
28.9603
41.507
61.3015
50.5084
85.0334
51.6833
23.9884
65.1283
4.14322
9.70816
23.8657
95.1367
98.6862
28.4909
45.8912
60.5888
55.7438
81.5196
85.5171
95.9623
74.3002
17.1765
99.7411
14.5996
75.4079
84.2665
11.7914
68.1235
6.38222
70.4614
36.2262
79.1313
88.9974
91.4761
37.4172
71.8305
19.7272
14.3207
10.5362
40.0681
64.8151
77.9303
70.404
23.3752
99.9663
1.16755
65.6901
42.9394
23.9959
5.89859
64.9648
89.0404
23.6252
50.4687
83.9782
83.997
76.9086
71.0862
96.2318
36.2645
28.1312
43.1071
44.8605
30.4177
18.9818
58.1858
3.7246
64.2506
72.8007
11.5366
38.4765
10.1653
30.9213
23.5156
48.4158
42.6713
7.77067
66.6515
94.8914
81.0254
75.9931
20.9446
87.2349
86.1065
7.85647
75.1837
48.0033
35.4272
40.0593
54.6363
34.7241
14.8382
11.7047
55.4582
61.3518
91.7871
48.3996
29.2484
96.4365
7.54796
91.6382
47.3197
76.2845
9.47252
30.0592
60.2218
94.8285
10.537
53.2375
55.9423
64.0267
27.4589
74.4402
34.1533
0.496527
56.6518
25.3897
10.7106
58.1205
36.2614
92.3489
85.1953
12.8488
25.7163
41.5502
38.1526
29.895
83.0438
94.7977
0.051469
65.2342
74.1872
67.7745
63.0422
2.4681
78.5876
87.851
9.64913
31.8208
68.8198
36.3033
15.3172
76.9546
76.602
25.2902
34.7676
97.5432
72.8178
63.7291
0.81933
75.3486
69.3466
12.191
18.5137
39.9694
0.78988
29.7555
94.2878
85.4559
96.9084
34.8601
7.66683
73.1783
70.6476
90.17
9.32101
76.8707
90.8736
72.8183
92.2425
12.9923
60.8031
97.9402
35.9839
30.4244
50.5754
60.556
94.136
27.4897
72.7087
1.69699
75.8644
3.00567
42.9161
26.8604
1.61724
89.089
62.2527
64.2253
43.6136
89.401
21.0168
27.3462
23.1903
22.0604
98.805
70.2058
26.1056
79.4287
36.9528
43.7699
13.1582
95.7781
29.4092
92.0366
58.2181
1.43607
77.2336
36.6377
36.8423
29.3552
0.981175
46.3321
13.4343
79.8145
64.5533
65.7355
45.9153
38.1731
15.6379
10.9669
37.9496
91.5969
85.1688
10.9225
67.6606
24.4145
46.25
11.0367
29.2194
35.8268
4.39496
95.4679
75.5082
96.0176
93.1486
12.1025
80.947
29.4511
91.0856
10.734
23.2943
50.0884
44.1498
49.0389
95.2756
73.4292
20.35
12.3232
73.2556
11.4896
28.2051
21.7364
46.5267
2.99834
90.7974
82.0924
20.015
7.47364
73.4689
86.7574
44.0143
52.3936
0.504165
97.558
92.7469
45.2038
41.7126
78.6301
70.1367
72.0616
18.7427
77.3239
62.965
87.0111
74.5669
2.10658
26.6213
20.4529
19.8802
25.5043
27.4054
26.7722
50.8015
13.2822
76.6129
13.9362
15.683
79.7639
17.0923
97.8888
6.89364
11.4726
38.0142
71.7739
81.2551
7.04258
82.5392
15.0497
86.8746
35.6268
37.2627
88.2195
94.5235
51.0012
30.9582
16.5714
40.2426
9.43639
36.4607
96.187
86.7994
14.7403
38.1667
66.0393
80.4479
32.0728
70.5892
32.5668
40.3854
60.0437
34.6781
60.7154
30.6529
54.4027
74.3147
39.5558
68.3916
68.0049
36.0973
6.20481
61.1219
98.3411
49.22
98.7354
96.2898
93.0367
55.2222
20.1982
79.8219
6.02665
58.4
38.4222
43.291
33.1005
24.6096
34.7129
38.0082
99.1045
74.8375
39.1495
60.5018
87.142
90.5532
94.4494
41.4199
49.687
25.7443
87.3246
55.4607
82.4616
26.4758
81.3453
22.2363
47.1746
33.827
94.4997
58.6988
49.5083
26.3263
80.0107
97.9331
87.9654
93.8591
34.782
12.5285
21.143
94.6501
68.5447
17.6154
67.8907
82.553
7.71122
64.757
98.0825
53.244
15.0981
2.89654
38.2374
65.4088
77.5066
63.0529
20.8758
97.4897
61.6363
15.2412
37.8157
15.0748
33.7552
75.0093
93.024
16.5112
89.2481
27.3357
47.052
8.75402
24.0411
67.7796
19.4144
17.762
22.5015
82.7924
0.148756
6.5733
11.201
97.4738
46.215
29.9745
85.3129
29.7521
61.9468
1.8965
98.4482
68.503
9.50564
71.4846
57.2872
87.0558
27.0761
42.2906
48.8094
21.9695
91.9221
56.4694
59.0621
51.0681
95.1097
74.0075
65.8387
66.0339
67.3613
54.6772
57.0335
77.2349
25.0309
30.7286
74.5447
57.7709
82.7336
59.2097
62.1311
47.3035
54.8301
80.8806
41.0209
54.3686
76.8474
75.8231
18.6648
1.23036
10.9272
5.09137
44.7519
99.5755
66.8393
28.6412
90.6031
79.9291
21.398
40.1535
0.72687
47.3182
19.2277
71.4558
40.4516
28.5203
40.018
4.61945
81.425
1.96792
53.2302
31.2047
75.9758
75.3662
70.2434
17.08
8.5892
22.4619
19.8635
46.3787
14.0341
20.2705
56.526
71.7742
57.1582
32.5989
24.3795
0.845363
33.4874
96.8256
5.85386
50.8917
48.5203
80.877
45.2568
15.1317
26.6575
19.1468
23.1379
94.4333
79.5941
94.3281
14.2741
55.2913
12.2848
87.1587
39.6013
54.4194
72.8425
18.4782
35.54
42.855
93.3802
77.5859
66.5177
55.1545
4.34691
17.021
61.2883
41.032
21.6249
23.5681
88.9041
35.8451
85.8674
11.0281
45.0194
23.4204
33.789
16.5065
58.9839
84.8448
36.362
25.556
76.1813
11.8962
23.768
73.894
66.7703
5.90346
21.4478
32.4
4.39018
16.6707
79.668
0.0726458
33.0566
43.279
46.2157
95.2438
35.2521
95.9939
3.44424
76.1248
51.5906
1.21981
13.6915
54.3067
70.5361
26.0871
47.9854
96.0056
12.3073
15.1686
82.6224
71.8224
72.6972
97.6955
42.4418
20.9262
53.0729
45.6812
30.2913
54.078
39.3105
39.8602
62.9832
37.1772
8.85761
69.4415
17.4794
83.3486
38.7985
7.96043
16.351
53.5403
11.3993
24.2765
11.6973
4.00849
97.4254
89.0143
8.83033
56.785
40.9321
99.9089
24.4098
73.5826
37.0712
71.8771
14.4429
70.2645
43.6805
85.3681
18.729
11.5664
17.2694
27.3148
97.5219
93.7626
94.8253
3.0837
98.3009
1.50043
26.8681
37.3758
48.6586
62.6256
41.5911
74.899
41.0447
97.6596
2.28034
55.7186
64.8556
4.25426
74.8357
37.5969
2.82149
68.1964
10.3998
60.5542
96.656
71.2048
12.0108
31.9398
75.6961
47.1594
11.9148
56.4647
76.9356
12.0888
56.3737
81.4863
97.8669
31.6163
16.8973
95.9216
71.1415
42.7283
28.3726
16.883
58.403
38.0477
54.9921
34.3908
37.0424
15.5849
61.9898
8.52612
65.9936
2.71922
82.6241
44.0157
59.5507
53.9612
26.0712
91.9436
82.3642
53.6126
72.0787
5.88544
97.8342
26.9083
1.19143
1.51273
3.85985
41.1039
46.7427
9.44051
90.0487
86.4204
11.0246
1.32292
37.8651
56.9862
86.9064
92.9479
87.3363
97.9087
40.9055
52.8324
59.2404
69.5116
17.7798
35.7065
7.46019
6.57341
3.8867
50.4935
26.9754
43.9401
48.4637
33.374
66.0371
38.6105
9.95228
72.8055
97.6736
26.2732
14.4343
65.0012
3.57283
20.6879
16.9923
32.1489
90.0776
21.2715
66.8308
39.9872
10.8319
52.9647
5.54067
61.2746
82.322
11.5976
61.8095
75.6691
58.2719
36.5944
65.6445
27.7297
72.3007
97.6617
12.8282
53.6153
23.7059
25.2732
20.7827
64.1604
80.381
58.8479
76.1333
3.22281
98.6789
11.3675
14.099
34.4607
98.0204
16.4811
24.1446
52.3596
27.9054
72.4622
71.8701
98.5565
88.5912
14.7941
21.9059
74.6621
40.4363
73.6877
23.1979
23.1746
5.93604
8.9735
14.2235
50.1035
33.5338
16.7517
63.4579
72.5205
97.4855
57.3967
56.752
42.0317
3.49013
64.4166
37.3539
24.1363
96.2156
85.632
59.8842
75.6247
68.2456
53.0768
77.4831
23.5095
39.0797
85.3428
89.6752
98.8116
85.2795
26.1429
98.8653
57.3734
27.3435
58.1297
59.3821
22.3352
93.0879
9.47332
65.9126
9.17789
54.2438
78.601
2.00895
13.8567
57.1742
52.4494
24.8954
4.69494
72.533
52.7435
71.4656
45.2618
16.325
11.608
21.8387
9.85483
97.577
71.2647
85.4592
43.4439
9.87594
56.6878
92.349
66.275
10.9233
43.7433
96.7387
43.0652
33.5736
10.3749
40.5441
32.2578
50.3932
98.8016
54.686
16.6522
72.8335
41.035
1.21118
15.8186
26.9147
63.3176
28.6945
93.4184
87.8573
36.9808
19.8179
67.4444
9.45108
93.6356
82.7486
57.5071
3.55815
46.6466
14.1125
70.9732
72.0239
14.8286
32.1393
75.2522
58.0832
73.7033
72.9027
87.0972
18.8163
73.398
99.8074
36.0842
62.0538
94.778
54.7222
37.1604
32.303
38.8273
47.0667
8.7826
5.58635
12.9367
32.9799
89.0935
94.3411
11.6805
60.0023
60.1605
59.5244
26.3439
33.2584
48.5276
53.5288
85.5567
74.6658
27.1852
88.6304
45.6367
67.6011
67.4293
2.48847
14.5066
28.8991
71.113
97.9662
32.5395
24.4447
20.9913
62.5014
92.926
8.04292
1.24158
6.86943
20.0859
76.4837
21.8749
40.0787
46.7305
82.2907
84.3124
86.2413
61.2151
99.8431
3.39918
97.8343
93.3944
61.9276
66.0051
29.5414
40.9579
74.4099
23.3992
78.7451
54.147
67.1002
64.7643
8.73194
32.9646
36.8663
15.8777
87.163
45.7607
82.1626
6.04348
37.0076
34.7848
18.2733
61.9986
98.9535
14.3833
73.9346
40.9159
23.8286
8.23147
2.18033
94.8924
33.4535
87.7251
91.4569
51.9278
36.6412
4.66903
27.3029
61.2398
71.7698
17.224
43.5096
0.00484167
95.2437
74.3163
14.9858
60.3999
28.6033
46.3512
75.7524
2.36802
50.4338
3.29946
77.6198
89.7735
70.6531
9.31908
72.8038
95.4371
77.3985
93.2007
13.2166
82.0411
17.6399
52.3246
38.4898
92.0997
12.6459
91.5027
5.57318
11.3305
16.5271
42.5008
88.4126
10.5288
25.1977
99.8717
93.185
52.9349
35.6265
98.3466
2.01823
15.6489
26.0938
61.408
10.9971
9.7676
84.0415
9.67166
21.4914
0.594574
4.55764
80.066
19.761
74.9278
67.7232
36.04
73.9758
71.1778
65.7648
2.48009
86.9123
56.9295
60.7558
5.25819
17.1543
99.2147
53.1616
8.33496
8.88297
91.8005
34.7332
36.9674
97.5657
21.9142
29.4824
36.5081
97.673
92.5688
22.4818
24.5781
61.2958
74.6679
80.6533
71.3682
68.1178
83.5959
46.6813
91.9404
27.8272
29.9038
25.3419
59.4201
9.83057
82.9697
65.7346
14.3066
95.6599
43.756
94.3344
40.8043
90.8519
29.3167
84.2239
26.6072
35.4317
24.3506
50.8865
77.6758
44.0525
20.0734
28.0516
36.6497
15.3162
75.3992
34.22
15.6502
10.9697
80.4627
74.9447
7.89578
24.4999
81.6158
55.0934
95.9776
95.9235
79.7379
43.2447
61.0014
41.0122
27.7626
62.2935
71.4885
52.9377
24.5036
0.431955
99.7145
70.1084
77.1304
71.2447
75.4984
19.8179
53.6718
35.0845
4.86282
46.8879
56.1361
3.47913
17.5928
74.2735
29.5268
58.4024
15.5543
19.2329
64.8462
21.6533
69.3203
26.8879
2.98985
56.4623
70.072
92.5281
23.385
62.6489
48.6393
41.142
13.6841
99.5789
69.0908
0.243021
55.9366
61.9608
51.2717
99.3339
59.8398
29.7268
93.985
75.7834
50.0509
32.9138
79.683
98.6609
64.2875
18.5445
87.2942
79.1117
88.1172
95.8025
28.5008
8.27597
63.3176
35.5034
15.8678
90.4366
26.2427
84.2923
42.7517
94.7795
51.3529
54.3461
72.1318
21.1029
21.4259
68.0479
89.2571
12.6109
17.1333
23.7942
86.5775
30.169
90.5304
78.6371
28.2531
35.0836
13.9201
88.5547
12.1456
91.6238
67.1287
26.8215
37.5947
42.622
80.5582
90.6845
45.2746
21.9097
2.94051
66.7729
38.8512
78.0339
19.8024
8.90231
31.6494
22.8428
91.3157
34.6819
21.9716
33.3483
11.9212
73.3264
30.724
84.7954
72.6531
99.7047
5.31865
30.4731
56.8697
79.1889
87.9853
29.836
76.8999
26.4286
75.2118
93.7721
93.3839
8.59223
31.8001
22.1511
76.344
28.0913
79.6924
75.2498
31.9841
77.7785
11.6964
99.3096
26.8357
55.2029
8.56467
77.2387
33.7347
61.6958
59.6079
27.235
40.972
83.807
67.3845
17.7927
42.4377
54.0234
4.98965
22.084
63.463
29.0797
28.0833
13.6881
88.5183
52.0596
88.0549
78.6834
17.3489
76.7217
29.6719
8.33942
32.5412
35.3994
38.9398
16.4543
86.2388
76.88
4.92505
36.6285
95.3852
15.9973
15.0238
68.087
65.6544
28.5447
46.4583
29.4804
66.9898
25.0362
15.6461
17.0103
60.4219
61.3734
0.237603
86.5939
79.441
31.0762
30.598
48.4202
10.7949
34.9982
43.556
25.7702
15.3202
80.8076
53.7543
83.8968
32.7597
96.0082
34.7156
37.7283
2.80396
77.2337
33.3984
28.4825
75.7649
65.2591
48.3981
52.3538
60.3477
17.1537
39.5819
88.6581
5.78179
14.2007
10.4876
75.3138
88.4019
80.3326
71.6659
67.214
88.5564
57.6901
30.8819
12.7284
35.4494
38.4293
2.36661
85.7149
38.1085
5.72945
98.3324
46.8804
39.7916
98.232
73.5916
2.16849
76.5212
77.059
62.2385
52.1415
51.7157
12.1841
38.8375
2.99732
85.1729
38.1558
3.50677
81.3677
99.0547
45.7078
68.4377
36.1308
51.6015
6.43181
66.685
86.4547
45.2828
91.3191
56.0659
22.5361
4.23099
43.0787
47.1217
72.1098
13.1108
81.2515
3.44943
76.9886
22.1111
89.6322
96.9341
67.803
45.7345
78.3617
13.337
22.614
55.9766
61.1464
86.4036
77.6564
64.5897
7.57792
54.2602
13.9873
90.7697
35.5188
53.9011
25.2709
11.9496
87.401
77.714
18.6472
56.402
90.7185
24.7242
28.9045
42.2644
13.1652
0.0474492
58.6553
8.78176
58.2447
40.4507
98.0949
39.9957
14.9502
6.98598
68.9101
91.4173
36.1894
40.3521
87.2345
2.43153
42.1868
79.2536
84.8278
49.2356
58.9649
93.5618
62.1683
46.4912
2.0756
15.706
36.0983
12.2289
79.8552
37.3678
26.7209
31.5796
43.1988
73.8832
73.0541
81.8493
66.868
9.28049
54.1183
65.9102
39.2417
88.7227
30.2663
80.197
11.3111
17.9635
8.9887
38.0682
31.9638
47.6719
40.6051
63.099
16.8174
65.3468
56.572
6.961
35.8733
52.7309
45.2542
93.2544
65.3484
45.6375
6.11053
4.09139
19.3787
41.5321
67.1015
26.5278
8.15238
58.3295
42.8458
45.0087
10.814
97.1346
72.7266
95.1323
1.68984
86.5537
32.5551
37.1862
8.18707
17.1107
84.0661
44.1657
48.8857
59.8619
5.54003
35.4362
60.5309
27.9392
11.2268
83.4912
85.6167
31.8209
50.4316
62.9262
72.2409
96.333
22.7856
49.1399
98.9279
78.3801
80.6634
91.6788
71.3203
78.7106
24.9726
8.2069
40.0892
27.4053
33.6155
59.259
71.4469
68.3458
30.4337
60.9963
98.7485
54.2657
67.8152
38.1583
39.1707
54.7605
25.0724
32.99
58.0461
8.77466
0.625476
40.7984
92.9799
73.9016
25.031
44.57
28.5726
38.2115
23.9669
28.5516
64.7819
94.4239
11.7345
60.5076
44.1455
93.5126
88.2647
34.9163
29.7262
66.6496
30.0249
34.8494
39.2368
14.5706
9.90982
58.8256
33.873
67.9913
15.0512
23.0466
7.48385
98.8716
66.8244
67.5349
66.5536
78.0172
26.0693
54.2473
42.8064
96.0591
97.3904
45.8592
28.8489
6.29816
54.7023
19.5415
3.15341
55.24
46.5573
37.0717
56.0765
74.3092
0.936109
50.5885
35.5421
42.9158
53.9795
90.0997
76.8953
14.7267
9.54364
64.858
73.1947
30.4246
49.1693
45.6786
71.1841
18.9022
51.7656
30.3948
48.2637
19.8397
68.6498
41.1268
80.4882
80.5534
51.472
23.8552
68.9747
43.3925
1.01767
94.0058
78.5951
13.111
69.295
82.1191
36.832
29.3979
78.8484
94.3718
92.9436
83.6795
48.425
0.978849
95.9049
55.15
97.4459
45.4955
72.4708
99.028
92.4273
62.0563
97.6705
96.8032
4.56034
71.1353
35.7661
96.4754
39.0061
33.6399
47.0305
30.4029
41.6061
20.0923
62.5716
74.4396
65.0975
8.8397
1.95926
50.8422
82.7756
42.7768
80.1986
39.7336
80.3805
51.271
16.3159
8.07025
26.587
47.795
30.3793
59.7461
35.0151
2.10107
52.8159
81.2117
93.7919
48.1747
80.1453
12.4056
87.2544
49.0477
50.2547
20.9545
41.4729
58.8939
85.2994
26.4287
69.4582
70.9995
73.7907
58.5691
82.3782
36.1453
53.2502
12.0448
3.04221
98.3027
24.3784
90.6525
28.4793
87.3603
76.1785
17.5447
19.1735
60.4602
76.0785
3.20734
35.8165
26.3845
55.5027
63.3304
70.2511
71.4413
15.5823
81.758
56.3922
47.7492
88.9697
73.7998
38.3796
70.6215
18.2847
85.4166
76.4454
30.891
35.5833
61.1856
35.2581
55.8187
27.4006
57.4812
80.4491
76.2914
94.3751
5.69927
81.7864
16.4217
68.8671
65.3454
93.7199
93.517
42.304
98.962
42.2957
51.6354
24.7567
86.0013
64.74
30.4056
70.4527
20.2007
88.3729
89.7064
61.6425
19.6893
6.24301
99.3839
32.5281
21.5724
7.02849
9.53833
52.7915
19.7857
4.46734
57.1307
28.7075
93.6053
34.1243
24.0425
2.63257
22.5648
10.8369
54.5069
63.9515
35.4883
87.2012
84.8073
74.3951
85.809
52.6157
67.4566
48.8694
7.67957
98.7284
0.40798
9.54708
3.0515
24.5389
83.3517
88.6683
57.6662
43.601
54.2598
48.5328
98.6199
98.5129
98.2744
98.5489
73.5489
45.7207
19.6223
47.6571
94.9834
87.5178
58.8879
93.4735
0.689419
22.8199
37.1889
95.7943
88.1502
42.8192
58.7995
77.3063
7.56733
3.95548
30.5954
53.2977
68.8606
2.03636
65.5532
36.6182
66.8595
29.4446
43.9161
87.3114
67.8547
32.6665
74.4239
6.95096
48.5073
91.5443
98.0537
85.5433
26.5449
29.1583
57.9703
21.8356
41.7546
4.68504
88.4189
39.9443
38.4367
13.8742
1.79514
75.8435
17.1437
15.7287
57.8557
70.4842
58.1155
99.5762
8.65626
56.1988
23.2637
54.3378
64.0802
39.8748
63.584
6.08044
88.1755
99.1507
29.6547
93.8543
86.1461
88.6141
38.657
29.7515
25.3883
75.4643
17.244
1.70897
20.6997
97.1357
81.0772
21.4475
20.0164
67.5399
57.9596
8.13699
40.9528
91.9223
18.3798
26.5995
18.4715
11.9616
46.9029
18.5188
1.7345
13.676
70.6516
22.017
56.7413
7.61995
40.6923
78.8045
26.3452
16.4878
97.6069
85.7154
21.0771
81.9193
89.7707
90.3671
32.1537
91.3937
78.7839
87.1381
44.4581
58.0127
25.8314
7.01526
99.6693
75.2444
21.8169
68.1984
74.3581
2.44577
62.952
16.52
69.5756
87.3568
31.1966
21.0344
72.1993
67.4431
30.7766
27.7179
92.768
1.57613
26.5864
49.0881
12.6125
54.5057
3.6684
29.0465
66.7975
80.0116
31.1217
84.0823
30.4199
15.9822
20.9376
91.5374
77.4205
13.5902
1.25256
79.9009
70.5132
16.4469
78.8699
10.6517
27.8754
64.184
53.276
87.8954
13.9754
5.86699
53.2839
78.2128
42.152
54.0641
68.2692
39.4878
58.3192
57.6577
94.5406
89.9439
74.4377
55.2674
89.9441
2.01714
92.9885
54.5528
70.4298
76.0098
3.19262
35.1572
94.4525
40.7075
5.44078
2.60821
63.1703
76.5514
8.81407
35.2972
71.4749
19.5579
28.526
23.3726
7.71502
11.1799
70.2162
26.1628
86.1415
54.014
42.0535
68.4886
80.3806
99.6086
50.8398
6.71346
31.674
28.4405
10.3321
5.29909
39.9931
81.0069
31.3432
60.4452
73.4648
97.1338
44.7664
59.1537
64.7364
4.93602
60.0654
82.8112
94.17
10.5089
45.2901
71.716
29.941
1.84291
46.5804
4.42523
37.023
69.5862
74.3464
75.0335
52.311
11.5803
79.6053
8.22667
81.3473
41.4441
38.2066
59.6866
15.5011
49.2705
29.0388
78.651
15.2969
20.3196
32.4389
26.3072
24.9896
70.6594
98.6155
64.3369
88.9733
31.2369
69.4324
69.3852
39.0588
19.2444
2.74902
58.5534
83.548
36.2543
25.7263
9.50642
62.9298
2.60993
79.1441
2.54605
93.2841
52.8012
5.35214
8.6751
51.744
22.5996
90.4639
42.2588
37.3642
39.1549
34.7845
77.9468
35.4963
79.9108
75.6047
79.4368
7.08522
79.8523
56.1368
65.3997
98.6515
59.0395
42.183
77.1335
90.4692
4.77159
78.8729
47.2424
23.9059
64.4222
79.5307
43.9351
4.20473
4.48157
58.2632
56.8452
59.8409
36.7853
5.87241
48.9838
94.0487
62.7313
68.3026
39.2718
57.2069
15.9652
81.6576
40.8242
54.8505
7.84328
56.6183
75.3991
71.2336
80.8468
51.6627
29.1351
75.882
17.5526
29.6161
64.6336
85.7172
5.25313
55.9681
7.11988
9.88642
41.2861
28.3858
64.7019
8.6974
40.4851
8.22169
97.971
22.9081
97.746
54.2289
86.1871
81.1643
36.8292
54.2329
42.6887
80.8603
85.1478
32.4901
7.57675
98.8404
82.9776
80.7706
57.4184
29.5523
44.731
19.1834
26.7136
80.8818
18.7007
34.2985
98.5032
97.6494
7.21276
78.5401
19.1631
43.4384
48.9487
73.3749
72.0105
17.0815
74.6029
55.8211
83.6671
6.60214
12.196
8.61983
61.7573
66.8737
83.0573
36.7412
91.2215
25.5481
44.327
20.6775
28.6308
81.2435
6.3039
86.1772
57.0773
66.9042
37.2159
6.20174
11.656
11.1579
59.3117
82.5011
78.8866
90.81
93.37
46.7387
96.6561
51.9682
98.0216
80.4389
71.0204
87.0524
10.6731
23.6781
79.6644
71.7494
71.3795
13.7022
46.7596
77.8669
48.1425
60.2971
86.0511
67.9446
0.414078
95.2796
21.2855
35.2941
76.9588
62.3152
37.4052
68.3178
91.0283
83.4891
49.0669
80.8904
35.7074
31.4624
6.69074
49.037
30.8763
49.9486
99.3602
31.4212
66.2455
37.3533
10.7534
10.2286
9.03581
81.0398
57.7995
38.8681
57.6877
38.7526
59.9662
69.3084
21.6565
9.55794
66.4235
5.24375
3.16882
62.8586
89.6894
66.7612
44.1806
90.3224
72.3399
81.5804
58.5106
72.3527
84.1631
67.418
63.3563
64.3876
21.3537
82.3231
65.7747
99.7066
36.5918
13.432
3.88105
88.206
90.5276
47.312
26.8465
53.9676
89.2337
49.2743
41.4569
58.5284
79.5049
15.1752
15.4229
58.4182
47.0795
38.5607
55.2104
7.87511
64.7721
89.0653
68.7142
14.6859
55.5508
57.1488
11.5236
74.2965
61.2464
56.6522
66.4692
31.773
47.2991
49.0191
7.90103
84.5379
63.5733
15.8991
41.1327
34.5846
97.3357
99.6381
96.5361
85.8912
98.8722
46.6614
92.1418
23.6601
24.346
8.33594
75.2172
65.9786
68.6032
31.4311
41.328
98.8934
60.5437
69.9653
5.40785
78.5025
59.0786
88.256
64.6224
91.7383
61.5377
70.6286
7.96698
97.3549
85.5461
46.343
51.9295
42.5733
80.6584
84.1835
84.1796
39.5189
36.9713
48.9213
12.315
11.8883
73.3531
80.5876
55.2749
73.4729
85.0062
90.6694
61.7417
34.4976
91.5801
6.06578
43.65
23.1321
0.380789
98.4035
91.4186
23.2225
63.0499
87.2627
57.4075
66.2931
76.4801
33.7694
9.72857
80.7949
40.2726
34.7066
17.8087
83.5675
24.0454
68.8395
30.407
35.5407
98.6965
8.88637
34.3272
93.8796
94.1888
89.9416
86.404
50.4755
98.3664
78.6677
6.59506
8.08889
89.1905
59.5423
80.8145
26.2107
26.4518
39.3776
45.9492
40.0761
72.6554
77.9702
97.5807
27.8018
46.0191
7.709
70.5624
35.6237
37.9515
79.8575
72.5795
22.4437
42.1179
88.5074
72.8477
32.9245
12.3528
27.1598
3.79794
75.0943
2.26829
89.3228
12.2374
38.7446
19.7553
77.3206
71.9032
76.3624
60.0688
31.1416
61.6318
30.0232
54.9237
80.6295
22.356
62.2493
40.3869
47.3681
60.7766
72.1837
66.5262
72.265
82.8448
35.0117
89.2568
86.2029
27.5279
79.4069
8.53464
58.7598
21.6599
14.9417
8.60183
6.20151
29.6677
28.7266
52.5014
49.9403
67.2777
46.0314
22.4664
81.9255
0.0667009
72.969
56.2388
17.1536
7.18956
70.8584
99.5326
26.067
80.2878
71.6295
74.6392
3.51025
66.6796
29.3674
75.3832
60.5968
42.5626
62.4324
6.0213
44.3841
13.2704
92.9276
62.9594
81.7204
77.132
27.5798
93.2198
4.49862
98.755
11.9697
17.4632
70.992
25.6063
52.1878
12.2695
21.7013
89.9284
49.1526
14.7065
3.99567
8.70416
25.8615
30.1481
33.8983
43.6017
18.5993
21.7384
62.8926
62.0768
40.894
84.1371
98.2644
5.58307
38.3635
44.2759
58.5396
63.1071
9.58337
85.8471
24.7418
60.8025
41.4028
29.5802
1.12287
92.4035
7.23829
41.1686
52.9667
54.8398
87.2328
49.6158
69.4187
91.6563
47.4442
62.4147
2.603
98.0326
93.9199
96.6405
67.3469
29.3091
63.002
46.3909
28.9884
63.5732
0.11756
88.5848
34.3825
66.3695
14.9542
20.028
87.221
4.89673
6.50283
66.127
12.1034
38.0599
75.2808
4.54959
51.7277
80.8876
85.3631
76.5624
35.1056
75.2492
94.1866
48.3162
76.8009
2.97026
94.9544
81.9328
38.026
0.851652
64.2459
97.0366
28.8687
45.9977
55.2496
51.938
68.1219
27.0826
2.47717
40.7478
31.8975
3.57711
25.6685
55.5836
90.2771
47.5381
99.269
44.8204
44.0624
69.389
78.1652
97.0902
74.903
45.4616
65.1959
0.420746
70.6619
7.13444
42.9988
36.0725
47.183
63.2376
5.27732
41.8027
38.5547
0.675642
2.02524
33.0981
5.72962
61.9179
11.7223
38.7113
68.1926
91.2363
82.3145
99.9205
46.1499
17.2304
81.3057
97.339
8.26328
74.2872
3.23094
73.1503
18.5899
21.0524
67.9462
90.6432
71.0099
79.4212
72.494
35.1476
48.0888
21.4104
62.7245
1.56546
86.3694
89.7536
16.8895
0.10101
83.456
5.36164
72.9131
79.7051
51.4614
20.6892
7.05927
80.7617
41.2051
76.7714
5.45398
35.0106
81.1536
27.0022
65.1801
4.27459
50.4573
2.26134
36.7436
18.8205
28.5086
92.63
44.7204
35.5723
52.4119
88.3919
28.2405
84.2942
99.6138
53.8742
1.26423
69.8509
92.2465
69.1489
64.0717
56.3836
79.1606
28.3804
86.1991
94.343
87.8348
9.63661
21.7998
72.5683
62.5404
65.5152
83.8674
55.5535
45.1631
80.6054
9.78958
32.8475
22.2328
83.1848
84.173
67.5355
33.5753
41.6576
22.8478
96.6448
32.0816
29.4732
89.609
48.1162
58.7874
18.6594
90.2041
94.4079
19.5466
76.2824
90.4677
19.1508
59.419
74.4872
71.1591
69.6597
78.6275
58.0487
15.913
0.0354649
50.4427
68.911
43.5939
29.3806
63.3568
63.5689
37.6588
97.2626
49.5178
82.1845
34.8422
60.4423
81.0673
48.8865
18.9845
39.996
54.4596
39.2625
54.0041
87.1217
28.2301
42.1071
40.2219
94.8874
91.9804
85.3486
65.1754
78.7365
66.3515
61.2651
14.1097
66.9054
12.3622
32.7616
48.3312
21.2147
41.0326
65.9903
12.5948
13.7416
17.5755
43.3887
10.946
51.9441
5.44625
66.3943
10.1257
59.914
28.5887
1.4654
2.93972
86.9032
91.1017
68.5129
1.15249
91.6436
90.992
60.3916
92.404
90.5542
41.4651
37.1218
47.5681
51.1253
85.9983
3.28447
6.39065
50.9982
92.3156
38.5763
68.6452
21.1137
65.2901
99.1241
34.7288
42.1686
23.6567
42.5741
1.83875
42.9042
77.8304
32.8763
96.7866
35.6394
15.1243
48.5529
94.7851
78.812
16.3071
67.7027
66.2219
26.7957
45.2698
2.99162
17.3353
81.8722
68.0816
58.8156
3.32355
39.1764
40.2629
71.7998
99.1556
18.1322
34.4554
39.8968
98.0101
92.1681
63.4163
35.0235
17.2025
7.86652
95.0499
50.5732
23.0973
32.3674
10.5526
17.7419
35.267
99.2006
42.2139
2.58997
59.5628
80.6912
19.2765
90.7199
12.4608
22.6939
72.7415
31.8827
64.7383
47.4074
33.2954
33.1154
25.8602
3.35806
91.1596
77.8314
16.0094
73.9093
91.2658
78.9777
15.1991
67.7503
17.7222
78.7713
36.5752
42.2323
34.3631
65.2217
25.1211
84.378
92.0067
28.5023
86.2088
91.231
22.3324
26.5345
55.7343
31.4186
44.4928
20.7536
70.3861
2.18249
67.8265
13.3429
98.7355
41.9319
78.2608
98.6403
39.4062
43.3321
26.0083
10.2187
75.3936
63.8513
78.7855
66.1683
69.6096
0.0199977
72.3865
5.31482
66.4828
19.3607
60.2352
5.98437
8.40409
75.8675
25.4244
92.8055
29.7413
32.6393
69.3869
31.7268
28.4182
24.5998
55.7616
82.5188
8.9688
41.6823
58.4042
8.15956
50.5559
31.8158
68.8605
97.4862
19.0477
4.2582
78.5521
96.8132
17.3887
35.4588
62.3896
24.0758
18.5976
26.2041
88.1229
88.3409
53.4852
50.3157
12.351
9.68741
84.5271
6.49629
82.6338
95.7358
65.7821
20.5984
54.8714
7.02393
12.5875
92.4668
99.8211
52.1536
14.4298
39.5693
37.155
32.8581
40.2575
25.0441
78.3139
81.7613
40.0621
89.7119
34.6911
18.9212
53.0593
54.0496
94.3773
71.6775
50.9216
19.1775
59.2328
86.6569
39.8793
83.1026
97.3207
40.1042
19.972
77.7858
46.1913
49.6859
84.8881
80.3717
38.1425
18.8438
15.642
33.7043
84.1482
93.0884
34.1227
60.3633
13.3971
70.2074
72.2365
60.9478
53.6828
13.2601
58.0273
60.7716
31.5804
72.3448
53.4562
50.6555
92.2495
40.1609
59.103
45.1004
77.6587
59.6586
49.1021
67.7767
30.1147
27.4933
25.888
63.5668
51.1091
40.8789
75.4582
6.22225
27.1866
19.3253
58.5588
67.7501
23.4811
79.8925
87.0035
4.45536
5.2169
78.5607
96.65
59.9706
91.1367
68.5833
32.8082
93.3354
93.3674
53.0398
88.4507
33.323
29.6047
6.80016
10.8833
33.7564
86.0045
83.1805
95.6194
86.779
65.0756
47.8654
89.4714
28.9616
8.61719
93.9929
62.0478
34.0202
78.8159
72.3327
9.04908
46.9942
76.8652
65.1678
76.2099
82.5042
47.757
26.7718
87.1786
44.1124
68.8221
32.5954
24.1907
12.293
44.1895
23.3455
20.3248
24.9517
58.0985
22.2533
27.1034
4.97906
70.337
39.4499
94.0505
85.6989
24.8009
20.1544
4.1462
7.71283
98.9921
74.8519
38.3564
16.8657
86.9201
15.6314
20.5079
66.0716
27.4149
71.5344
43.3458
4.20573
28.3388
17.9098
48.4699
59.6278
80.2527
52.6961
4.49324
2.67767
11.4438
66.3889
94.7128
72.6868
5.8586
58.7355
98.8549
67.3893
64.0439
33.1158
20.5001
38.9175
54.8625
47.2077
83.4221
29.9236
2.57891
46.279
68.4715
28.3943
42.5476
24.0209
8.67861
45.2838
66.8804
70.3004
37.418
42.9036
50.6208
82.557
13.1973
69.6046
65.5891
2.55629
60.7303
46.3813
62.2158
14.7157
18.3594
87.6587
61.7819
55.508
15.207
31.3856
17.2925
10.024
96.9463
99.5899
27.4241
5.96262
59.1165
18.7697
21.6834
97.9595
73.3848
71.4749
81.9727
51.572
48.1118
80.7088
44.5284
96.143
48.6367
32.7938
34.678
36.273
52.8603
86.1224
3.35787
2.52765
76.6789
18.6535
30.5993
28.61
45.5698
50.1858
3.25373
53.4022
53.3717
76.656
93.099
10.345
94.8644
4.68394
17.7954
58.6183
4.64202
60.2879
86.3335
57.8064
16.9293
76.3045
81.859
35.374
26.7046
14.1892
70.7722
59.2219
64.3463
39.8942
52.8833
67.2457
63.8946
33.1359
26.0387
57.1166
39.1288
82.7202
92.023
74.8676
94.1641
54.5311
84.1205
49.7098
88.7085
61.7108
51.9043
92.284
19.0992
69.4924
52.7394
64.5877
80.4309
37.9269
40.9772
11.9267
28.2467
58.0249
56.9427
24.6441
68.8024
27.2703
88.953
34.9776
19.2947
4.03949
55.4516
59.4649
66.6014
95.9471
24.218
19.2149
31.1012
32.4362
0.610981
81.9092
8.71762
25.0252
34.0633
67.7182
47.9244
98.2224
48.9615
71.9313
49.3832
66.5826
25.5647
91.7395
45.3019
67.0418
55.1804
69.6178
86.9054
49.6019
9.80826
47.2129
34.0153
10.5923
70.0295
41.8011
95.8364
80.7915
89.1074
76.5464
86.5053
69.4607
0.395225
83.0691
59.2556
23.1053
5.16493
20.4346
57.313
82.4236
12.2021
40.4132
98.3421
40.3765
90.6355
57.0299
71.1855
56.5497
60.9896
64.3814
11.6744
52.0916
69.483
76.7986
95.9454
74.4556
78.6399
5.99068
62.5364
47.5912
94.668
93.2288
71.8032
1.73993
66.747
51.8458
13.4078
97.8192
12.3554
30.2478
26.2195
92.1646
69.7311
90.9293
16.2229
40.2822
9.61186
74.0286
72.1582
55.9882
84.2852
80.6858
13.7552
22.7865
84.4529
63.7738
11.745
83.4114
73.7545
55.839
6.15887
7.1856
6.35456
95.5037
68.8751
98.2685
93.2806
69.6018
35.9982
31.9599
99.4146
76.0853
82.0628
41.4938
52.2848
59.09
53.0634
99.3878
77.3694
62.7258
68.9568
27.708
89.4696
5.40196
57.3154
16.174
87.5647
9.9193
87.1557
99.3041
18.7564
25.4521
46.9461
45.4046
77.9787
47.7576
54.5087
31.7513
21.1385
52.7321
70.6635
99.6352
40.4839
99.9183
21.2385
5.60158
5.8857
86.3245
76.3706
88.6395
68.1752
22.674
3.04713
81.1213
14.2895
7.16128
80.6084
92.4252
22.8623
68.9109
79.4281
76.1992
20.4952
62.1325
40.954
98.8647
98.2433
81.1292
32.8795
38.7261
86.3065
90.8082
69.4442
99.956
4.4293
93.1595
55.1782
99.6329
85.5154
1.61042
57.7368
69.4794
70.9705
14.2839
4.5688
34.5991
3.6695
22.3621
57.8986
44.0191
63.1702
63.3371
92.6402
63.1018
30.4426
88.5836
71.5973
8.02683
8.88011
35.6568
85.3399
81.0943
0.223997
13.8202
93.1968
26.8082
22.2837
42.65
5.76015
25.835
58.7124
59.711
22.6907
86.9145
82.8847
88.4242
85.5923
0.115045
43.9197
45.1341
7.21182
65.9746
40.6715
1.08031
74.4381
60.7195
42.4615
84.1084
42.4959
67.5758
47.2065
57.416
47.5105
54.6672
20.9733
70.4184
59.2319
26.3647
95.3563
26.6925
98.8138
65.284
6.15027
91.6396
18.7806
54.1626
56.1518
31.2208
92.3541
66.3203
33.0366
96.434
19.7169
94.0431
61.3428
50.8305
33.4405
65.5526
9.1947
82.4259
35.4586
38.2304
38.5518
78.6362
82.1084
62.3957
35.6757
67.3944
70.4679
44.3368
23.5125
3.33154
69.1034
68.0331
21.7751
36.8144
96.0606
52.9792
52.6235
59.2154
60.1931
18.9981
38.9601
19.3601
61.3898
18.3019
74.7089
56.5098
36.9003
96.989
92.0453
7.03646
2.25418
23.8636
22.9766
92.0054
23.4796
84.3037
66.1879
60.0085
50.0233
78.5842
13.2225
42.1985
25.8112
58.0781
71.5214
74.0449
11.9818
73.4572
54.9796
58.7566
84.5407
43.69
35.2937
78.6454
53.0157
42.9743
48.537
38.7706
78.0243
57.1857
5.49382
13.1374
85.4553
67.7687
2.49864
88.8455
58.3612
90.0535
38.3286
87.2309
38.6348
92.0173
71.9974
95.0314
27.0411
56.7673
64.4736
46.7898
3.5853
78.0499
22.8571
2.93263
5.63436
37.1394
25.4354
76.9605
29.0872
39.5819
44.801
64.7927
99.1874
73.8639
87.4612
62.8838
22.0771
5.06999
41.8665
9.63828
26.8061
78.7491
88.6299
99.9365
90.3786
54.0497
72.968
20.2648
17.8277
59.876
81.8267
32.8301
26.2226
74.5824
85.2252
87.3858
56.2628
91.1993
89.9412
96.7654
81.374
96.5115
86.7521
52.2175
57.255
61.9071
33.18
62.9327
8.00329
41.8556
95.3133
25.7052
37.1756
56.5755
0.959469
22.7578
96.5898
19.7734
99.3105
32.0203
18.0551
30.9536
80.2486
62.274
74.7785
19.7163
25.6806
73.992
52.6688
11.6279
99.4872
9.14184
25.3418
87.7095
47.5286
94.3421
49.0573
2.83201
53.4942
14.3163
70.1766
41.3995
43.7764
75.938
83.4025
64.1594
83.5703
22.2266
2.32431
81.9266
90.5788
98.1493
44.6416
87.8464
98.9048
0.830552
0.18988
62.0425
75.2164
92.0426
10.5237
62.6184
77.6611
8.77593
90.68
23.081
89.2343
25.123
84.331
4.99049
21.7155
34.0733
27.3237
92.8187
18.298
4.58673
69.6227
1.25557
79.6474
9.84298
79.3371
0.609081
94.0779
99.2037
12.8311
13.3076
68.5078
24.8097
18.2476
57.4551
97.8729
8.07759
96.759
97.4779
98.1919
87.9848
58.2619
97.9338
87.0158
28.4785
95.1126
18.138
33.5961
55.875
79.4678
75.6438
1.32911
24.6424
13.6173
8.87477
67.4244
38.1728
30.2371
65.9233
98.6391
98.9834
32.1515
4.68279
80.0849
47.6676
17.2797
56.7904
47.3834
25.735
49.6615
3.74385
34.3725
99.0237
87.2464
23.7019
90.3287
76.6084
18.6123
58.056
25.6131
16.7968
2.47533
58.5181
81.9675
0.126236
41.6027
3.01697
56.2564
63.0702
82.9642
26.7131
45.1807
66.7325
86.5116
27.1266
1.16767
83.4872
39.4541
37.0314
74.5858
42.4971
65.1174
24.1989
22.2646
27.884
0.326496
69.1438
47.2541
38.3823
28.2211
44.2113
42.5722
42.2454
93.677
4.18543
90.0229
83.3405
12.6648
81.3794
59.2515
91.736
86.2729
24.7929
78.7063
0.205772
71.1652
45.6905
45.1252
82.5229
32.6018
89.371
79.6159
15.8582
3.84187
10.374
62.123
13.2838
41.9088
65.7067
48.0483
51.2488
61.0618
56.5521
73.3114
76.2077
92.342
9.07569
60.2315
86.1909
1.37702
29.1337
27.6736
62.0504
98.1749
79.311
3.64284
68.846
77.9233
82.1355
59.571
57.6499
51.2093
56.6044
63.8496
72.8367
3.6386
2.29019
38.4958
62.9811
89.9715
38.4591
30.3694
50.1782
15.2046
72.136
66.3471
72.8556
19.0015
41.7103
51.7748
2.79
5.37536
70.8798
20.9992
10.6407
76.5808
45.7769
20.2879
35.0434
60.1174
8.20503
76.1863
12.0434
81.5358
95.9895
47.3021
1.45439
88.7383
25.5511
88.7491
58.4893
99.5616
54.2528
21.8702
3.54182
45.617
81.54
87.2738
40.2865
29.7707
33.355
11.0675
36.8447
4.71186
7.82745
97.8778
42.2759
22.6969
12.9436
72.8039
52.559
20.8887
90.3495
68.0095
8.5036
84.1795
6.09253
46.7596
59.3186
12.7138
47.1375
82.4413
86.1774
27.0056
14.1198
60.4277
34.8391
40.0793
31.7566
37.6746
12.2812
60.9577
63.7323
42.6848
68.231
26.6358
12.8365
98.3601
74.0563
67.1098
59.484
4.44473
48.3919
51.4472
51.7316
52.0012
18.0542
3.45065
67.4988
44.7027
19.4965
39.6549
53.3469
9.68538
72.5644
50.3129
81.3468
79.0502
16.96
91.4307
92.5498
66.7156
75.2032
68.4875
38.5426
62.8048
37.8363
18.7602
75.5668
84.5095
14.16
16.5017
12.2831
47.1298
97.0649
27.6837
44.9576
90.4229
90.0506
54.3757
36.1833
98.3989
54.3659
77.5766
40.0098
64.2821
71.052
31.7388
6.66274
72.3028
0.637988
36.2741
24.0963
69.9944
46.7648
47.6841
94.9214
16.4883
55.8427
99.4626
28.6674
2.171
58.1029
73.4245
99.3316
33.396
94.0756
87.4842
52.343
44.6419
37.8452
18.1503
54.7844
65.2041
84.5088
6.52226
89.2394
39.7146
66.8047
80.2604
15.796
83.0144
53.7088
89.3606
55.4213
30.4125
32.5223
17.7503
59.9793
91.1178
96.0278
59.5035
4.80321
7.10169
4.96227
16.9875
58.2167
80.3266
38.1657
63.7801
61.8851
62.5442
24.4855
17.0164
6.70906
60.8188
0.100382
96.2422
95.4647
39.5969
73.3934
55.5507
83.4279
34.2319
14.7678
82.044
65.5223
80.348
62.6013
65.5392
90.9069
80.1332
81.1863
93.2899
60.7094
25.1135
94.8816
80.6109
57.0095
39.9964
90.7315
43.3912
82.3466
90.1989
2.30657
36.4951
36.4705
43.9815
54.5271
34.892
63.3543
49.8497
94.0353
47.7513
98.8964
18.3916
26.9968
39.4589
32.275
48.9021
57.4829
25.5173
52.8022
68.6159
3.63636
2.69451
19.5776
50.5536
16.0021
17.9946
14.8644
51.8913
15.0493
89.1142
81.5839
83.2235
96.5571
94.7059
99.0193
11.5761
30.2258
78.3726
37.4388
70.2089
5.77895
82.4957
62.2176
87.6261
70.9355
43.1306
14.5687
79.4876
9.04317
56.7767
46.0004
60.4696
15.3021
57.5577
91.8005
9.4563
62.2459
70.8294
40.5936
82.9831
97.6991
92.9365
13.6333
40.2975
5.95183
76.3048
96.8569
63.7136
36.0262
69.3527
45.0758
6.12293
55.7583
34.8528
42.8913
64.8292
74.8042
50.424
9.76602
72.1846
81.7197
95.4391
37.0234
75.4631
60.5468
11.8858
67.9415
66.8775
47.8513
7.77341
94.6178
90.9252
34.1514
93.6694
22.3637
23.143
70.9078
88.9713
17.5611
12.9396
38.468
6.48463
71.1189
79.708
44.874
43.0871
73.9396
90.4929
7.70323
25.2918
90.324
88.1064
92.3063
18.055
9.77503
15.3563
93.921
23.9122
5.13921
99.546
47.5943
65.6904
9.59158
23.9235
55.6027
5.16995
67.5749
26.7177
47.8144
85.1746
82.7722
5.77356
66.7758
4.31275
68.037
68.7815
48.4825
0.62666
33.5942
29.0109
49.5158
11.9421
68.3861
18.2481
12.2564
37.2174
47.5695
82.1558
56.2858
4.136
85.3645
35.9261
54.657
93.7511
66.8411
42.5374
59.1691
17.0938
67.2114
60.2776
42.5045
56.1626
71.2388
13.9144
93.2892
31.956
81.1373
73.7651
75.2797
54.4371
8.19381
22.0732
10.5823
26.8357
30.1477
93.342
60.6385
53.339
52.9258
78.7762
72.8074
6.2495
43.3077
30.3219
16.2939
51.2705
22.2765
60.7006
50.9866
18.5383
71.4564
42.4878
36.4972
83.0477
94.1113
71.8036
93.2717
4.61888
8.08554
75.6306
5.34088
91.0013
80.4611
6.29075
80.4872
80.6183
20.4756
41.1507
49.1454
28.9295
94.3558
36.4139
92.1549
53.1647
74.7106
61.56
13.2488
53.4073
47.8905
56.5719
76.9338
38.2145
73.5585
44.7414
90.9263
13.3827
17.2221
14.3166
49.7267
40.5533
26.1531
70.9907
36.6976
68.0424
43.0276
89.9165
59.7548
21.0908
21.5573
4.05525
62.5427
26.3246
98.1417
71.364
89.6476
71.5761
50.4779
4.98604
87.057
1.2818
28.7477
61.1365
17.3177
90.4034
59.684
96.4365
26.5009
16.3732
83.9921
95.087
34.7982
93.8873
84.6453
55.5384
31.9378
57.164
70.4773
94.3443
46.6365
93.3604
34.8003
40.5112
75.3502
28.2263
73.2432
51.2933
72.7029
82.3865
38.6308
42.7966
92.0065
15.7787
27.2181
39.9559
89.8363
6.51117
74.7139
47.5177
98.979
35.7276
14.7329
30.1032
16.9656
44.0739
86.0892
68.0797
4.41961
31.9096
34.4062
78.2538
80.99
53.844
13.1922
73.6533
62.8665
67.4332
98.7537
88.7895
10.4897
33.9901
75.7764
23.3167
63.6252
34.8441
48.2724
63.9259
25.5699
91.1717
81.347
15.0742
33.1168
69.6843
44.6138
66.1997
33.0124
78.4165
76.2378
52.1289
1.64318
68.5551
12.6601
13.8215
44.9773
5.50083
34.0174
55.1321
55.996
93.6928
18.2465
23.9632
89.6758
15.2553
58.2258
22.3417
8.6638
45.9345
91.8024
12.886
37.5257
32.5416
11.2595
8.86771
67.6559
17.9054
8.95418
49.0381
50.9039
76.6112
54.7943
93.4707
73.0129
81.3385
93.9659
11.9635
73.1658
64.8612
54.547
94.5955
48.7546
4.8021
83.5052
8.48954
41.4731
72.9613
48.6208
63.1616
21.6846
90.2155
7.99798
45.7762
83.8882
71.9603
14.0824
37.7016
12.6883
63.6015
80.1256
5.71501
50.8486
92.9463
32.7736
94.432
15.5191
92.7241
68.0714
91.5807
7.03859
40.5728
23.9929
79.6246
24.9226
51.7675
62.438
35.7739
67.41
47.3181
17.0183
37.6146
79.813
38.4026
71.5754
91.5558
69.2949
40.1661
99.4072
12.2904
61.724
69.6467
83.5009
12.883
70.2083
21.6669
70.738
10.3271
33.2591
69.7596
75.1528
80.9778
61.8017
75.9443
18.2909
59.6747
92.0466
16.2624
55.438
46.4956
67.1297
57.0286
24.3126
53.7351
78.4203
54.2065
81.5513
18.2955
70.9117
45.9992
5.81415
22.6065
54.3807
44.1317
0.314707
42.9121
23.5671
85.1684
3.03045
82.8896
46.4035
19.5253
9.39822
39.5312
27.3322
5.39821
30.2037
7.47626
55.4575
78.4472
83.2129
89.4711
11.378
66.6659
88.049
59.441
37.3032
58.4153
73.3465
67.2252
33.6925
35.1882
19.7938
88.0567
26.9257
72.1597
82.5493
19.0447
46.5602
31.4675
33.5876
78.6642
59.9753
56.6065
3.42019
90.1596
77.1023
46.1467
10.9288
37.1504
49.8437
11.5799
43.9588
28.3615
50.5951
84.2557
45.8095
51.9283
86.5977
84.7097
39.8543
82.6827
16.2469
55.4573
2.50822
94.7434
35.0007
98.1734
85.5246
58.6945
85.9755
48.5396
49.5804
43.1256
9.48898
75.4007
81.7455
61.8521
74.9924
57.5485
66.1078
74.1785
55.2667
75.9895
86.6841
98.9298
47.9244
51.5335
28.6442
21.7374
10.1864
84.0171
93.7982
0.388255
85.3282
75.4645
97.0696
49.7441
70.311
63.2549
21.7982
83.6966
12.0296
9.4887
68.8369
88.5418
50.9332
49.6624
31.1309
64.7823
56.9346
77.3695
82.7406
49.3527
2.61339
32.0457
23.816
10.2989
57.0102
90.154
28.5234
3.11896
47.262
34.1588
27.7802
14.4127
0.381193
72.7963
1.81573
89.5048
96.6698
10.938
3.41278
37.2205
3.74098
76.2863
71.3636
33.4685
78.1009
41.4275
4.44015
14.1672
29.0039
70.577
53.9697
44.6737
26.8754
2.89951
19.9622
36.071
19.4708
54.9562
41.8901
77.1254
47.8143
21.3789
79.7457
51.6705
88.9358
21.6805
41.5601
84.8486
7.88001
79.8494
4.62529
29.6148
18.3275
54.3856
51.4258
19.166
72.1272
28.2434
37.4235
89.3834
34.0529
20.2729
80.1558
9.11547
86.9919
68.5163
53.133
66.8556
11.1868
33.4131
85.8549
44.2462
94.1466
51.1794
5.20157
74.0344
7.76162
24.0876
66.5101
43.8029
58.3256
56.3821
38.7141
2.89503
60.1358
69.7897
60.7771
56.2785
38.5434
26.5475
89.8546
21.9787
36.9509
0.0244442
45.7862
78.436
29.7523
70.983
47.7379
77.1502
21.4379
82.3173
89.8708
67.1134
70.6117
10.3568
27.0178
93.6235
41.182
66.8584
81.1756
5.29278
46.0335
44.0966
84.3869
59.637
60.6907
23.8554
55.0285
76.1791
25.4943
92.0526
76.654
12.1413
77.7859
72.4412
82.0849
56.5572
33.6241
35.7231
12.9721
34.1656
95.8997
43.9951
84.3873
99.6509
33.6256
88.3678
54.3722
39.3707
59.9377
53.8685
15.2539
16.9856
61.2019
95.4928
97.1637
50.0201
67.0675
87.4503
21.8301
12.5103
10.7677
99.0601
84.7066
38.7191
31.1821
40.6462
57.2916
71.452
52.5866
57.8122
23.9882
22.3719
36.3013
68.0623
99.5312
71.6303
90.281
63.3046
94.4694
77.2194
11.2201
76.7225
31.5165
49.7029
2.94622
83.4132
79.8153
17.0655
48.6715
25.6478
97.1336
0.0535097
27.3039
93.7484
94.7839
96.4063
92.7602
14.7532
18.5994
28.3286
0.0124792
16.0594
38.6137
44.0752
81.6616
75.344
36.7988
97.0124
7.78139
81.6896
24.5788
13.1755
37.2439
94.8689
52.08
54.8165
5.09792
60.1829
30.353
58.403
79.5989
10.0508
98.1032
53.2266
98.4325
65.5938
90.2465
8.25743
15.2986
61.8661
44.1918
38.7339
52.8032
30.8514
66.1158
0.23652
67.0038
66.1448
56.2117
9.94531
81.5696
3.27738
39.6363
30.7557
83.968
35.6224
46.5914
50.9263
61.432
38.7626
9.76103
87.4166
73.7989
69.517
14.2494
68.4917
68.8626
22.9139
51.3776
2.42298
33.729
98.5814
95.0717
61.746
10.5143
31.8913
38.2486
0.79187
53.09
29.6605
30.2784
60.472
73.5053
55.8229
64.6567
47.7273
0.987446
95.6118
34.3411
93.9132
35.4422
10.4214
22.1178
22.4268
33.0064
21.206
89.5925
88.5384
28.1474
34.2641
74.3759
57.3114
74.2665
93.8503
75.0959
52.5572
14.066
75.0419
5.4551
55.4013
80.3778
93.5785
18.4423
32.637
89.6012
51.7934
89.6916
97.86
94.1577
30.0993
9.35928
36.8438
86.1685
48.1243
50.359
44.8736
51.947
22.5777
67.7245
52.8494
14.2554
74.5914
77.6593
6.64849
12.3985
68.7937
73.897
95.336
3.31717
84.9426
27.5625
56.7322
32.4388
5.50762
44.3149
77.7513
35.0844
58.7524
53.1204
74.3284
20.7297
89.0456
8.57627
74.7281
49.2224
80.3445
17.3544
94.3694
49.5233
42.0786
76.8814
32.7477
10.3833
41.6969
9.10002
42.8082
16.017
20.8022
96.5476
47.9947
44.927
72.8571
63.3874
66.0689
90.646
29.9779
51.0995
60.0351
56.0699
77.0142
87.7758
49.8077
65.7964
94.8615
69.6209
64.4624
96.9022
54.4902
67.7741
34.0168
84.5137
83.3331
96.5952
52.8183
94.8997
68.5457
24.5229
69.6342
65.3409
56.0514
13.9585
24.7119
28.3342
44.1479
63.2228
19.2305
55.0634
96.123
77.2114
53.1753
57.9853
72.2237
13.2293
9.21259
57.4702
63.751
49.314
3.73656
70.526
94.9298
44.3765
70.7818
99.6582
77.1543
7.02944
24.7453
25.2642
97.2783
97.1579
26.2304
37.5709
21.5172
97.9771
60.8895
40.5916
94.3686
71.4754
55.049
36.146
19.928
40.838
65.4172
65.6812
86.4166
87.9519
9.84109
11.837
77.8752
67.0363
2.43478
35.3875
2.31429
42.045
94.1915
23.5695
62.8055
9.63967
29.3148
61.9549
46.8571
69.8067
87.4154
37.2117
98.6854
32.3209
44.4726
7.77498
92.8911
24.4383
75.6805
87.3191
7.87413
20.0038
10.194
50.74
69.1722
80.6642
79.167
63.7665
28.0284
50.151
8.51337
90.3153
10.1158
68.0198
52.0109
89.8896
14.1443
1.1829
8.89338
39.6606
87.0547
36.8156
89.696
83.9531
14.7563
40.2605
90.5303
45.8052
70.4142
56.2873
64.7899
32.2399
53.8138
77.5951
90.5763
3.26914
60.0433
90.3154
58.2696
1.85539
62.6398
43.039
81.0982
51.2478
49.6904
11.8322
49.3234
19.3617
61.2949
32.8055
94.5229
78.6881
33.0755
11.7666
70.3176
54.3684
89.2217
9.004
73.6998
99.9185
42.4897
24.4104
78.2162
69.0919
64.2093
54.5834
97.2308
46.5354
31.2985
13.5769
77.7927
72.0476
33.6004
24.6691
83.7845
3.25811
91.8712
65.7181
72.8751
84.1796
82.4215
42.1824
24.0398
36.7693
40.9746
55.2665
2.6703
84.0317
29.2265
52.0198
24.7809
12.9538
4.30149
92.1962
3.98803
48.7734
98.5187
30.8144
9.5082
13.5813
54.7182
60.4713
60.3975
69.5539
74.0742
15.3821
91.2611
57.8615
8.53341
77.5208
84.3779
37.9275
35.3536
8.5918
51.9321
5.46901
53.8749
91.1863
53.7541
72.2275
16.2939
71.1015
16.4755
95.7377
89.5086
28.8643
45.7454
44.1126
15.9216
15.2001
12.1619
82.1098
50.4686
50.4951
23.7908
94.9128
26.7046
34.5902
31.2833
97.9304
23.1946
83.0759
18.3542
94.8543
7.76149
96.8115
7.74642
35.4438
58.4852
74.0612
45.5412
26.6537
56.346
48.33
67.7817
49.6931
76.8066
53.9115
34.0138
51.0846
28.8243
20.348
87.5088
97.5463
1.28382
81.4738
94.1764
86.2948
65.7131
84.9809
86.2845
77.1697
24.691
71.0285
58.633
53.7851
93.051
51.6236
71.9778
27.9424
67.5857
27.7393
18.1665
98.171
53.7195
89.3649
11.4509
24.1262
97.8997
60.5485
39.3498
22.5793
50.3167
70.8573
9.6819
99.0743
57.5434
87.7692
73.5428
89.254
93.5345
92.0182
47.3124
96.95
16.1552
8.1768
26.9393
93.2857
83.2159
99.4317
60.9656
25.1081
77.3626
48.5075
55.2724
90.2722
1.22896
64.4302
85.985
82.5353
63.772
67.6157
39.8707
5.57278
92.2238
4.18729
41.3837
36.7204
69.7536
60.7181
2.57883
76.4767
4.44496
49.274
87.1751
55.4775
91.4026
98.4969
88.4694
34.9441
34.5389
50.6345
77.5304
48.4985
47.2401
98.381
84.627
6.23342
26.3922
51.0673
19.8189
30.5345
27.1029
6.38963
56.1664
91.5097
34.6316
7.91123
36.459
46.6067
2.55698
55.7766
99.7576
98.2793
33.1212
31.4416
24.3574
57.8025
29.486
7.26152
70.661
68.8501
49.2752
77.6413
76.6023
56.0176
68.1976
39.3761
84.0152
93.8981
74.667
26.2081
61.6095
86.9258
27.1932
30.9933
11.638
27.7296
46.5637
6.3985
0.84739
41.0928
86.8914
22.8485
91.7846
34.6214
46.8587
13.672
24.9549
28.776
66.4025
99.5087
25.3692
66.1628
27.5904
27.7438
17.7277
18.9769
35.9035
14.9231
97.5787
59.0295
24.8017
23.5706
9.15966
1.41317
88.4408
62.4293
65.5456
6.12983
18.8277
84.1147
38.7151
91.8541
99.2942
3.8338
6.4294
86.9379
4.99888
53.623
64.428
28.776
39.7049
76.4674
37.2376
95.4109
83.7034
14.6614
66.6056
77.0726
28.6183
11.6422
12.5293
92.5758
48.5839
72.3759
19.2887
24.7695
39.7974
91.8841
82.7788
43.3105
24.8139
73.3043
40.9462
62.3354
86.5766
94.5501
20.0429
51.8479
85.063
5.06877
62.3997
53.2715
3.72824
91.5547
46.1521
58.8504
43.1868
86.9301
58.3803
27.3225
7.07334
9.67533
74.4539
64.9998
26.3688
57.2982
78.9409
27.8296
5.55363
42.5632
22.4433
28.1879
64.197
18.3164
89.933
41.4392
95.5196
28.5
58.5503
22.6824
85.0964
