20
20
30.2277
31.6648
9.60226
55.8024
86.2744
45.4433
17.1191
3.89965
38.9569
59.6214
70.0262
86.7223
15.8711
67.8105
22.3202
75.8653
67.4421
51.7135
62.9842
67.1704
52.1587
99.4083
82.9529
93.7438
99.033
97.6996
50.788
33.6107
99.3545
22.9638
69.9891
61.279
67.4834
99.3555
6.89106
53.4604
45.6129
88.0537
9.63999
26.5084
81.4116
19.3663
14.9951
81.6397
30.0488
1.91758
5.46211
99.4613
14.6384
71.5926
31.7804
36.7357
77.5596
17.7748
1.59517
67.3168
96.5011
7.40733
56.9904
40.0164
15.3824
71.3806
28.7937
14.0979
24.6158
86.2954
65.9354
49.6148
40.4259
21.3628
3.79295
7.33217
69.7368
95.7491
88.5079
29.1591
34.2885
25.4814
6.25329
93.2046
55.3511
26.0687
45.5254
2.85244
43.423
24.229
11.0154
63.2381
73.4907
21.2856
82.9228
77.1759
27.3593
94.8719
93.4534
90.6785
21.2817
66.9514
40.3841
87.688
22.5356
95.2491
57.5758
83.1363
40.2337
14.7893
65.2617
72.4822
99.183
89.176
41.6953
40.4819
48.907
1.9462
10.0235
39.8401
79.9453
75.4869
32.0149
17.1851
89.8429
39.4807
34.4697
27.7445
89.0258
72.6729
17.6041
38.7531
66.124
94.1195
0.797788
1.43272
44.8882
6.61048
31.8716
9.81231
96.0068
92.7025
40.2009
40.5205
16.5081
1.63663
87.6317
34.4967
83.0621
8.33405
54.3791
33.0993
62.4162
84.8692
68.3387
92.2558
76.4113
32.0836
20.4976
76.8036
98.8968
55.8727
10.9683
28.813
45.3933
55.8865
7.13948
74.4758
89.8993
62.1307
52.8058
34.5288
56.4004
24.3634
90.3633
10.3522
14.3739
86.9154
19.8846
57.2515
70.0001
75.438
16.8517
90.3606
18.2628
6.13683
38.933
57.8992
55.0725
46.6822
3.76945
10.9534
0.15602
21.2554
30.9019
57.9494
4.90874
85.8105
67.491
66.8768
89.8087
80.4213
50.952
86.7333
52.7982
27.6971
25.0238
11.5342
78.5877
99.5786
72.2186
92.8597
13.4724
1.25846
88.2833
63.736
49.8266
59.6585
57.894
77.3025
63.4272
64.6786
38.8039
39.938
37.9576
86.1142
38.8043
84.0781
45.7017
48.4051
98.2491
51.648
60.3001
63.3203
49.9846
80.3784
1.0962
2.78641
87.6952
79.5717
45.8653
42.8802
68.5652
53.3448
19.1914
58.2955
38.3414
40.8521
48.8162
45.7152
1.46906
61.7414
33.7667
20.6099
53.8657
27.9386
66.1877
53.2939
66.8464
73.7678
43.2691
26.0342
39.0057
96.3733
62.5726
9.10868
44.39
26.5293
60.2274
29.6275
74.1362
98.3218
12.9337
15.8969
59.876
95.5164
86.5623
37.2181
75.6689
78.8977
30.7441
61.1796
46.2113
96.9284
42.5806
1.49659
10.1849
12.8717
59.7996
73.0209
84.5445
17.5834
9.91491
3.74626
71.3474
84.1714
8.42837
72.5232
83.4443
68.0796
75.0245
77.1687
94.0466
59.5981
5.67598
13.6466
64.41
86.3775
51.6687
89.1382
25.698
72.7568
97.0048
94.1005
75.1514
10.8614
43.3636
80.6532
61.7183
67.2212
33.9476
47.3159
5.95716
36.7574
42.1063
31.6442
39.6391
84.1051
43.3637
69.8612
88.9255
63.5835
85.4158
15.0799
49.0519
37.2117
27.0443
86.1251
77.6151
88.9213
70.5842
41.125
21.6982
28.9433
49.5637
91.3395
49.6656
47.3414
87.5441
62.0467
57.2175
35.1874
48.668
69.8702
65.4669
84.9692
9.86109
17.4114
90.0547
99.9511
84.8368
73.1755
86.7491
99.799
4.46337
30.1547
66.0467
74.0092
86.1654
72.2003
34.0321
27.1359
30.1041
56.5167
60.0205
79.2
35.6194
57.0644
93.8019
87.7188
10.7512
46.2127
61.8298
47.7256
37.392
77.0375
95.5256
91.2446
17.8395
59.7604
51.0562
16.3893
19.9447
71.4803
73.4154
27.575
37.3964
0.498971
64.5304
8.80589
27.8357
11.125
97.1362
45.795
