50
50
20.7226
97.5428
38.2384
86.3498
47.0022
61.5182
42.7735
92.6625
59.586
24.8492
78.6954
54.6672
27.7015
69.8075
0.357036
97.7217
37.9859
98.0994
47.9706
34.8607
67.4625
85.2156
3.69157
72.0684
30.8514
60.6011
89.058
28.4543
81.5982
97.1871
20.4848
54.1068
94.8678
27.2519
70.1367
54.4257
35.4386
48.4902
0.871556
73.8909
92.7682
89.2742
37.4508
4.03208
2.87475
63.9556
1.91216
40.1273
8.01311
77.9265
90.628
37.1825
9.73354
71.4391
4.3984
71.4376
99.0804
88.7544
49.0433
26.2299
47.1908
83.9589
79.0569
44.5909
21.9778
67.6048
18.6387
52.2628
26.3931
4.47985
71.4826
67.4176
63.8186
52.6942
75.479
52.9681
19.1972
3.54241
46.1421
75.3061
8.8846
92.0483
1.59903
1.59944
44.6524
88.4732
30.5249
28.0445
85.6055
12.771
89.9984
92.3677
43.9009
6.96672
40.5936
10.5284
65.6357
27.7124
38.8456
13.8458
54.136
27.5326
93.205
34.0662
58.085
87.5446
34.772
62.7613
86.7867
77.0957
86.9295
90.7809
96.3007
11.0376
18.6878
31.3036
73.5514
55.9682
9.05648
23.8654
68.705
81.0211
28.9793
4.63447
17.8357
4.05209
53.8304
21.4325
77.056
65.5987
36.1509
88.915
83.2859
28.4614
28.7361
47.2279
31.6955
71.6839
59.9493
38.1066
94.9432
68.1833
91.3354
74.249
49.7217
30.6105
83.285
17.2473
99.2899
85.6372
73.9513
51.7332
44.4082
51.2941
60.5533
2.77385
85.188
53.1419
39.7282
74.5724
75.9006
82.6508
76.3486
70.9087
29.1661
75.979
51.6752
5.75749
8.1422
5.40256
95.7162
37.8288
15.5004
7.87025
87.7645
91.6058
60.8154
28.9803
33.0609
58.9786
47.4391
67.9633
92.465
93.1539
93.7228
24.7034
46.9326
23.7123
15.0692
58.4164
63.1468
67.8823
18.5547
58.8007
26.5735
30.2518
50.8096
2.03614
43.3444
53.2231
58.7421
26.4527
43.2124
45.931
69.1136
47.9901
96.7153
52.7479
7.75814
16.9078
91.8922
83.8342
2.74562
22.7261
24.875
53.5032
1.67883
80.411
47.3237
28.4553
39.2656
73.6063
77.5453
62.0654
20.6331
8.03455
44.7103
85.0526
78.9903
18.3964
56.0217
53.667
83.4193
55.065
52.8552
0.366345
32.6881
76.0588
51.0746
88.4925
45.5974
97.7286
46.9446
16.0149
88.1068
82.2195
62.6716
2.18672
29.3863
57.4157
37.673
36.8025
50.1771
20.7935
9.80721
35.6007
89.9869
25.6966
68.3954
86.7987
44.6355
8.7422
88.7524
82.9841
55.6294
76.8402
52.8407
18.8735
11.726
9.05357
57.0104
20.397
47.8373
36.0366
62.6561
80.2791
53.93
56.6101
72.1657
22.4091
41.2908
55.2628
13.1679
83.1929
84.2514
51.7185
41.6697
52.9965
81.1989
28.291
53.7087
68.304
19.5179
59.3291
56.7951
95.5652
44.6226
59.4607
34.8
82.3001
11.3153
37.5018
54.7852
76.594
0.71507
96.6235
71.5618
75.1786
62.5022
57.5797
28.8944
44.1634
18.0041
55.5909
36.5474
3.71004
19.9749
70.8406
44.6512
80.161
78.6005
72.123
53.6143
64.1573
59.4856
45.1092
47.426
97.1156
53.7722
18.9911
99.1574
94.8822
0.461874
53.5675
84.929
69.7182
86.8191
79.7861
49.0086
4.74124
98.8055
2.5507
18.3863
44.8261
19.5881
72.805
80.8236
87.0037
50.8247
48.737
87.2543
38.8857
40.0037
93.7647
92.5709
20.6181
25.6725
78.5719
31.6929
57.0829
12.2295
88.9712
23.0692
86.7773
59.0198
37.8804
82.1302
66.243
12.4689
60.0858
17.0025
70.8352
54.0893
28.6222
48.4759
0.432742
79.7318
56.1914
36.9086
6.96102
52.708
74.7742
5.66375
86.705
72.9212
43.5323
31.3656
88.183
27.8141
98.5263
59.5846
94.5646
12.4686
46.7519
25.1497
2.5702
17.9435
93.9706
93.5571
63.9177
49.4682
9.05303
58.4738
81.1644
53.7543
71.5676
3.85018
30.7692
81.111
10.65
86.7907
58.118
32.0051
80.5987
84.2704
26.1911
60.3958
8.41148
78.5904
58.3915
48.1572
86.3924
67.7626
38.2039
59.5956
69.0022
24.8263
84.8042
87.7563
57.9106
42.8837
66.4809
26.4636
40.5755
53.3746
5.13074
96.0671
69.525
39.9945
99.2788
67.0219
30.115
59.7267
31.9529
67.554
23.0594
66.3079
60.9865
88.0212
84.967
82.0168
16.8108
17.1729
48.3437
54.9841
8.89863
87.7024
7.90516
20.2638
15.0066
67.521
43.9112
19.2268
17.2352
47.9628
7.43937
5.45344
83.4595
80.2353
34.7243
64.8792
67.9529
39.76
72.2772
60.1195
31.4689
9.32227
33.2323
41.8767
42.7259
91.6334
8.34614
11.8366
79.4628
66.7344
44.8239
9.2662
65.0213
73.8051
29.3515
43.878
12.9156
34.9299
83.9941
74.0755
27.5308
91.1563
44.5835
64.6253
51.9754
8.68663
7.95579
22.2288
63.5604
27.38
37.4861
50.9453
1.1344
20.9911
4.34247
40.55
95.0167
6.61605
79.7399
22.9001
32.347
99.4285
56.3727
96.2549
99.9721
39.4389
63.5958
71.2807
20.8065
29.9769
76.5489
81.2126
64.9265
32.5578
5.37684
9.7952
15.5759
98.8477
80.7154
47.2488
31.0714
85.5113
99.7047
55.8714
31.4677
34.3729
61.8069
78.2101
98.2243
39.851
28.4667
22.2607
60.5017
36.7345
7.24782
6.55611
6.92713
92.5632
91.3021
27.8587
17.3552
32.3847
86.5317
47.7833
24.9927
66.3933
46.9124
90.7314
63.8181
0.972377
35.3304
85.2568
39.1601
20.3721
30.4784
5.78667
82.2688
8.01848
38.9994
10.2788
62.5482
24.6434
24.1315
28.963
49.9165
87.5588
1.18837
20.7442
4.83714
75.1959
34.6085
28.6691
74.195
95.3459
58.7971
55.7588
38.5604
34.3039
39.5344
72.6968
82.4394
60.4021
94.8922
6.28363
99.14
46.219
16.8423
77.1034
58.3319
95.6029
68.176
65.3611
83.4052
70.688
32.0195
30.9967
22.3545
75.1167
6.58107
29.1858
11.5257
88.6537
34.0643
13.9188
37.2581
86.0185
31.2453
11.1214
84.0887
32.8218
48.6799
31.8197
58.407
58.4355
48.0589
81.2966
42.295
77.3182
0.225929
75.7917
90.0662
86.1391
85.6952
47.0919
54.8334
62.8415
16.0487
40.7478
60.6129
32.5949
85.1312
65.4447
4.07551
18.5531
63.2268
89.826
67.6539
41.6364
43.0897
33.6283
58.7526
47.6556
22.7773
99.0437
0.64531
95.1005
48.2529
74.1219
51.7594
31.3712
48.7914
84.3315
65.1411
32.3038
66.2516
66.3551
27.8389
55.8897
76.8094
64.1721
28.1441
35.6614
92.8588
31.7495
49.9347
42.1885
65.2622
84.0799
76.3248
23.1759
63.2629
28.1302
41.7513
11.9731
50.0146
21.9323
19.0476
36.3192
93.5977
61.5191
94.9567
37.1063
92.6686
7.62423
89.4236
17.6051
58.9372
54.1852
94.6449
36.0293
21.2279
48.4638
77.0661
77.217
26.122
23.0915
22.6361
40.2386
43.3382
28.7119
63.1575
41.4214
43.4601
18.122
11.6219
87.2816
46.8502
29.2955
68.7742
65.5964
73.9299
28.5126
17.2892
91.6023
18.9785
97.8325
72.0467
3.93992
52.3847
25.4785
92.8223
8.49901
10.5604
22.3812
78.2647
82.6024
41.9491
77.0643
38.4514
52.0885
91.541
85.1068
12.0829
41.7934
12.6029
37.7908
90.8251
88.767
12.7283
87.5158
88.0067
45.7937
44.0933
74.2539
88.7606
69.0449
76.6984
13.6574
72.2755
81.3174
44.7782
47.833
36.3443
53.3599
47.9342
12.5604
90.2538
20.3115
11.4005
13.3943
53.6555
45.9228
44.3971
3.97463
86.4528
29.9384
23.6829
10.7631
13.454
78.0029
29.0314
87.7153
53.3016
44.091
95.3844
40.2212
82.3286
14.4478
55.7864
49.9151
69.3053
69.9849
14.3771
74.5172
17.8226
47.8035
86.0941
87.4966
65.8314
85.8075
49.1326
92.3561
41.1356
29.8441
4.70629
66.5588
93.3813
25.462
26.5245
62.5684
90.1108
22.7377
75.5883
48.7636
79.8547
21.7266
31.3476
14.105
10.3576
60.4326
0.372326
98.1448
65.5014
15.9937
73.4829
92.9782
70.9701
22.9792
55.3535
54.168
48.3095
71.1155
16.4859
44.1337
19.6361
97.9841
21.8857
92.157
35.9156
99.2021
49.5535
34.1715
87.5069
80.7007
0.985762
22.1213
48.6202
52.6097
48.1647
64.9935
34.9079
0.143554
57.5873
32.3472
95.6467
66.5886
42.9955
98.488
11.6107
39.4356
46.614
74.4261
0.600769
34.7455
4.49123
77.8301
68.4421
70.9695
46.3863
56.9507
47.9676
12.6609
64.3769
10.8516
60.2061
30.5154
84.1959
42.3984
13.1002
58.954
35.2875
40.0475
88.5956
2.41301
78.9311
37.7369
99.0464
88.1288
56.8863
90.8093
57.4377
5.37656
73.8962
36.7639
60.8658
74.4679
76.1232
37.9325
21.9099
56.0227
8.5524
22.8498
76.3431
52.9985
8.00388
64.6728
59.9366
96.3614
55.974
89.04
14.5781
10.7223
58.5992
63.6415
3.26145
19.2633
27.8629
1.62466
92.3266
58.1242
18.1166
5.13521
77.8132
46.6294
78.6189
97.5713
4.22811
39.0902
27.144
33.7816
52.9255
59.0097
7.72712
20.8762
84.9441
22.3423
47.4141
90.6986
69.3462
12.0613
73.0674
47.3301
5.50227
17.4849
23.2432
45.5321
91.7887
72.2426
28.5768
31.7514
32.0836
57.6747
85.1663
39.2165
40.4602
95.1
50.7392
65.7733
24.3588
80.5429
90.45
99.0244
68.1657
31.4664
5.92676
37.1838
51.8588
43.1555
97.9951
85.3154
21.0765
61.061
17.8758
56.4294
33.9397
50.729
29.3861
36.6527
40.046
71.8651
6.27731
57.6331
22.5862
64.4772
17.0717
72.5623
84.3083
42.5593
90.7022
83.637
29.3
33.8069
0.288785
47.7478
6.10501
51.7487
87.7715
60.0872
60.1583
75.1219
2.34203
23.3909
41.9588
18.2467
46.2824
20.7356
50.1455
14.8554
11.8883
30.758
14.3409
33.622
18.1373
59.7804
75.951
26.7702
38.191
99.036
91.761
86.5089
81.601
65.8114
36.2909
14.9052
89.1901
21.1088
39.2287
47.3378
0.279351
33.005
31.1274
76.7267
62.6978
51.9698
19.5921
92.1503
23.1656
29.3082
35.0478
61.483
90.8884
48.7058
2.01741
92.7208
97.1499
1.74005
43.4382
3.90877
48.2643
72.8734
84.0822
8.80455
96.2953
39.6482
47.511
75.3073
10.6959
22.9767
58.8994
13.9977
32.3408
81.0509
86.3075
57.3826
38.824
60.6905
30.3512
50.8907
13.0128
75.1312
42.6972
95.8164
20.5516
22.5164
12.6616
7.93009
76.4068
75.7634
52.6706
69.0232
43.5541
75.1281
71.4188
62.6827
48.3088
33.8148
56.3776
79.865
17.8359
58.2015
50.9051
52.2061
87.7838
5.03618
93.289
54.1903
6.16979
64.9443
13.5511
41.2557
42.4145
60.4794
80.1423
49.7232
97.2052
27.9836
48.6471
1.10126
28.8091
78.2573
13.6893
7.65803
60.1716
70.5419
28.2537
52.6132
11.8088
35.8019
56.9132
31.0047
71.7575
0.526072
51.4628
61.7915
26.9542
13.8565
97.5972
65.902
23.5861
70.2776
11.4939
75.222
14.1977
84.5254
70.3786
78.6081
81.1039
54.7686
23.6988
66.2962
48.8974
61.9089
35.3313
75.2966
47.9587
89.2702
33.4789
74.4919
64.7152
76.5525
97.6349
63.9935
58.7149
90.6779
44.7014
99.8753
23.6887
78.1352
2.89727
85.8985
83.0402
28.1482
20.9305
23.9754
67.783
6.18865
13.7267
9.37126
45.1541
55.0665
25.513
81.5102
32.8482
43.0903
47.1371
61.6188
81.8203
53.4655
8.20272
11.8931
2.16321
48.0143
65.4691
75.7216
55.599
5.36086
3.04364
9.04813
47.5132
71.6911
97.0359
74.4743
90.5407
43.5699
39.7177
9.26982
56.9721
86.7273
51.7222
48.056
55.2149
62.9353
81.6086
9.70308
57.7061
17.9613
92.4518
71.9465
36.9415
45.5366
79.2892
62.9053
2.66949
85.1881
88.3054
39.3759
18.858
31.4021
44.8204
76.227
0.0996032
35.1776
95.1097
56.8104
5.13992
66.3477
29.882
54.7315
55.5153
4.49067
9.97426
81.3126
21.2496
90.1845
58.7655
0.120712
28.1825
85.0801
7.07347
64.9547
61.3376
42.2133
35.51
96.663
81.8879
85.7687
10.377
25.2999
40.1617
93.8497
86.3738
22.0367
22.7739
83.0073
52.9938
61.5126
41.6555
84.6822
7.38128
27.7311
68.2997
65.0831
36.509
74.7584
82.8844
34.2942
38.114
56.2871
71.721
53.5034
86.6106
68.1352
20.7112
60.0125
51.7183
26.9188
7.99687
60.4136
91.2062
45.0149
39.8865
56.0739
33.9394
46.3249
35.6587
34.6684
99.8317
86.0254
93.0146
42.5532
30.014
84.9676
7.48022
95.514
97.4367
12.433
96.7913
47.8337
23.4573
72.628
28.9571
25.8241
23.9348
40.1751
20.3373
5.137
20.3235
64.0512
34.1448
84.3772
80.4514
85.832
65.1452
31.6305
77.7369
97.229
76.544
66.5568
27.8428
92.3982
35.0216
71.1388
57.9183
88.5646
96.6863
21.1072
22.2444
31.64
20.066
43.166
98.6775
12.1242
76.7395
10.0337
13.9872
96.836
65.5241
30.7371
37.0429
20.3507
55.2719
91.7839
64.1708
6.50194
24.0788
72.2506
8.29678
60.3709
43.947
35.9669
13.8633
5.07264
12.7156
23.8513
42.1551
49.3759
43.2526
97.6146
28.641
49.3509
7.55515
89.5379
66.8645
49.3379
91.1467
65.9954
19.9253
2.16734
96.9395
88.7232
70.8963
28.1941
15.5906
35.5015
1.59284
11.2182
13.2957
57.3826
69.1232
53.4122
54.3973
16.5285
58.7956
70.9878
13.3132
61.811
40.2087
72.6238
10.7588
27.4942
21.6853
1.52581
53.2212
2.66685
45.004
79.3089
62.3877
71.7497
54.269
12.2751
16.1406
32.7266
57.7617
57.4269
38.6266
99.7478
1.22272
61.6444
11.4155
3.72932
85.4786
12.6189
35.5841
54.5633
86.2787
95.8299
86.1457
8.11988
0.633891
86.3597
61.8963
36.1167
88.1045
23.7348
92.4761
13.464
11.3747
25.8953
81.8054
75.1056
22.4471
85.2352
24.7965
24.6103
45.0725
10.3649
16.5436
39.168
54.4874
54.7257
10.3327
57.5798
13.8006
3.23831
27.6154
69.0701
82.2251
69.7957
34.8092
16.8681
25.2728
22.5625
89.2982
47.2596
28.3205
6.04543
83.5469
92.9626
63.8802
94.4666
17.2982
90.1297
83.786
39.8864
22.4364
92.7605
17.1914
92.1843
81.501
76.1162
1.48076
8.73509
95.6492
98.4158
57.0872
40.8017
93.1839
94.0104
74.3277
87.5391
54.1457
11.5217
28.0573
32.9414
74.7884
67.2423
65.7414
51.4724
14.7014
25.8965
4.31725
66.5311
43.1774
43.3302
45.2038
97.8741
34.0894
10.1377
74.1045
45.7877
28.5345
55.7624
66.6724
14.3426
79.6026
88.7943
58.7263
83.2194
16.702
9.13931
24.861
30.7486
41.7817
72.0869
57.6295
95.8764
40.2559
0.795461
50.6832
93.546
99.8171
39.3273
41.2067
92.0059
44.6751
34.7074
94.2806
64.2617
21.8212
29.4777
32.602
4.66995
55.3514
59.5183
88.737
8.44542
74.5772
7.58159
5.1428
59.38
94.0942
33.9057
18.2624
14.173
25.6049
0.0315227
59.9305
9.98815
40.6188
59.2773
77.6587
75.5001
50.4241
17.0129
63.4758
78.4433
55.8899
89.3458
81.2229
4.08636
83.2003
50.6048
33.6835
2.53385
21.1393
63.2924
71.3613
11.8114
72.7023
17.211
22.4974
25.1747
16.5588
5.33296
89.6632
33.9488
65.4816
20.7631
9.05728
45.2423
76.8729
20.6738
73.2868
25.4818
18.9634
3.13309
5.81781
76.6188
58.5195
57.6005
74.2884
59.492
53.9279
11.2514
5.54182
59.6981
19.4076
79.5293
6.24825
21.2665
96.7104
21.6429
78.0526
96.3028
54.5505
53.2362
67.5059
72.0195
8.47112
16.4444
84.903
8.76838
36.0488
66.2795
26.9162
64.2431
84.609
56.0029
34.1952
51.5951
54.4489
27.9323
99.1917
44.5579
32.3933
49.6863
85.2322
95.6094
75.9271
32.1915
42.6189
42.0466
56.1018
18.5469
87.5593
57.2407
58.1092
95.3734
21.6681
66.49
14.8456
32.1668
70.8898
82.1758
59.0496
52.0101
61.622
3.34274
8.17064
3.87271
16.0791
90.5344
29.4337
1.12935
56.6983
75.7238
49.5072
79.5201
27.7396
27.8271
56.1646
4.30001
97.7499
81.1434
81.495
64.5814
21.277
29.7748
55.3177
11.3817
3.86923
93.1577
62.6393
69.0619
10.2738
70.8583
83.1957
47.5476
50.2826
58.2138
79.8299
36.3654
27.0353
19.4676
26.8435
3.38862
42.7605
98.917
79.3918
9.10161
24.7046
17.1907
35.5098
13.4629
11.2421
73.9828
11.6637
54.3964
91.9129
19.8307
80.4326
60.6881
3.56598
56.7411
38.0482
54.3439
38.5407
65.6944
52.1317
33.2525
59.1793
2.27998
39.441
10.6761
26.5419
59.0085
9.19014
27.3118
80.5725
4.97557
14.1032
85.9901
45.5391
38.3939
48.6418
81.3879
33.4449
13.2281
2.21121
38.9652
1.57622
67.6064
96.9991
40.5511
77.3798
66.2799
73.7001
95.1735
17.3201
84.174
4.5402
10.3016
55.964
54.5959
58.7649
18.4402
45.8603
22.7417
52.1792
90.38
44.7005
18.3583
30.8004
4.06098
71.4583
45.1284
51.3401
74.7651
31.1972
41.3194
38.4062
10.4472
16.4598
13.6031
55.3715
3.50868
58.2153
33.5482
96.2606
72.2282
62.4834
72.6426
84.2442
23.5482
50.7897
5.70795
38.8993
79.0287
30.9921
85.0466
42.9853
74.7347
32.1605
69.6215
76.0519
2.83806
55.8377
42.3179
37.683
54.5968
97.0652
94.8384
73.0765
11.5621
16.4654
89.683
98.4245
53.5198
28.9641
13.6799
51.6798
80.5213
55.1303
69.5247
43.497
20.3593
58.2494
68.2725
10.7236
83.4565
33.0047
57.1407
16.6234
92.8694
90.5485
21.5918
41.674
77.6121
91.3543
74.0378
84.1483
47.0877
19.2494
41.2277
32.6828
12.1492
38.4585
60.7155
33.4755
42.4653
31.5484
78.0352
80.0318
0.666447
55.1346
57.0973
11.0644
18.4349
38.7208
65.8967
20.2698
61.8133
94.9704
48.2629
93.5422
85.2981
49.1655
9.18158
68.507
20.5458
77.0561
32.2499
78.7445
19.2433
95.6279
83.2383
82.704
83.6985
7.72253
69.7999
62.8893
22.2549
10.2816
55.3273
6.7029
37.6091
81.3132
80.9262
44.7299
64.4612
59.2124
33.4161
42.6547
92.1661
67.6329
80.5452
28.3271
13.69
55.7787
23.8941
71.2945
54.4255
76.7852
89.5596
82.121
65.0855
76.2508
13.5598
62.1462
3.76214
77.3452
91.1252
42.9677
5.42052
7.50193
5.69451
84.7459
62.7454
45.9439
82.9509
65.3186
44.0307
9.37236
35.7539
28.5412
57.3579
40.3113
97.8343
17.9745
0.339219
76.2867
92.5774
82.7028
26.072
15.4573
20.5112
29.0505
87.6375
24.8828
20.7041
62.9161
52.3744
40.4356
60.4568
57.7507
58.4159
13.6735
84.6925
17.6971
57.9678
86.5176
6.10024
20.3435
97.4356
74.5781
62.4226
50.4023
54.7865
84.4349
79.7465
99.6354
12.7818
67.0471
5.11925
80.383
39.1513
7.47751
11.9937
10.1285
67.4342
23.2474
84.3714
85.8995
50.6357
54.147
7.14999
16.3675
0.277593
91.3224
67.7269
59.1958
17.5365
25.0349
71.4598
48.94
69.749
28.0665
45.3747
29.5582
33.6333
53.1505
71.914
4.05358
28.984
90.5934
55.0328
4.9394
87.1791
74.051
95.8399
36.6792
74.1022
49.5568
40.661
54.4134
24.1192
41.1795
78.1615
70.6737
33.4507
43.3292
28.1212
55.9569
36.2841
78.5092
67.3149
65.9762
26.3545
16.8507
75.5298
85.9548
19.9522
86.6497
39.5071
10.6345
50.7592
26.6153
2.9254
24.9578
17.7627
70.3287
27.7083
93.7411
35.5626
41.4272
2.48828
49.2661
20.6862
17.0071
24.5806
90.6812
42.7384
75.887
34.0428
10.3588
72.1787
36.6732
25.5266
35.2416
90.6285
16.1183
63.6917
41.8066
63.3648
11.4725
8.9635
89.1664
48.4898
46.1403
77.8376
4.87597
82.2815
87.5513
70.0458
59.4773
14.3811
92.7017
84.9743
9.5043
10.331
2.8047
94.976
10.5068
56.745
32.8837
97.9079
35.328
4.45031
97.7144
23.2393
8.63367
92.0059
39.0755
22.3269
15.4294
59.95
92.6463
58.9181
45.6893
50.681
39.4651
33.587
5.36214
93.0146
63.1276
68.2111
29.2494
83.5402
98.4125
5.21663
17.589
91.6115
20.0482
53.307
6.0458
96.7956
12.2093
32.9966
82.6592
19.5975
28.102
35.0425
27.5488
41.8537
87.6308
45.7074
14.4046
4.55688
1.43059
95.2929
40.6026
16.7561
72.4311
98.419
79.1397
73.5433
63.2798
91.0089
55.1405
68.6993
94.5262
2.79329
64.195
91.8319
79.4185
75.5357
10.3353
53.3932
68.5576
43.9121
15.6987
96.5574
28.1851
57.947
40.51
42.5916
6.12777
7.92337
78.8881
71.0358
71.2877
2.77134
23.7518
36.0069
13.2105
79.878
79.7399
12.4654
10.2081
6.14747
25.7686
88.5233
50.8491
42.5677
77.6492
13.5339
82.8185
3.45784
75.1826
71.1327
54.1307
85.3133
70.0549
10.1951
42.654
81.7559
48.9698
78.0421
31.5389
46.9485
81.8544
16.362
27.8055
49.4814
78.6853
88.5068
80.5114
31.8076
1.09572
57.4024
39.3611
74.5581
34.294
92.4783
58.4177
53.4753
78.9682
2.84477
35.4675
66.4202
6.18454
49.8308
27.5017
10.4567
66.3059
71.805
5.21509
89.2375
6.75317
10.4326
90.0072
47.7262
91.6268
88.5989
22.7041
4.20718
60.3556
26.6106
52.594
43.9593
61.5573
42.6316
33.2841
55.7887
33.529
93.0084
83.5809
78.5722
49.4738
54.6104
57.4251
76.3374
4.21656
54.6307
81.681
26.3052
20.4852
14.8078
22.4987
14.8531
67.6092
69.2484
98.2209
24.7641
13.0623
10.3996
94.5116
67.6201
74.7373
28.3926
80.8518
19.7417
61.7995
65.2801
56.0604
18.7278
31.2569
69.3158
76.257
81.1166
23.0587
72.1489
20.2174
49.478
77.0544
63.3125
73.3418
58.7421
96.0754
31.3222
61.8305
65.2199
49.4972
75.636
5.26171
96.6348
85.916
31.2475
98.4787
97.4112
57.6838
44.2147
7.65509
9.95397
91.0403
62.8173
57.1855
82.6887
37.3317
9.50852
89.6286
25.07
45.4743
49.5493
59.4884
40.4241
78.1745
11.8633
31.2729
96.5143
64.1099
11.2704
34.3122
58.3882
91.4752
62.4804
21.6889
89.5297
48.6595
58.236
17.3095
73.6301
62.932
84.3611
90.2521
51.3247
73.6436
92.2249
87.9109
58.6484
42.1374
31.107
14.1482
84.449
31.4146
50.8008
25.6682
91.6995
3.81434
28.2659
26.6326
64.195
64.1498
2.8413
26.6195
1.06726
70.7652
52.1191
12.4962
70.7967
93.0166
20.4809
78.6911
96.4529
44.8704
83.4137
2.65102
13.6079
48.9215
44.4231
35.2159
37.546
80.8033
54.5476
61.6903
12.0262
87.5437
3.68536
62.5395
60.3476
59.3125
17.7111
6.00387
63.1161
40.5267
52.0107
46.4498
14.1073
18.4254
29.7668
10.6899
34.9878
74.4196
85.6328
38.2353
59.5672
76.9622
4.03418
75.9983
17.1788
47.5359
99.0751
79.8048
3.39428
61.5357
48.0317
51.8328
28.9129
32.8563
75.2857
67.9815
67.3933
63.7223
40.7578
86.5452
3.37787
65.4817
90.5992
30.0907
82.5606
29.1613
90.8572
78.2854
9.41374
75.6965
16.7119
53.1425
61.4728
12.1726
80.3187
72.6122
6.32039
7.72432
30.1787
78.0402
85.4337
21.962
11.3519
44.2401
96.3157
96.7384
65.3634
7.08451
7.98321
0.908436
63.2234
28.9114
29.7355
10.0894
36.8468
4.29776
18.6408
8.25586
44.6994
95.5316
40.6474
25.6276
53.6582
83.718
66.4592
37.5963
37.731
9.8512
60.4009
19.6945
70.9395
62.3703
54.2617
44.3731
55.4682
99.3975
51.3178
22.9077
60.8012
70.4063
0.217373
20.7353
77.6585
5.54579
49.0454
74.7473
79.0066
36.8282
21.125
51.1179
25.7926
49.7668
30.1574
9.82073
14.6712
50.6898
53.9568
90.4914
37.4475
39.4185
15.4736
85.6048
88.0609
59.7884
17.3059
41.2107
74.9173
22.749
66.4828
29.881
20.3306
98.6281
53.7437
4.82283
28.9209
11.1332
25.6161
56.5044
43.0823
23.4893
80.9849
6.87913
52.698
76.0655
78.2047
88.1414
96.5558
88.5305
75.4238
46.6344
34.3685
34.9578
94.384
31.8857
72.4089
32.3799
65.0413
11.5061
80.601
63.7699
