75
75
68.2024
51.2863
29.9082
75.8159
83.593
78.1779
80.1313
92.4316
27.4785
99.2257
83.1866
2.35414
91.142
38.5941
1.93929
8.54991
2.26865
33.962
14.3543
45.3419
68.0643
82.4518
94.8201
71.1984
5.11241
31.6915
86.655
48.1799
17.7943
10.0898
18.2505
91.158
0.897979
83.816
48.6343
16.3575
15.976
50.7074
70.8593
51.6098
8.59946
79.6005
93.0159
75.8237
40.754
27.6971
24.8628
67.5142
33.878
24.016
96.8667
96.3476
39.6486
75.432
9.86042
50.2242
59.9812
69.8066
31.6073
99.7702
32.0186
64.6537
6.38824
68.8229
50.6801
34.4769
4.87664
29.6941
18.9529
56.8488
64.1989
34.6786
12.6493
99.6774
30.1128
7.21371
51.383
71.6935
51.3293
22.1716
23.3265
4.74761
14.6044
48.6657
47.3766
77.6216
54.3831
41.5899
81.3355
66.5424
21.0945
13.6945
4.74002
57.7692
98.3185
49.4312
79.5016
35.9417
89.087
44.5196
91.8038
97.6918
60.645
37.6283
80.9825
46.2531
30.5561
81.7823
96.574
76.8525
12.862
21.5504
46.2369
38.5068
17.8412
23.6642
44.2432
45.9791
59.093
41.2045
1.36422
47.85
65.5408
96.4555
46.1143
99.5921
50.4329
12.6881
31.3271
80.4592
82.7643
4.35368
72.7107
33.5119
19.497
93.4952
68.2327
35.4713
86.1197
88.6001
40.6876
19.0105
96.5699
29.3256
32.5406
26.4998
1.3019
41.9782
28.082
52.1359
63.0891
10.2189
98.2658
63.4809
12.9233
35.5514
89.3812
99.9545
94.8257
76.4462
28.869
77.3693
95.0364
64.4831
62.3503
38.0933
66.0978
69.6405
61.8574
33.9944
30.055
51.8
41.4352
70.4375
51.6308
63.3155
12.0838
8.44232
81.6954
12.6149
58.795
25.2242
64.9078
15.3205
7.27752
35.4329
86.8991
45.2937
35.6186
26.6767
32.9075
81.2568
96.6652
53.4811
22.5297
12.4294
25.7678
64.293
50.9202
53.7817
51.5686
18.9015
6.48465
70.6513
1.48008
13.7333
45.7173
96.6068
60.9407
5.99076
41.7444
40.1332
44.8619
66.1509
28.7735
17.8057
26.2266
53.621
73.1698
49.5197
43.6763
14.1424
72.4734
38.4616
24.4131
49.4309
70.4956
7.76023
55.6076
11.367
75.5557
58.2888
21.364
79.1892
16.4234
87.8005
5.70412
50.3194
40.8122
14.2604
60.763
26.5699
38.118
3.04535
48.8063
5.11341
46.3017
11.7255
50.6171
36.2884
97.7542
85.2638
62.5582
15.4751
61.6897
84.5054
20.5958
2.4432
17.0605
22.4276
63.7014
92.9518
86.7862
24.5789
76.5645
63.2906
33.7618
97.2906
87.5377
88.6809
24.1997
45.7053
75.1312
25.2518
52.8364
91.9473
36.4145
6.30199
35.7447
45.9546
42.6837
75.2103
93.6661
32.6325
21.7524
97.033
88.8482
58.6247
6.27503
34.4294
58.8836
61.455
28.525
4.36214
79.6838
90.3591
89.9197
58.3969
72.9809
39.3525
2.91723
81.4909
21.7509
94.0891
98.1517
54.0221
73.4085
85.6235
44.0686
31.656
68.8714
42.4426
84.4093
39.8456
62.9949
37.3911
36.9225
93.8875
50.7368
74.9616
53.8608
61.8908
0.179822
98.8892
65.2159
68.7311
61.1077
43.8692
30.984
12.1069
70.4826
51.581
38.3749
63.7821
97.1856
49.2647
89.6038
99.1825
42.0409
22.1774
13.7061
25.1994
61.1219
27.3824
13.5056
19.1792
16.0208
5.7013
54.8525
25.3356
5.7676
45.6776
44.2046
16.9959
55.4123
27.7678
63.3671
47.4419
30.2464
41.9258
45.5748
72.724
46.5868
34.0749
59.8877
58.7656
55.487
24.0272
53.1553
18.157
49.0566
36.6811
33.6385
51.8892
40.3376
8.32563
0.597587
34.0969
54.0544
6.41464
81.645
12.1826
47.7631
4.07061
27.3775
99.1723
4.12037
32.2849
73.2049
68.2575
30.6873
95.2351
27.0273
75.6807
74.2655
40.3647
48.8039
95.2897
12.7465
30.9316
44.5758
75.4631
88.5992
70.2169
32.7114
91.0159
73.8517
69.5943
55.442
0.0812465
12.8264
79.4928
11.2994
58.3557
19.5954
78.9216
95.7661
95.0703
8.15128
52.3095
6.41038
20.8304
86.107
50.9813
23.4216
80.9461
41.0433
23.4979
14.5509
49.1762
89.2441
12.3595
95.1044
62.1523
23.0986
89.1102
60.1685
38.2946
37.7678
13.8077
50.4529
75.3738
63.8973
70.0925
38.6765
60.2962
96.0405
2.78035
14.5463
5.76663
21.5888
77.2876
9.19839
29.9204
81.3398
93.1257
66.7969
20.6079
0.484259
93.2752
2.53107
62.6488
44.2842
36.5458
20.6037
83.0838
88.1054
5.56528
84.0683
35.7688
89.0587
63.7215
97.0237
4.85587
57.3397
78.5744
27.1457
57.3033
26.5094
46.4412
39.5395
89.9869
95.8746
38.2949
19.3393
31.1582
58.2021
11.2113
85.0472
56.104
84.6976
42.694
49.1803
4.02124
28.2884
23.6627
92.3376
85.568
57.4216
88.1312
58.1314
55.9668
12.0776
22.7941
53.1012
84.5738
77.1232
62.2607
68.0336
99.2354
63.558
35.7131
20.7887
86.6023
25.0088
35.2304
42.2499
34.7405
10.3799
21.5714
86.9313
40.7848
85.4554
44.1704
44.5105
51.0728
3.69323
2.43458
82.834
77.8183
75.3909
7.17177
81.3736
34.4687
45.5242
3.3069
5.48995
66.9609
28.503
63.9545
9.35425
66.316
60.4954
71.2976
35.3476
90.2344
43.7557
96.5872
27.9963
52.8794
16.8607
15.8061
87.9119
20.7557
71.3729
96.1066
36.0745
10.6025
49.2118
47.4607
43.7394
22.1666
49.9956
60.3133
41.8889
4.05634
83.3727
13.8299
22.5407
37.525
97.7679
12.5113
98.8317
19.3845
11.0407
70.007
31.3641
14.856
12.3364
10.931
65.6536
78.5014
36.5807
61.0422
29.2045
27.937
44.8455
64.1419
89.1704
72.4575
49.567
36.0162
41.0425
60.971
80.1125
47.0414
58.7304
44.6903
1.82041
44.3467
36.0325
73.5224
6.48226
1.67799
51.089
43.5434
0.629834
28.9946
35.7459
24.5911
21.6474
86.6665
50.6867
66.0413
18.242
17.232
28.6102
86.6054
61.1268
70.5049
69.1937
5.84481
9.14648
9.39628
14.1061
92.0808
49.0273
99.6716
49.6102
72.6392
66.5973
50.8586
14.0297
71.5599
34.9757
21.1664
80.6436
24.4754
20.8718
44.5224
11.6217
34.0744
41.6635
90.9798
85.0284
7.76473
80.4092
2.91653
76.9436
49.4807
49.1297
55.4507
17.4049
86.0319
34.4693
37.0468
86.5939
39.2955
18.1178
10.153
42.6842
79.7492
74.2785
58.4381
29.154
69.7174
95.9934
20.9729
74.3223
71.081
77.524
14.2445
88.5288
66.6006
63.0706
14.6431
91.4292
76.5873
4.83501
87.9204
69.3274
63.969
8.59172
19.4493
96.1288
62.5158
9.32813
22.6395
53.7473
32.3758
80.6596
31.2624
68.0741
10.3671
44.9083
7.06971
78.4135
38.5256
34.4108
23.0824
97.4748
29.376
26.0245
18.1088
66.533
35.5644
47.5723
43.0538
30.4791
44.1835
54.0512
17.3396
74.2973
32.478
78.9746
15.7439
35.4368
6.64983
4.55646
78.4075
71.9521
85.9252
5.45361
47.8724
4.60774
5.86606
65.4319
98.422
37.9352
34.5171
28.9677
68.6292
82.9918
48.9736
73.7233
69.8537
9.12457
31.3064
11.7553
60.8012
24.2113
24.6341
28.6036
62.7254
31.5287
54.1458
25.8993
20.6503
73.1569
63.5344
95.3739
85.9901
84.6172
25.8311
94.1911
13.4757
40.9547
12.0108
43.4477
34.424
83.9447
71.1929
33.7448
86.4809
35.3403
30.3011
45.6945
54.6989
5.93809
90.8304
13.515
91.0985
94.9058
51.9414
23.7494
65.6775
22.1488
39.7683
34.2892
85.8623
55.2171
69.6657
78.1519
28.2316
77.9538
4.83778
64.7448
59.8501
71.8741
58.1816
95.8173
83.035
32.1187
81.3257
92.0738
64.5484
91.8129
41.6203
29.7747
37.6974
32.2641
85.8194
91.4756
92.5242
60.1034
15.107
72.5199
42.2461
74.5093
12.5518
57.0564
83.7643
61.0282
5.45599
48.6776
48.4703
63.7534
4.49048
5.12841
12.0658
50.2181
1.83566
20.6811
15.1353
25.9731
66.5307
96.5148
81.1472
47.5267
28.4282
74.1615
21.37
37.9685
19.6739
71.109
91.1574
62.7976
70.4704
16.7554
92.1349
91.9701
67.8228
45.9571
39.9318
29.3901
27.0374
99.2299
51.2459
81.1563
54.5284
46.4764
25.8334
97.4582
51.8119
55.7313
81.3744
16.8499
83.0029
56.8977
59.3571
28.2587
66.533
87.6047
19.7124
5.23722
31.2227
31.2408
84.4552
54.5825
44.7237
50.3566
86.5282
60.1245
73.3093
96.0354
76.8717
42.972
64.7579
78.1415
41.7119
84.0515
4.50151
96.2987
33.0658
40.1268
85.0451
90.4892
91.8508
83.618
22.788
9.32742
25.6205
57.9944
72.3432
0.393205
84.8128
40.003
58.22
60.788
94.592
11.0447
83.4633
37.6082
24.1572
95.2533
95.9199
98.3856
31.0218
13.2843
81.7572
5.79275
7.59189
66.5367
43.4921
98.1938
34.0652
44.6752
51.9325
58.8117
29.5453
70.1838
88.4694
97.1353
14.6584
62.0861
33.2266
80.8756
49.2929
58.1346
78.7252
59.5978
75.8479
5.4603
66.7042
65.1204
8.87112
7.07279
1.43086
16.6026
55.1373
23.8104
18.3417
44.0699
32.6374
67.6125
32.1335
32.4872
33.8157
84.7994
80.8167
41.4742
70.6421
74.7777
23.2656
21.0125
33.3094
94.2095
31.5905
87.7522
83.0606
23.5674
74.0451
76.43
13.5985
9.16563
53.5517
62.5436
25.6345
64.2191
66.5778
75.0598
23.5808
0.293602
80.8944
78.3881
62.2236
38.6712
2.96594
33.5326
60.6812
52.9181
35.0932
65.8329
68.4911
1.06878
90.2161
51.4353
48.0668
97.5478
60.7409
26.3427
17.8506
22.352
74.6925
79.5316
48.3315
87.4861
5.31108
11.5609
51.5803
0.805404
34.7206
72.355
84.8831
95.5209
20.0093
8.21289
32.6595
33.3466
61.5496
30.7688
32.4517
98.7695
91.5659
31.2609
80.7837
55.0278
63.5245
80.6383
67.8217
11.9416
54.2734
64.401
66.3918
24.8309
86.3858
44.4273
6.48385
58.6262
2.39197
17.3765
10.1928
16.59
4.32923
19.7804
68.6365
47.1679
21.4547
77.9807
30.0591
21.901
45.1642
36.9387
97.8807
82.3641
78.9573
65.9387
48.3194
84.3612
4.09272
56.0656
63.8417
14.8407
25.2781
55.297
11.8423
26.5709
55.4739
75.7688
55.0871
71.1507
43.0356
21.4671
41.3323
96.0862
92.4619
81.9643
74.1984
54.4943
71.9546
34.3854
66.0383
97.8108
84.3045
39.715
79.9799
23.774
77.0377
24.9567
38.4731
52.2702
1.30476
12.4658
85.5329
39.8201
77.3104
25.743
45.0924
5.23758
49.2087
95.22
26.3098
75.7948
9.61273
19.8559
49.5121
30.8247
86.5673
97.8626
58.0235
33.0949
73.8941
29.5994
37.8008
50.5556
84.0329
59.8838
19.9133
79.2042
38.5138
91.2987
77.4459
22.6214
92.8442
82.0258
46.403
13.2811
95.6126
86.2709
94.6597
62.6466
58.9095
78.6336
95.0196
38.3333
49.3331
12.6559
0.63333
55.4085
21.8358
43.8127
3.08524
74.3578
49.2584
9.36967
16.7482
79.4239
72.6205
51.1711
37.6299
85.7838
96.5655
8.24742
75.8928
12.3415
19.2443
37.2018
20.3649
86.9538
71.579
71.9913
66.1607
60.3188
37.2473
34.1175
67.7515
77.4263
99.4079
79.8583
91.8085
41.507
73.16
97.909
21.4145
75.6173
72.6094
33.2537
48.034
79.0051
66.3403
65.7975
14.9711
26.6287
18.9206
40.7717
96.9294
10.5312
50.8466
47.4447
62.4666
51.9381
0.0209188
67.2247
70.3262
3.67819
76.2434
69.0749
47.2941
37.6741
27.4658
23.4637
35.1553
25.0812
58.5362
96.2373
20.6862
63.9057
20.402
51.2149
55.7323
76.295
15.4653
22.4729
15.0907
52.2385
84.4859
3.76999
83.4415
2.35838
43.4111
97.6406
13.4263
83.196
52.8649
11.8849
73.1396
16.6847
96.9982
98.9659
12.2971
28.9103
63.4405
5.44865
12.225
18.8873
45.1641
56.8587
30.9862
97.6222
50.6171
54.5939
33.5354
59.0868
71.0481
76.7446
66.2969
69.3649
73.8856
37.0572
87.9367
61.1545
1.99977
6.32707
68.7635
51.7529
51.954
90.8209
81.5095
36.778
37.1478
53.4214
95.6642
34.7599
80.5729
88.392
14.4158
40.0098
45.8487
73.7562
71.5961
50.6755
91.3906
25.9928
33.2816
69.1067
50.9497
12.812
35.9746
36.9988
92.0377
16.5791
16.9305
40.2871
97.2961
12.8679
43.7171
87.5158
66.3804
44.5762
21.5517
4.51488
49.1741
44.6898
12.4223
80.8374
6.94547
92.3908
48.903
5.57073
29.1025
43.0769
5.81246
46.0445
12.5511
85.5201
80.5333
33.6664
3.23047
99.0964
88.4604
11.0383
47.6639
5.99566
14.2524
59.7957
75.43
81.3015
49.1306
88.245
67.6182
53.6348
24.3769
91.8372
88.694
69.0262
34.9926
17.4488
96.1804
43.103
7.37887
34.6566
82.1621
26.6482
54.1564
95.0596
19.691
88.7589
4.93686
36.4474
10.7287
40.896
25.2747
83.9283
90.93
14.9188
16.8301
2.18129
14.3402
63.7783
9.95403
15.0536
28.6584
95.5342
36.3959
61.948
46.7591
37.4802
29.8874
22.535
72.3252
38.9772
47.2092
16.9488
28.4971
43.4838
96.599
56.2458
18.7311
19.8031
6.44484
94.6078
8.01087
43.2451
67.9265
89.2782
37.7545
95.4832
39.2876
95.5723
7.65101
99.5933
92.675
90.6661
46.1171
22.7595
18.8812
16.9226
45.7572
3.62685
50.5042
70.1155
70.5582
16.0547
70.8394
8.06373
0.593151
31.9587
79.7078
97.621
11.2739
13.7508
88.7723
98.1429
36.6754
50.4148
13.6981
61.074
8.75547
17.7501
18.3508
96.2477
81.966
22.9764
50.1211
34.3115
94.7141
36.2877
49.8758
66.5023
67.1833
27.6519
26.2326
8.55248
90.3704
84.5246
84.6275
76.946
31.8204
75.3707
39.4599
47.8736
11.0729
15.6541
96.768
95.2446
87.5828
23.5861
94.5212
42.1988
20.1923
30.3506
70.3115
69.5844
59.6541
10.1167
53.5947
34.7875
93.5156
94.0222
70.1077
37.2342
63.2913
92.332
83.4982
46.8962
53.57
68.3928
74.8201
89.8753
14.7575
43.2731
80.3669
13.3536
33.1515
88.7791
39.9532
91.8862
87.9899
23.1184
20.1128
88.2744
88.3464
6.74866
54.5848
66.7159
54.771
47.6151
4.76966
91.6806
2.96036
25.79
2.81965
40.796
6.4743
71.1035
79.4853
39.1222
26.7367
71.0524
49.4307
86.6838
44.735
34.376
55.5008
1.51067
22.6703
9.92757
42.8752
6.83008
51.9401
24.2166
7.38461
20.6086
19.0527
70.412
95.6241
81.3109
97.8859
95.9182
80.3806
92.0945
30.6264
45.985
3.6865
90.6732
65.1025
24.7312
94.9972
29.5888
43.1856
74.9879
39.7323
30.1474
4.50705
55.6666
6.16546
77.4604
27.5932
83.7429
31.9441
99.4757
32.1692
19.3049
66.9671
71.2023
91.2826
60.8186
96.416
28.1416
1.39449
63.4687
15.6351
18.2215
29.9419
58.0721
64.5094
97.8676
14.7383
15.3754
0.30832
77.2172
37.5652
26.869
51.7184
60.7737
28.3197
52.9698
6.135
6.48375
58.0639
90.4418
39.1349
9.6717
80.5657
92.8824
56.121
14.4076
34.0612
64.8499
30.2826
67.6301
6.43967
7.14025
41.2821
72.7234
44.0527
89.5579
83.986
76.3391
75.4279
86.6701
19.3913
26.124
15.8074
35.0294
82.5461
36.5541
57.0502
51.183
15.8049
65.6459
33.4229
22.4304
46.2824
52.1718
55.795
81.1532
84.1146
44.0774
93.9508
4.23785
2.1913
71.6229
55.9682
18.5193
60.0369
60.0023
54.3408
3.87382
66.2447
10.1848
30.9156
90.8718
19.8314
43.3605
28.3794
39.7489
75.9964
42.0908
30.9466
8.55723
47.1704
39.7789
32.0083
86.686
23.799
48.1881
28.1583
2.93912
7.37341
64.5162
94.9955
25.9012
56.4191
38.806
92.2655
76.8937
27.5814
37.5969
72.2919
7.59212
45.6935
54.7539
69.9464
6.20827
99.5454
42.5511
49.0533
30.312
86.6171
71.4724
46.7994
7.30711
43.2477
0.607851
36.3059
55.4415
75.9695
75.9504
69.9058
7.3496
65.9507
0.601734
36.6078
58.6317
88.664
88.7399
97.67
26.0017
45.2542
89.7346
84.3904
21.468
5.42888
75.255
81.6215
95.0615
45.2758
22.1769
34.0657
97.272
56.2037
75.3162
44.6915
38.0801
60.3484
73.9761
80.565
35.3403
40.991
88.1944
53.7479
70.9498
27.9325
55.4363
93.8872
38.6608
86.9625
43.3312
9.6393
83.8105
5.57986
84.0516
10.5115
48.8265
46.9551
9.44889
58.2811
81.1818
81.5506
89.9129
80.5689
28.0917
74.2693
2.50378
89.593
52.1365
45.5388
97.0049
39.7706
26.5466
48.3537
44.8258
45.2129
12.6342
1.58928
87.6475
46.3277
68.0696
70.6423
34.2493
8.1364
57.7971
13.866
58.5201
60.0945
1.49896
54.2523
36.7061
16.7159
0.0196651
34.887
18.5788
75.0316
46.2024
2.65555
84.2322
69.3205
70.4262
48.9837
49.985
27.5955
14.0796
95.0968
86.907
65.4779
1.91134
94.838
83.2065
0.687155
51.6442
7.81374
23.7618
55.2234
33.4864
49.0976
95.3216
93.5902
80.218
66.6236
10.0154
59.0414
93.2884
96.5811
1.41078
41.489
65.5807
63.6266
30.5293
88.1918
82.811
49.6582
45.8582
40.9517
98.0177
68.7687
5.96823
84.8473
93.6536
11.5676
78.8841
16.5266
82.6714
96.0686
46.7572
66.7973
79.3312
61.1901
63.6503
8.10185
47.208
46.4328
36.3417
69.9978
5.192
21.056
64.9391
63.3837
77.6172
40.9923
50.0676
2.2796
98.2251
32.6648
68.7196
32.2929
27.7424
52.2527
49.3042
47.0349
93.5851
1.38199
57.8778
23.9083
88.1935
5.83742
99.7736
93.3588
62.6459
29.0147
36.3442
28.2426
75.1103
57.2477
6.89057
3.24183
86.7141
22.8084
43.1642
39.1957
88.9844
24.5379
69.2199
89.4869
98.7522
84.7386
49.9532
36.3246
35.7878
86.9008
58.8581
96.1986
80.7742
26.9763
41.2375
46.5402
40.3984
70.4035
20.4957
59.5586
73.1139
53.4459
20.6286
21.9496
99.2019
43.6733
12.8121
58.9824
42.9195
88.7869
91.1592
81.5884
4.50971
78.2878
20.3456
9.0074
79.9458
93.7912
96.9077
90.0611
7.5545
83.9427
42.1332
74.2175
23.8863
77.8925
93.6321
44.4076
0.752323
50.3907
37.2445
34.4462
74.8699
82.7748
83.2922
51.5845
65.5419
72.5432
54.0459
55.8298
70.2558
21.3496
22.1458
75.4976
45.1031
95.364
17.1078
50.6926
73.2609
16.8515
49.2693
54.5472
48.4265
92.1004
28.0084
70.6901
15.2272
44.0409
96.0927
31.9268
30.5957
64.0476
36.6938
53.292
77.0202
90.1621
79.9504
27.5457
39.086
11.892
52.9745
8.4765
46.4762
59.7323
87.8735
95.745
90.0112
70.1893
5.07953
59.9478
34.0744
27.8676
57.8386
34.8494
47.4181
91.509
34.6059
76.6901
12.5721
40.3594
55.5253
3.16785
49.1482
25.0919
53.6996
12.5671
44.4484
78.7509
95.8297
49.1067
70.3843
36.166
64.7045
50.1173
1.35772
60.3555
23.1849
16.0644
77.745
25.6335
14.5394
47.5381
53.0889
54.0148
75.0948
92.7776
73.4497
34.1139
33.2183
11.5358
49.0449
12.0866
35.6745
56.9609
86.3112
6.22926
80.7302
37.0604
95.1693
5.68174
4.95605
86.9583
26.0952
53.1027
64.8327
25.1287
29.0649
8.13109
56.7866
93.2054
72.3306
13.117
40.5276
21.1992
80.6127
83.1589
79.992
26.2269
60.4767
91.8646
4.15268
38.3886
85.9142
93.1163
52.8162
43.6544
68.6785
16.3528
23.8813
82.4607
24.4848
63.5402
56.2391
5.1614
74.5274
53.6735
69.0002
48.5949
38.3451
25.5625
20.9978
51.6475
55.911
96.4933
56.8143
44.3344
59.0287
31.9028
49.5297
7.06278
84.4607
8.53158
72.1669
37.4602
10.4833
4.10678
31.213
73.8628
30.0585
25.7536
74.929
68.8897
35.7575
83.6793
49.5043
73.4233
4.46549
31.3881
44.7643
79.1079
21.1346
81.7929
70.943
99.6497
56.1187
18.4635
60.4896
43.2974
56.0816
41.9595
73.3206
94.3584
86.6845
83.2567
44.3964
97.9026
48.5478
91.4275
15.4369
56.5636
38.1776
69.2348
28.1875
15.4334
28.4811
43.4008
17.4886
67.5498
1.60114
52.9767
37.4746
66.6113
31.1904
68.4132
63.8927
76.2168
13.1983
84.0462
65.6039
97.4655
58.0336
0.596643
15.9067
64.9543
70.545
93.148
50.7224
40.0443
12.2198
30.3431
37.1584
2.0041
11.9291
19.2496
21.3004
70.283
20.906
42.1391
41.9842
67.6785
73.5683
62.1866
17.9342
73.618
98.3129
38.4775
72.4566
68.6365
98.1591
85.9465
38.6764
64.6199
92.0478
70.4892
3.01286
33.7854
87.7575
39.0869
43.2001
84.1204
73.3029
31.5412
76.929
5.75113
77.816
76.354
69.3446
20.6873
44.3173
40.7325
32.0071
66.5442
18.2868
9.52285
73.4826
35.9219
64.4509
97.1941
83.7461
19.8471
34.6789
99.7133
38.8487
54.9587
14.2869
80.2311
87.0356
43.7954
11.2802
98.9623
30.1093
25.7406
22.2325
69.9357
40.5717
34.7022
2.41584
92.8234
94.6102
24.7123
42.6434
40.4651
62.5831
62.4906
67.2758
24.1129
1.15829
73.8565
25.0672
92.1254
74.5382
63.7866
8.82396
75.6976
1.15306
81.7486
20.8072
44.2503
25.7434
50.7553
26.678
6.99306
55.5189
44.0644
45.7624
79.5667
89.7323
41.0445
39.4762
9.23075
9.56623
26.0445
62.1452
45.4375
69.7923
86.7753
71.9196
32.5865
31.5992
9.59703
69.2063
36.1966
25.7994
83.5965
95.4045
74.9791
11.3968
88.8127
8.18326
92.6191
74.087
94.3279
33.7692
25.1834
12.9139
92.629
13.2678
55.8447
43.7114
94.7697
92.144
54.9148
39.607
44.587
70.4588
80.8191
44.1116
82.7762
57.6661
55.6181
86.2371
66.5877
46.3658
39.3752
8.88257
86.8888
64.3293
43.709
30.6555
43.2834
56.3473
17.8461
41.5466
39.3859
54.9917
17.4024
71.7104
80.5586
41.7722
55.8015
69.1173
76.4391
39.6615
29.0649
50.1232
9.70655
43.6047
43.4944
71.001
38.8
0.819664
58.8548
11.6437
63.5589
97.555
25.9493
49.3785
16.1511
38.5808
52.264
95.5419
7.20188
74.077
47.3352
27.2727
39.4239
89.2571
97.9313
75.846
75.7752
96.07
29.0461
78.46
12.3908
85.989
7.04085
13.6381
31.7405
75.048
30.3729
83.9426
10.4959
38.9871
51.3293
56.8818
10.0087
40.4005
65.5874
78.018
19.2778
37.7786
60.9481
61.7079
68.6903
31.5751
27.7166
62.3035
36.1973
73.0218
6.27869
59.6642
30.8403
93.2837
90.2507
70.1706
5.3608
53.2904
41.8372
95.0655
4.89346
48.4609
1.03727
34.5706
69.4627
66.9042
56.7549
64.5408
9.07628
12.2122
0.252214
47.0274
74.7252
2.59845
12.5134
31.2884
6.74078
47.0717
86.8679
41.6876
8.12527
65.4769
74.4125
87.2668
60.9944
94.2102
91.5534
22.6991
77.827
89.5672
26.4503
92.7115
85.3206
71.3946
15.1766
92.3424
40.6066
46.1447
11.3027
85.3466
14.2366
63.619
89.3137
64.7083
17.6241
43.8631
31.5457
96.0608
78.4973
30.3908
24.1474
30.4553
47.0168
13.602
42.8875
98.7325
62.1279
90.3942
28.6207
38.7587
91.2518
69.1791
7.29247
22.5175
13.5632
81.5611
6.84226
75.1437
75.2325
62.168
97.3886
31.3267
52.5413
45.55
76.3965
14.297
97.8648
68.5342
23.4284
24.3633
48.5297
59.3702
75.1903
85.8401
7.07888
17.2977
47.7725
20.6876
60.259
1.83356
44.0808
28.9979
69.2339
76.9862
28.5632
53.7503
1.37004
23.7363
22.7902
83.0658
50.7748
33.0283
2.47578
14.3688
28.1732
86.4495
82.0683
57.747
72.0363
22.1033
13.2457
98.6433
55.64
34.7918
67.2763
33.8236
75.4513
42.1779
99.31
21.6388
59.0282
92.2211
63.7007
68.5328
75.0386
75.2289
74.9083
59.2685
12.3177
78.0989
89.9558
74.3143
12.3443
18.2476
43.7858
44.2181
26.9247
85.5981
42.9358
68.7008
41.4232
13.3885
65.6312
85.6872
58.7375
95.4193
19.4364
28.065
39.8123
2.86679
67.915
52.9538
61.0916
80.5131
36.5979
32.2477
97.9862
53.8084
34.6979
93.548
12.4735
47.7999
9.70259
13.1349
32.8584
72.7944
30.8747
10.6547
53.0789
33.9964
49.1858
89.2647
61.4623
24.5934
20.2762
64.8789
54.3369
32.4261
38.9848
62.6557
34.5502
74.8568
76.1562
43.225
11.4646
2.45191
28.9775
10.3029
75.1252
65.8719
8.51867
19.4703
39.4059
96.0336
25.9682
84.1546
35.5112
29.3974
45.4718
21.9806
58.3619
23.742
86.1178
62.1942
38.9587
25.2686
79.523
1.08132
6.56977
34.8412
60.3485
45.5223
88.5301
89.8183
46.1916
55.7984
3.34044
44.9827
65.7571
28.7123
94.5837
54.7917
23.7859
49.5974
50.6731
16.2605
24.0166
59.3261
55.9346
48.6518
83.3276
44.5554
70.2449
59.3956
53.0244
14.5126
7.7904
1.29513
40.7164
15.5588
80.0947
11.8542
93.3733
98.5934
92.3047
44.4137
63.2311
59.6763
49.825
76.4695
55.8999
76.0589
43.2949
80.2702
6.62769
48.8779
56.413
78.2724
58.1808
39.7555
68.9069
3.89717
79.9065
8.59328
72.8842
2.91749
87.8187
35.019
39.8396
42.876
96.6995
23.493
32.4753
84.7993
66.1355
70.102
73.139
22.2271
7.26814
75.52
20.485
59.1608
79.2425
87.2454
45.0337
25.6812
28.0627
68.7475
51.0425
17.9253
61.2449
97.2014
65.0634
33.6294
35.1489
36.7411
34.2439
34.0322
67.3009
70.4856
12.4487
51.8869
41.9427
9.05186
68.4319
80.1857
28.2417
17.6329
70.2494
46.9245
80.2926
85.1636
57.6101
54.1465
52.5703
19.0424
82.8587
31.1247
77.166
27.4524
18.9662
70.1011
84.844
66.6594
14.0498
62.8817
3.51094
54.0568
52.7437
91.9553
83.6351
31.333
47.3508
71.2188
64.1442
35.4231
12.3495
80.8394
95.9137
94.6586
47.3292
94.6305
58.1987
5.01128
76.4914
84.3638
97.9887
9.37834
12.7374
92.0345
30.6411
2.67615
22.6356
59.7596
8.34535
31.8816
19.8891
85.0683
64.8344
77.8607
4.10583
85.6903
41.0851
66.963
21.856
59.5802
62.4452
2.31231
19.3257
10.6268
35.7569
27.762
28.6626
73.9093
56.9212
74.3296
34.5988
73.2741
28.2761
40.6685
59.6252
97.1585
57.9288
66.9828
66.7528
80.731
78.4871
4.9377
40.1622
8.53904
47.0599
71.2394
59.4587
48.3686
46.7429
80.1174
33.8405
36.9255
13.1926
90.4931
97.5903
45.3529
6.27779
8.57909
18.0977
34.6315
87.6832
55.649
54.5243
69.8204
22.0473
7.89906
6.069
70.1955
74.0232
60.8282
25.8807
60.2363
82.1406
76.9495
7.57626
16.4574
70.4407
68.9697
36.5315
7.53806
12.9861
98.4773
57.2986
1.11096
48.3672
68.6332
61.2498
44.8644
72.609
74.1562
95.9753
63.9039
53.7155
16.2841
94.4749
63.6366
41.0231
68.5374
43.2586
0.350291
76.3805
1.07353
58.7958
80.5935
97.6003
17.1423
26.1229
76.5425
49.1361
76.6028
47.0865
32.8937
3.67987
89.5701
35.1162
90.8742
89.4005
46.2817
99.6271
15.8636
0.912911
57.0949
95.6171
97.1606
1.75336
41.8055
86.8219
7.12825
2.97898
2.34111
15.5983
33.2818
76.1448
44.9226
68.2172
87.5711
36.4745
69.3922
24.8027
25.0108
88.5948
22.6005
57.7735
76.9055
31.2059
11.4813
27.3566
25.4075
0.297508
84.8307
81.6244
88.4421
96.8769
88.9296
23.2032
57.7128
99.3503
69.5289
43.5536
19.7204
22.7188
14.9555
8.03403
31.636
50.69
63.2931
10.9974
85.783
28.3053
82.8163
84.1327
5.84821
19.0848
79.3193
81.2516
85.3167
37.7254
69.7355
53.3196
90.267
27.2778
49.1144
90.4255
2.90058
25.71
31.5486
23.1228
37.2103
75.4275
44.2471
94.5179
23.9261
14.6419
23.8679
54.39
73.0931
74.8803
73.7532
55.4487
71.8457
86.9618
0.650127
54.5713
34.8055
34.2547
99.6176
90.1313
63.3462
41.167
31.0959
75.0724
69.5174
21.2144
24.4575
77.312
16.4058
64.2121
9.74366
17.1994
84.8542
92.3984
70.71
3.84297
95.8759
95.4044
67.9957
40.7425
27.5934
4.37092
41.5721
68.3298
1.13702
96.3403
69.3875
61.0861
47.8261
29.9137
28.9763
67.0311
76.5633
35.2574
77.1013
8.00547
82.827
39.6927
9.48651
61.0427
64.016
12.4472
80.1037
63.7945
2.185
80.3915
58.5991
25.4187
78.1422
73.904
57.2707
76.4144
84.2163
18.8059
44.5953
17.6695
32.7941
98.973
95.7191
33.5479
26.7675
69.6659
17.5647
40.4331
65.3035
57.515
56.1392
94.2235
25.9213
85.9528
12.8642
40.1033
70.2295
11.9502
57.1364
22.6088
89.6576
69.6072
8.8496
36.2926
78.9997
90.6921
66.5697
19.5208
40.1434
11.859
65.0029
45.8566
33.6454
40.6455
85.0571
53.8931
57.0569
65.587
25.8914
86.3746
22.5634
42.0073
50.0329
85.0712
96.5942
19.2288
58.5202
11.3174
40.999
19.1428
31.0471
3.31016
65.6926
59.8974
74.6885
90.6064
65.5559
41.1606
55.2676
57.0662
9.85916
63.4208
91.0236
92.5028
35.3831
85.4285
85.5207
86.4697
90.0919
85.1342
68.5854
72.7316
9.60227
42.2218
26.3194
43.3174
67.492
71.5338
20.6629
14.3558
9.99425
60.7719
7.98262
35.5084
34.1427
31.5714
24.8358
39.2803
16.1979
33.1527
21.0877
68.8741
51.1627
80.8541
19.1986
75.4017
12.4007
41.6224
53.8141
43.6895
57.2807
3.98546
4.33869
58.0374
64.4234
81.4619
9.61339
83.4334
13.2818
30.8611
48.1699
89.4384
87.4905
53.874
95.2989
26.8648
57.7202
86.6806
67.9795
52.5207
92.5272
93.4437
92.5725
24.0801
39.3404
43.3913
11.4912
87.5044
35.6315
14.3865
91.0307
14.3449
38.2784
31.7475
39.7351
52.4763
44.786
80.6906
23.7155
54.3527
79.1507
84.4581
40.7535
90.0692
2.43627
46.3483
60.134
15.4933
94.3157
70.9552
61.9084
79.5873
24.8189
69.6207
69.3408
29.806
45.2204
86.6081
65.9788
68.659
7.39007
95.5951
52.6393
22.7989
94.3396
69.0947
20.1169
54.8347
59.797
41.4981
69.3986
9.04967
79.9102
34.2622
81.0645
96.3315
35.4935
12.2231
47.247
41.8624
98.5251
76.928
56.9468
62.5229
45.4633
25.6506
33.1019
0.259715
26.5619
19.069
96.8951
1.67546
83.4368
73.6569
38.5864
43.8968
73.6379
4.88247
13.678
90.0045
72.4871
25.2409
83.7277
40.8547
12.496
87.9554
51.7584
59.7046
62.8784
84.6971
27.5825
6.07676
30.3252
98.6998
61.5387
6.12583
53.8468
52.3037
95.274
95.2392
96.0883
55.3253
9.96329
7.39292
88.1399
49.5495
91.1079
87.6892
1.37069
72.7246
9.59768
46.9548
67.4705
64.5334
8.76093
37.2955
48.7519
72.3977
11.7862
10.3224
91.9153
25.9608
93.3246
73.9863
5.61168
46.5553
28.9643
37.1083
2.82562
66.6044
10.4045
71.807
50.7435
71.3842
96.3142
19.5854
90.5802
84.002
27.1737
45.1816
27.2024
53.0924
42.4588
68.8635
51.1325
0.704861
83.7192
34.0844
89.5727
92.8929
52.2946
98.647
96.3625
31.4882
10.9936
14.6652
26.0981
75.02
85.5179
32.6829
62.9496
65.9491
25.9734
95.2707
15.2862
70.6471
58.0128
2.06836
75.9661
72.9913
9.58577
80.7739
82.3896
88.4775
16.156
81.8697
54.4888
15.395
49.8137
92.8561
86.8095
65.6859
5.599
65.3381
66.2883
68.806
90.3172
78.1664
23.9778
31.278
46.2299
86.9219
72.5069
97.0736
82.4456
79.2223
47.5992
10.7605
56.702
24.6589
42.106
77.5212
50.4935
60.8869
45.1203
73.8833
59.1228
28.1491
76.3791
8.49323
14.0993
77.2259
15.567
45.7689
64.6769
32.9693
70.2551
28.9647
24.5161
70.0766
50.1303
78.7327
19.99
62.189
84.1111
80.2794
76.5043
16.1399
98.1252
15.7703
56.9898
20.6568
41.056
98.1751
40.021
55.2498
80.9228
13.3383
55.3283
40.0287
33.3707
23.1741
42.9143
62.3867
57.3187
12.6833
45.1393
93.6716
25.1624
68.2691
14.8393
61.2028
5.70941
45.751
19.022
59.4562
40.3282
51.1616
87.4713
91.6928
4.49853
24.7519
34.9396
53.4649
73.97
18.951
47.1754
53.4447
57.5195
66.6946
53.9777
15.6378
74.844
68.0099
74.1576
2.74519
70.5993
10.679
66.7139
79.834
87.8975
66.7544
93.0068
2.27485
5.38686
79.1634
44.7497
68.8884
16.7962
9.86425
92.0424
57.9328
86.6455
70.9892
25.5528
55.5213
4.06744
0.813299
83.8498
55.1764
48.226
93.4183
73.519
60.8459
11.4593
50.4678
55.3
5.62865
86.0189
49.4346
85.8361
34.1226
38.662
28.8171
33.0165
11.9437
10.1695
86.3908
62.5415
76.3794
31.404
9.14384
64.146
21.8449
50.7131
71.8571
10.4124
81.114
50.4285
9.60701
90.8818
87.1941
80.1511
83.335
46.9231
64.0919
18.9094
1.85586
30.5717
6.57173
21.6
88.4668
52.3776
35.5602
87.36
16.8719
64.4339
45.5948
75.291
18.0775
32.0881
68.7844
14.4186
28.5686
11.6969
15.6421
21.0157
45.9635
97.694
72.1089
29.1981
10.4361
33.5142
57.9984
31.7489
25.065
11.1159
75.5537
42.7576
80.7319
38.5057
34.2748
18.1173
49.4565
12.8062
31.4988
37.1608
87.6612
8.93416
33.615
7.50936
8.12398
21.423
98.799
28.2955
49.2205
60.6088
88.6201
54.1802
93.9198
65.6668
96.3461
51.4015
88.622
73.6247
64.9943
2.60973
26.2024
91.5628
90.5138
31.1281
63.8585
32.1432
29.2377
65.4767
37.9807
3.3158
91.3828
61.9036
74.5357
44.6988
2.65868
97.4107
61.1795
51.6429
33.1837
58.5008
44.4981
63.2342
42.7643
16.4696
81.7167
78.512
34.1283
24.0668
21.9643
69.3297
92.0005
34.0469
43.0293
95.2978
34.7402
0.758491
9.6328
56.5273
93.1043
43.5662
81.3645
60.74
91.3056
51.8899
11.0267
25.8941
35.0473
20.9232
97.575
41.1993
71.9281
62.2099
51.3358
50.6056
80.1825
92.3834
67.2001
63.0644
94.6638
48.1226
64.5197
33.3303
65.1022
13.786
77.16
34.0244
19.234
60.4307
84.5856
78.9064
19.2093
77.8521
79.7916
27.774
97.3778
78.1575
28.9324
51.7107
17.1977
4.61388
3.34998
59.1773
2.21802
12.3211
52.2131
24.3013
4.156
88.691
3.46438
37.0491
63.8499
16.9054
79.4187
31.176
66.0627
98.6088
14.3782
97.6808
51.5999
66.2549
29.4378
1.54522
33.2445
73.7933
47.3439
76.9759
36.0788
53.7196
24.9547
54.6911
54.1613
4.27462
11.7139
47.9269
96.5026
20.8424
7.61708
91.3738
28.8204
95.0806
40.067
66.6534
60.3127
36.0942
92.4595
15.2291
23.8596
1.02518
21.9822
65.0144
24.1945
52.2364
37.4521
83.7494
24.4067
56.5784
98.8309
85.4092
22.8349
26.1602
55.2411
45.7476
73.3036
9.23976
23.0374
30.1078
50.0573
42.7598
75.9801
30.6956
68.6609
71.019
95.4029
84.2794
91.2498
88.0595
42.8194
58.51
96.4525
16.2965
23.228
89.1475
92.9676
76.6431
4.42956
82.3892
64.2381
9.8022
20.6964
76.9273
63.4159
83.2241
93.3557
31.1244
24.2295
21.0248
56.5925
67.2081
20.3331
36.4027
68.0534
52.9455
3.53409
4.33613
90.0419
80.9561
15.1428
68.2894
72.3011
17.815
68.1708
40.1605
58.397
79.2213
6.17546
95.2448
31.5165
85.6688
74.9531
45.0035
59.0134
74.7312
96.7345
22.4288
52.0796
4.49135
11.1155
47.9552
71.2876
18.078
36.4765
27.4573
23.8297
85.6164
22.5568
35.3792
91.6604
23.8072
88.2017
68.6713
90.3787
35.8312
90.5735
93.4914
46.0935
22.8014
47.8086
9.24487
50.9312
70.3033
26.7511
37.2485
8.72181
5.90714
92.5939
29.1373
57.3868
13.8233
40.2711
10.3097
97.004
53.8545
42.309
79.3008
81.2603
63.3794
80.1568
88.5215
20.0965
32.2209
48.6275
4.68647
40.1215
92.8037
77.3934
92.5936
66.0056
22.7371
92.9187
46.0141
14.5093
98.4051
54.6702
29.7798
93.9809
95.0626
21.814
0.0610949
69.6399
29.3776
22.1419
17.0133
43.8995
47.6961
75.5108
66.6422
98.4976
1.21162
17.1079
47.3658
20.0353
93.4328
71.6169
85.0342
32.6473
49.1472
10.2763
96.9227
89.1568
16.6199
81.8981
30.3069
76.0847
81.3536
74.151
6.79205
1.43816
74.3129
69.9728
17.57
8.50809
99.2439
21.2951
76.8518
14.7306
56.9447
93.9649
95.7336
6.34328
22.3208
61.5355
67.4473
81.023
86.9625
83.9453
17.4199
85.2982
54.2388
21.0513
80.8202
41.8819
94.7451
11.0343
84.7515
55.034
69.3911
93.4314
21.2344
96.9117
67.4567
65.2503
24.4252
60.4683
79.5395
21.407
8.93225
51.8897
16.4836
39.6075
99.463
46.6324
10.4367
32.1697
35.2947
66.1841
19.5523
5.77558
87.0494
7.14658
41.8901
1.91291
68.5946
35.4012
77.483
66.5251
46.8649
62.164
80.3273
90.5794
76.3468
80.7949
6.21551
6.01779
41.8877
96.5722
50.8652
27.0585
71.1895
5.15795
3.41795
22.2024
80.6837
88.7449
79.6666
21.3688
33.7633
95.7502
90.4001
13.8682
34.4355
63.0474
82.5517
88.6574
0.959577
71.9632
29.3935
66.6079
20.5608
60.386
36.3736
81.8649
96.4073
29.1071
87.6635
48.1296
54.6984
44.0427
89.7717
59.266
25.624
84.4935
72.2277
85.4296
50.2751
94.4748
32.5628
50.8131
18.2724
19.7115
90.3502
58.1733
52.708
95.1584
24.0195
78.5887
96.4905
93.1304
64.532
85.7051
64.2394
85.6865
70.6514
95.3405
55.5187
37.8858
15.1344
89.1388
30.7957
87.2787
82.3622
72.1215
17.5551
55.0955
12.5698
90.8014
80.5292
17.0152
7.8157
61.9555
97.9848
22.0493
11.0517
49.9312
4.00913
3.70076
72.9248
72.3853
47.6236
44.6744
61.8985
88.4473
81.2315
31.6753
97.2137
22.4751
82.5461
18.4017
92.8364
49.9846
86.5447
33.3751
59.5781
85.4462
96.2393
28.829
57.0409
13.8568
96.6498
83.1746
47.505
73.5642
11.0725
79.3933
39.9279
75.5814
77.0069
44.4354
16.1179
34.8945
8.34006
1.15085
13.1761
62.516
24.927
32.7001
38.3083
46.5932
82.8285
32.7189
1.35435
59.5788
16.8095
25.9623
26.059
68.1835
14.4074
93.907
71.481
85.293
47.8027
74.2344
44.1911
55.9656
87.0543
53.574
19.5807
35.9839
20.6703
15.3463
19.2644
20.6196
57.0757
4.22979
32.4045
17.2278
18.204
85.7485
52.0542
57.3039
44.0568
14.1416
67.3889
74.9146
6.58058
76.2017
97.1721
87.9839
18.9651
2.85356
59.9847
46.6793
78.3553
17.2016
11.7722
97.5758
43.157
62.5088
26.2988
9.13945
18.011
14.6919
41.5019
29.555
65.7428
18.9004
2.2303
68.7212
91.5993
20.0918
96.025
57.5854
47.1793
92.1842
24.8442
22.8931
59.1375
63.0859
47.4308
22.8707
31.0463
92.7428
57.4696
0.535219
50.119
48.2894
93.5875
19.8856
90.4508
16.4766
47.7346
9.46518
86.3445
15.1411
81.4159
44.3939
91.506
20.731
80.94
74.4879
6.29568
73.4115
10.5177
25.153
35.7924
88.981
82.3842
93.8631
52.3455
9.95725
67.2145
85.1144
35.1949
28.9865
19.0239
61.938
82.2968
82.1827
42.9971
16.3728
38.0847
33.783
30.6371
8.97897
88.8998
80.6378
65.7029
66.7839
57.9779
71.3858
20.9468
79.3785
94.2034
34.6405
55.4828
23.2806
47.3428
98.3187
23.945
70.87
48.8168
6.34261
51.8564
13.5335
14.4894
59.1105
33.5912
67.5493
79.0198
30.4931
61.0984
42.5782
9.85454
11.5608
16.2927
91.761
99.6623
18.2888
58.785
54.5487
66.7805
79.3016
42.7886
10.3902
26.6568
62.2571
54.4552
76.6196
80.1878
49.1724
49.4534
94.0185
5.66541
13.4671
83.3473
29.1194
38.9188
96.8863
16.2856
76.2201
98.9033
27.7372
63.448
44.1574
31.9533
3.17675
43.1053
75.9908
13.3149
81.6264
44.6931
22.9924
74.6649
45.8487
77.3392
30.6181
20.7402
8.97389
83.928
46.5179
69.51
76.1312
19.7837
50.7141
73.8928
74.7382
39.2125
59.3517
78.8049
58.8852
57.8437
93.3851
42.0994
71.76
40.4223
54.3956
76.806
97.7866
2.20174
83.0921
14.7771
65.9913
68.9733
85.3378
24.3814
7.09224
85.8894
63.1293
98.8407
60.7148
19.601
97.1664
42.7917
63.6027
59.6953
42.5919
6.11897
57.208
96.3657
46.5547
27.7421
87.5213
47.3529
92.1096
7.24261
47.0047
17.9076
57.0032
14.948
29.9738
42.3609
10.74
17.5723
25.18
93.634
39.6101
29.627
37.0215
98.021
29.3122
7.28885
25.7585
69.6912
94.1874
31.5215
67.9431
92.0341
61.021
19.3222
7.3329
26.5924
34.4166
22.4301
93.835
85.6284
43.2769
98.2638
43.8972
89.7448
65.818
53.4056
13.4128
83.8584
48.4446
84.6371
63.1141
10.0559
58.6097
80.2476
39.0036
35.7518
51.4996
23.2684
40.0258
12.1922
24.0333
28.2756
62.4065
36.2251
20.9369
54.8199
89.7332
27.1336
84.1246
76.1627
8.06647
82.9049
37.42
28.0809
89.205
60.1814
46.562
28.3621
36.927
76.2089
35.6081
5.21017
76.3557
85.3304
86.4954
4.34172
25.5803
48.5987
38.7786
9.33731
53.7137
64.9205
45.1236
1.84314
48.3644
29.3403
37.9095
97.0309
1.49369
35.0492
20.9141
97.6815
79.6433
7.73743
14.8537
11.0447
52.6812
18.3487
7.70155
66.4901
39.4424
94.1385
53.8221
25.0434
66.6448
6.27139
80.2424
14.322
11.0669
25.4006
96.0416
72.1561
67.6531
68.7544
88.7012
34.8165
96.3877
10.4053
59.6196
27.8309
35.128
12.5719
32.5867
50.5939
9.65863
64.7922
38.5472
54.5077
5.11501
83.5958
25.931
67.7069
38.9194
19.6919
73.0793
84.9663
71.9929
31.4058
99.3126
75.7479
47.3932
62.4605
22.7807
36.6171
87.1335
54.1217
58.6079
15.0082
66.102
42.2886
2.26956
37.6729
74.3439
29.82
7.22863
11.5802
63.4036
60.4265
72.5247
81.3815
73.4307
81.4107
32.4482
92.7523
70.2984
28.7392
64.1031
27.6383
69.2259
78.1196
1.50737
67.3268
33.6936
77.7515
26.8688
37.6808
5.20086
17.5055
56.0949
83.9781
79.9933
80.238
50.9968
24.5769
3.95135
0.491767
14.1416
28.2414
14.5625
42.5645
7.34801
66.8084
46.5649
3.14816
85.1866
33.5034
97.9406
79.5795
73.1447
82.7418
70.8958
84.4549
29.4629
28.6352
80.463
49.0517
59.21
57.4877
85.5251
43.9715
63.9974
95.069
91.3395
55.0303
75.1322
99.1555
44.2966
26.4428
24.5533
61.9881
56.2232
30.9221
64.8415
59.6594
8.84375
99.9814
55.3823
23.6145
46.1384
98.387
6.25359
86.9567
30.7706
9.22617
59.2379
37.0755
87.6606
37.6181
13.9277
94.2665
77.8338
18.9065
20.4136
34.2317
43.7412
98.2862
29.1925
63.0251
31.2513
26.5825
47.8929
4.69964
43.336
35.9741
27.6125
10.9554
71.832
6.08381
7.67904
39.4361
51.7185
51.8903
56.315
17.0811
82.7961
49.0605
48.7324
23.2296
72.2954
9.49288
38.7647
85.285
11.0259
79.1127
55.3923
8.15375
1.57845
93.9476
13.1541
26.6881
32.6359
66.0872
96.4782
4.81186
20.48
48.799
14.912
3.96419
46.3677
98.7279
33.664
82.4839
92.813
34.1212
59.955
55.4552
39.8891
76.0689
24.1791
41.4541
18.6287
5.81144
35.6343
82.574
20.6175
52.676
95.0298
70.8641
24.0756
18.3002
69.912
72.6117
99.4467
94.3171
29.6594
45.6264
40.3249
20.1084
70.3206
77.3443
78.3205
76.7941
19.507
81.5581
91.5573
31.5678
68.6767
17.6087
33.8673
42.3423
7.42445
61.991
35.1292
55.3171
51.144
46.7969
98.8341
74.6462
24.2733
32.7656
80.5788
75.9544
0.137565
0.664074
67.307
44.3587
22.1381
58.6311
12.7391
55.0962
34.5845
25.3225
26.4273
37.7015
15.195
35.5281
36.9132
75.1161
45.4913
56.6758
80.3708
46.972
42.8026
88.1253
83.9312
40.0124
36.5475
17.1085
70.3863
12.3169
67.0357
51.2369
28.2761
21.9467
86.0001
97.0392
29.8169
29.2587
69.4269
51.8157
82.039
44.2227
4.53809
55.3009
39.0476
29.0487
67.6479
99.0359
39.1181
9.67354
37.6218
50.9918
91.9676
12.9349
8.77516
44.7908
23.6742
51.5397
19.298
66.2547
92.6726
22.6032
89.2159
36.6535
25.7503
35.7948
49.3552
27.4359
64.2384
33.0162
50.615
23.8481
71.8461
58.0569
13.5655
46.148
67.6281
5.41967
14.7919
48.7455
31.0585
23.8899
28.958
89.2958
21.3226
23.1598
79.9967
36.6648
2.71215
27.7982
76.3244
98.6339
46.7448
83.4564
19.8175
39.7726
91.139
20.3857
33.4902
87.523
85.1445
51.3374
40.0809
56.2938
37.0361
86.5961
14.8647
75.3374
98.6465
60.173
56.8631
65.3909
64.0151
11.7258
76.405
25.5314
24.7354
91.7188
70.9341
27.9282
68.6506
15.3773
99.9217
50.125
67.2883
84.1125
78.5707
51.2539
27.5153
33.992
68.4568
34.5533
16.3155
73.0885
21.648
52.7863
53.1606
44.3733
70.5447
97.0752
77.8596
28.5869
70.6246
16.7553
51.6482
51.9707
98.9177
31.0402
19.6795
95.3095
80.349
55.4732
70.3013
59.1633
51.1805
46.8899
50.7619
85.4384
66.3796
16.3867
2.36398
93.1319
16.6468
90.9811
16.2552
59.0862
58.7987
81.7987
76.2065
35.6566
41.1414
55.5186
50.1089
57.6704
84.0744
47.9006
46.1029
82.1267
98.8295
77.5792
99.3183
71.4348
72.1298
2.67645
71.8449
42.776
36.2668
82.6511
96.176
63.5051
51.4085
57.1577
61.2584
52.6963
57.0588
61.1638
41.7907
6.73922
16.8345
43.2226
27.1875
47.1672
95.2521
45.553
39.5123
75.7091
8.12075
72.0483
27.1081
67.9538
45.8647
66.5415
86.1429
57.2957
66.7056
55.9542
21.3612
10.3195
41.1573
58.2229
64.0946
46.6066
95.3337
84.5323
34.5991
24.6597
4.95227
69.3714
77.6502
95.8702
98.109
23.5081
82.3674
35.5294
38.162
85.3594
58.3508
28.9031
52.0703
43.3682
21.9776
18.9815
32.8631
17.5276
78.7792
93.6165
45.6153
98.4426
22.9171
51.2075
73.836
11.9988
59.2864
69.6963
33.9557
26.0639
43.458
91.9768
90.4795
61.0386
72.2681
4.72527
88.5272
81.7446
29.9146
71.9948
18.537
16.8823
73.5485
82.8334
73.2669
94.5726
84.634
82.0539
78.3743
79.045
64.3804
57.5988
98.6221
67.5127
40.2101
43.1105
79.6046
59.1103
69.1215
60.5876
75.557
50.3074
17.1666
62.3482
68.0425
47.3414
81.2443
98.9363
26.5642
63.0885
71.648
81.5487
71.1918
46.4239
18.9423
98.5028
16.0744
67.8708
82.7419
80.2443
13.1546
90.4203
13.8892
41.5988
88.0387
34.3336
69.0909
41.6969
90.4538
10.8746
73.4907
22.9011
26.6814
31.2821
42.2245
20.1164
30.6886
8.61541
53.3949
93.6631
70.8077
79.4868
52.3274
63.0043
70.7507
50.376
4.73484
44.1183
82.1537
15.225
89.1329
50.1329
73.92
15.3637
50.8
4.25838
92.8001
77.5038
62.7694
28.9991
60.8996
88.4518
39.9432
13.4799
39.9109
81.9111
96.2366
93.2724
62.7042
63.0404
89.345
40.1014
22.686
72.3211
69.0468
77.1771
3.69934
26.4793
45.727
61.1872
73.1423
40.8695
76.151
4.6726
66.4833
6.70811
32.3353
60.3959
10.8683
60.4437
67.3274
63.6746
57.7567
43.4852
91.3036
13.993
45.1147
16.2045
92.8563
58.2639
69.1907
59.9417
71.2513
22.8829
7.96408
15.2117
60.0712
34.3873
75.4121
10.0482
59.4158
30.0154
66.2637
56.9587
50.8181
33.9216
17.1457
38.669
20.4551
96.0178
94.9278
4.60508
87.4758
37.9804
12.878
9.4058
4.87816
3.44418
39.025
71.8935
16.3185
40.5008
39.9417
2.09252
86.845
69.8534
75.4867
67.877
61.1479
88.4323
44.3686
60.3154
79.1824
74.6612
12.4502
42.3646
6.0805
94.409
38.4394
58.3134
18.4284
28.0855
66.3476
35.1375
36.1399
49.6029
27.9524
11.4067
5.14732
44.3872
31.7702
52.9438
38.6788
87.1694
43.702
87.811
0.4961
54.8162
23.3226
17.0753
93.6093
67.2114
2.18879
52.2119
48.2411
61.8617
82.9598
4.81404
35.3235
5.61272
50.3144
80.2139
88.7464
42.9234
29.0396
57.9648
79.282
18.8308
45.8661
21.1652
6.62924
17.4851
74.7075
10.4471
10.4276
41.4467
1.35509
3.21689
53.0731
2.9092
7.40142
11.1628
41.5042
38.2599
3.87633
38.4261
1.9506
38.3829
60.6941
77.3727
80.2629
25.7191
49.0169
0.230317
38.6252
26.8255
59.9111
17.9478
78.1395
75.967
70.8726
8.26721
33.0196
26.0427
34.9172
10.1558
23.5816
45.4427
3.01674
27.6676
44.4999
39.1731
65.9192
93.317
43.8195
50.1351
86.4864
11.3539
54.963
66.0022
69.7422
75.5331
16.2393
29.4848
60.3616
46.9952
27.3458
27.0817
32.092
85.6289
79.6865
75.3687
50.276
8.55151
45.5061
61.1739
78.5501
81.2057
1.10246
64.2718
28.0155
36.7576
78.8109
27.418
54.4913
96.6884
39.7232
34.4679
39.9538
78.327
66.8334
75.1756
13.088
18.6852
22.7631
2.11898
48.6102
31.2186
16.4747
99.1672
72.8915
54.0499
22.3682
35.3784
3.15533
56.8748
52.3557
93.6588
29.7641
34.3859
45.5478
37.2597
61.8098
5.96285
63.3907
65.7254
41.1749
81.4818
52.9147
66.6471
94.3194
29.8223
3.02179
94.8631
37.79
20.2288
73.7632
79.8308
94.2427
1.59957
97.5823
21.7358
6.67764
10.4954
76.3073
68.2403
20.7695
53.3739
40.6458
93.057
55.7985
31.9366
23.3328
95.8352
60.605
84.789
93.2235
47.3961
67.8055
76.1813
2.78283
96.5457
3.77949
0.214814
35.0591
48.0105
52.6159
24.0372
33.8641
82.024
45.4029
44.5023
64.0766
20.7526
80.8484
76.5522
93.0472
84.3527
26.91
36.0812
67.1186
4.22849
72.973
82.5786
91.6138
39.0373
55.4564
47.9757
33.7285
37.535
33.1464
86.4841
53.66
89.4532
71.2486
28.5012
66.1637
98.2672
53.9805
93.7018
27.6814
43.8059
64.1445
91.759
48.5804
45.7063
77.2
56.7731
38.038
61.8498
81.1515
51.0753
48.617
80.5748
88.6343
26.2881
76.87
53.3207
11.0374
98.092
60.904
75.3764
28.5694
78.7713
88.9209
80.5711
67.8615
56.7601
87.0174
82.4958
61.4793
73.0911
68.1603
76.4905
36.7086
25.3868
49.7313
9.96079
67.3809
6.35153
74.3706
43.4941
28.5745
63.0655
6.01938
99.0276
88.1951
78.5505
6.32295
5.83207
9.44234
42.0976
30.8102
57.444
44.4813
75.7312
12.2998
37.8444
7.64744
64.9624
86.2522
31.8643
67.3591
27.7252
53.936
15.5203
2.82046
57.0224
83.0573
78.3178
36.312
20.9539
81.9638
90.5866
56.0707
34.6671
10.4522
13.4112
84.6418
60.3359
88.298
97.4856
2.71343
79.4312
11.8839
63.3058
83.7684
83.5886
26.1111
42.7926
45.8542
20.0343
38.1215
24.6288
83.567
10.1752
40.8366
73.7544
85.624
54.5851
72.9165
13.2986
39.9459
72.1953
55.8584
91.6367
32.505
72.8848
98.2091
15.1133
70.0235
14.8427
60.2055
91.7946
30.8416
47.5363
76.901
90.6699
92.421
0.347875
30.3338
80.3687
19.525
93.8469
35.3839
32.4204
1.06699
99.4626
41.2486
64.7704
52.1519
33.6814
27.8128
35.7035
57.6874
84.2089
95.0489
41.5111
66.4255
6.46549
22.5674
12.2531
68.3472
20.3705
99.9418
86.7084
92.5273
18.876
15.822
26.8116
56.7491
33.6777
16.8649
38.3432
52.1677
80.7892
19.9142
88.156
63.4484
10.5217
29.8311
15.985
6.15024
37.5601
69.0916
69.1161
42.3988
21.0334
20.4896
37.0791
76.2229
56.2779
87.5166
72.2173
17.8928
95.0788
48.1345
56.4855
16.923
29.4791
35.9517
74.0776
66.5947
43.2073
88.5821
44.4052
50.3599
47.469
57.4955
39.0445
52.3492
10.6533
88.4606
15.3261
91.6374
28.8364
57.7841
94.9377
68.9225
70.2868
64.0427
46.9212
79.6516
53.7748
93.8014
53.7992
72.208
25.4937
75.1058
85.0575
31.6099
79.5365
87.3161
77.1198
49.0262
20.6508
22.1155
68.0465
80.4839
85.5935
66.7797
97.9111
38.0022
6.45682
38.4878
8.37201
67.5214
18.4973
70.9097
33.0386
86.4597
67.2691
59.2094
84.3863
21.9838
96.6447
45.391
19.5722
42.4831
68.2217
51.107
46.4907
22.6615
40.8434
43.3124
47.5122
41.3552
97.2284
86.1614
84.5161
33.2103
90.6604
51.0997
56.1121
2.61272
16.314
32.8881
9.65838
45.8891
45.7583
5.29699
83.9935
91.0253
63.7124
41.8451
86.5937
90.7411
70.4369
61.5906
82.9474
55.9744
50.718
24.0138
31.9736
38.9339
9.70205
68.6594
49.8792
54.3391
46.1568
59.1679
85.9568
76.4308
51.5442
38.6003
91.1347
45.5424
57.3637
0.212308
79.1769
99.248
43.6752
69.5183
71.0127
30.0763
96.0167
83.8322
66.6609
18.1691
62.1474
64.9923
9.15204
74.9499
90.7676
14.1827
40.6016
92.7596
97.9526
75.5195
67.2092
73.2691
91.1613
71.7285
75.6606
33.9004
33.5434
21.405
10.8461
34.2265
30.5218
77.6457
5.36996
82.5153
22.9196
3.33697
45.3142
25.0848
50.2683
64.1106
81.8192
84.9613
6.4913
78.4965
44.7643
44.0776
7.13173
17.6683
26.8099
2.19911
2.64855
98.2797
48.2851
86.9841
12.0064
90.9281
14.3358
7.54236
64.7066
21.0493
88.4763
74.8792
69.9305
50.5952
41.9535
48.4896
86.2363
23.2542
20.7057
87.9981
56.3344
80.5714
26.5372
52.5047
81.0907
32.5636
97.5875
97.771
1.03012
83.3201
65.891
12.6818
87.798
34.1623
86.4691
84.8244
58.8174
9.6438
89.8562
47.929
32.9417
63.1788
8.39172
4.31196
45.3181
65.0105
45.2261
65.7987
99.0064
24.3696
34.7775
74.7151
7.73688
87.3217
89.2956
27.3963
54.3893
80.2556
18.7946
18.4471
4.81465
67.5856
45.2081
38.9311
96.1453
77.0783
46.7122
30.7795
91.2536
85.3132
66.1032
94.8987
11.2468
92.5893
31.3789
98.1673
80.4983
87.0324
96.9538
29.4254
68.8633
44.4033
3.55301
59.6146
1.89182
40.5419
93.0073
71.4373
49.7282
3.90508
72.534
73.7892
34.397
9.60482
55.3852
61.5619
47.7498
77.6617
3.08645
34.1096
69.683
61.7069
20.2906
8.06756
35.7337
66.5162
80.1179
53.2394
78.0309
39.8275
61.6618
