10
10
45.7992
84.1492
79.8979
12.4534
51.2517
58.7595
40.6023
11.34
13.9685
54.3795
0.980484
99.8884
98.9669
31.2018
35.3361
6.27346
16.7416
78.5338
77.6405
94.498
22.5985
81.344
78.6468
78.5993
36.0022
95.5627
93.5695
29.9312
43.0126
97.924
9.73635
37.4911
41.6261
35.0519
32.5956
37.4063
19.2016
47.3422
9.53123
47.949
45.6074
27.0192
71.8001
40.9382
72.8272
47.8996
51.7936
11.1295
15.0468
13.6996
88.3806
73.6476
39.5587
24.2067
63.0214
67.3629
34.5077
2.75845
90.9122
49.7176
51.8363
43.2953
15.0838
23.4326
6.24321
76.965
43.4083
10.3637
76.8941
82.4567
26.9801
63.3541
36.9254
92.7745
16.1225
62.9834
75.2261
17.3727
92.0118
57.1079
12.6813
90.3526
85.4027
51.1868
26.3755
4.28826
27.2822
18.8809
53.8957
24.9437
58.4772
42.6371
77.6189
36.1139
96.5958
62.3677
94.5952
36.7392
81.1824
9.73887
