20
20
50.751
82.7847
5.64438
85.488
46.7572
44.4675
19.5168
62.9936
35.7551
45.7238
71.1202
30.8799
45.009
95.2146
97.5901
60.9747
84.4046
72.9559
33.5875
63.3185
86.5296
40.4912
88.9256
18.4216
3.08795
48.5731
35.2832
26.9377
90.2572
13.5395
25.4368
21.7487
4.60876
49.088
30.5111
2.23772
16.5784
39.4254
33.9854
68.4425
14.3602
52.482
92.4068
27.5023
21.0522
30.8821
26.6787
0.970278
17.5806
80.3364
67.7949
77.5482
52.2059
62.7099
34.6275
47.9624
8.51622
91.4438
25.6133
44.57
89.7567
79.158
89.6965
35.6585
49.2382
89.3133
33.3409
95.4147
15.0608
26.2603
74.7943
51.6851
14.6676
27.0924
34.7981
87.7033
55.6601
59.6529
42.7114
22.7189
32.7408
37.4196
80.5172
44.9396
44.0011
50.9249
24.6522
43.4826
12.2975
19.5894
30.1907
49.5344
56.595
65.3436
53.4114
42.0545
52.8059
59.3396
85.0447
80.7406
8.40671
12.0801
47.9377
79.8891
26.9839
54.2127
96.6562
35.9457
36.5648
93.2541
96.4285
26.6406
21.089
29.6487
38.6134
26.1775
58.2102
32.1403
71.3564
79.012
95.7139
15.9153
61.4367
18.5699
89.1389
14.6763
92.1046
71.8368
45.2915
31.4489
21.951
84.7877
3.91567
89.1609
21.5404
71.0269
92.2593
99.7612
93.8898
34.9252
54.439
66.363
89.2939
79.8644
96.9944
1.21428
93.9103
87.0115
88.5506
22.2955
70.8903
13.8849
1.83536
78.0277
2.95236
2.96017
18.6822
17.8673
62.2816
51.249
95.1558
11.8791
43.989
27.9898
48.8309
38.98
85.2035
60.06
70.2254
98.2764
96.899
21.0244
21.4209
18.5386
27.387
8.3084
97.0651
94.3773
88.1265
5.71331
57.5437
63.641
61.9898
55.9202
95.4025
29.3331
30.7327
45.2533
76.7364
30.5479
56.1192
6.44096
15.4593
22.1198
22.1676
56.1859
6.88619
42.822
48.0283
65.8136
51.5752
12.1579
88.4311
9.94497
61.8667
95.4928
91.1582
79.3713
3.78362
10.2051
71.6499
48.4608
45.3521
87.6108
73.5177
85.2868
3.09696
3.78191
47.8269
18.8224
62.3262
62.63
26.7737
33.6342
34.3189
85.7372
29.671
79.5768
33.219
34.0315
42.6228
92.1446
52.3008
63.5476
22.6016
5.8985
58.0398
78.7818
61.0824
39.3008
84.0521
50.1705
2.48104
44.8458
13.8241
32.421
79.3058
80.5365
3.67407
20.8052
69.6586
31.8778
37.208
26.7286
71.2556
86.6969
9.12391
59.4004
87.4537
99.799
91.5916
26.5181
40.9132
2.35178
89.369
16.545
22.0403
6.04997
4.7539
27.7857
51.9863
16.2556
22.9004
39.8167
36.2275
19.9143
51.0593
12.2981
39.2706
44.4357
55.5308
52.3868
5.93169
23.3307
69.9774
34.9754
18.9843
12.9177
28.6337
49.0923
68.883
66.9389
3.98589
78.2152
49.694
40.6966
45.7431
34.442
20.7353
82.0122
71.7402
82.9113
39.9007
25.363
58.7637
76.4221
30.2306
5.18867
47.1567
33.1027
89.248
62.0686
86.7423
83.3236
36.5992
40.1084
51.1784
12.2063
46.7933
84.8438
8.77668
34.9248
52.9933
50.2894
69.2581
43.5289
76.253
2.70612
40.6996
64.3505
45.2403
12.6841
49.5409
60.9057
65.8762
58.5276
77.2369
70.5083
71.4109
15.7921
96.0514
48.1007
21.847
84.7673
88.5473
24.1143
33.6605
5.02234
0.470472
94.3838
0.33198
88.8898
88.7736
82.1309
38.8549
62.237
16.7701
26.7013
20.4965
75.9019
0.553164
37.3503
6.26364
14.6568
38.6281
73.4165
31.4449
99.099
34.1682
21.6532
11.5436
32.9589
0.627218
85.159
14.6269
43.0607
54.1386
30.8885
64.6606
47.1253
99.1373
30.0806
64.8723
94.2785
97.2479
92.3598
15.2331
87.9096
0.759561
34.5759
43.5168
9.58313
70.5653
82.3266
84.4148
85.9146
85.5453
67.5734
65.7882
3.91856
