30
30
10.3527
81.7476
36.2198
72.6297
20.3764
16.2258
87.207
84.1492
51.2517
11.34
51.7031
82.4968
86.6885
94.945
31.6648
25.0238
86.2744
99.5786
3.89965
13.4724
70.0262
63.736
67.8105
57.894
67.4421
64.6786
67.1704
51.5752
5.64438
9.94497
20.8968
11.5842
54.5873
1.52626
77.0174
96.1728
22.8668
99.8884
35.3361
78.5338
36.2837
35.5578
57.6148
81.9742
99.4083
38.8043
99.033
48.4051
33.6107
60.3001
69.9891
80.3784
99.3555
87.6952
45.6129
42.8802
26.5084
62.3262
88.9256
33.6342
12.5379
64.0075
19.6331
35.9131
53.211
39.9238
53.3419
81.344
36.0022
29.9312
88.2727
7.22012
31.7154
39.7158
19.3663
38.3414
30.0488
45.7152
99.4613
33.7667
31.7804
27.9386
17.7748
66.8464
96.5011
26.0342
40.0164
84.0521
92.4068
44.8458
78.2446
94.2855
0.227238
92.2628
56.2895
69.4369
27.1308
37.4911
32.5956
47.3422
81.6343
70.7695
93.9086
26.6604
71.3806
44.39
24.6158
29.6275
49.6148
12.9337
3.79295
95.5164
95.7491
75.6689
34.2885
61.1796
93.2046
91.5916
89.6965
2.35178
46.5552
89.8288
48.8728
1.75349
69.2803
52.4623
92.3036
27.0192
72.8272
11.1295
83.6259
17.1922
28.3843
75.8828
26.0687
10.1849
43.423
73.0209
63.2381
9.91491
82.9228
84.1714
94.8719
83.4443
21.2817
77.1687
87.688
55.5308
80.5172
23.3307
74.1107
10.5627
9.46189
84.7859
54.9645
9.20404
5.80414
73.6476
63.0214
2.75845
99.4022
90.8461
48.9076
68.1001
95.2491
64.41
40.2337
89.1382
72.4822
97.0048
41.6953
10.8614
1.9462
61.7183
79.9453
47.3159
17.1851
71.7402
47.9377
25.363
92.955
68.3962
10.7899
1.7247
41.0754
24.4014
36.3349
43.2953
6.24321
10.3637
84.3928
70.1717
84.7546
75.5679
39.4807
39.6391
89.0258
69.8612
38.7531
85.4158
0.797788
37.2117
6.61048
77.6151
96.0068
41.125
40.5205
8.77668
61.4367
50.2894
70.9055
82.7838
17.269
12.5434
71.005
93.5377
16.705
63.3541
16.1225
17.3727
93.9896
1.58494
98.556
60.6374
1.63663
49.6656
83.0621
62.0467
33.0993
48.668
68.3387
84.9692
32.0836
90.0547
98.8968
73.1755
28.813
96.0514
89.2939
84.7673
57.3841
81.4682
92.2457
2.05486
67.5079
80.209
99.3418
90.3526
26.3755
18.8809
16.7749
84.8356
50.4925
66.6561
55.8865
66.0467
89.8993
72.2003
34.5288
30.1041
90.3633
79.2
86.9154
93.8019
70.0001
46.2127
90.3606
0.553164
43.989
14.6568
32.5701
25.7802
92.2581
93.9704
43.1303
91.9093
16.5439
42.6371
96.5958
36.7392
3.2737
86.9466
69.5903
26.0604
6.13683
95.5256
55.0725
59.7604
10.9534
19.9447
30.9019
27.575
85.8105
64.5304
89.8087
11.125
86.7333
99.1373
61.9898
94.2785
77.2358
15.3538
43.0492
4.80155
64.9753
36.6679
8.61436
79.8979
58.7595
13.9685
30.7288
4.85864
85.5026
30.2277
27.6971
55.8024
78.5877
17.1191
92.8597
59.6214
88.2833
15.8711
59.6585
75.8653
63.4272
62.9842
39.938
82.7847
88.4311
46.7572
57.862
58.704
7.59951
45.1041
72.3095
45.1843
36.0097
98.9669
6.27346
77.6405
30.7433
15.5644
55.3512
52.1587
86.1142
93.7438
45.7017
50.788
51.648
22.9638
49.9846
67.4834
2.78641
53.4604
45.8653
9.63999
53.3448
40.4912
26.7737
3.08795
86.2794
83.6422
50.9621
1.56988
88.2343
64.2188
61.7282
78.6468
95.5627
43.0126
80.9142
17.6899
85.1547
81.4116
58.2955
81.6397
48.8162
5.46211
61.7414
71.5926
53.8657
77.5596
53.2939
67.3168
43.2691
56.9904
96.3733
52.482
2.48104
21.0522
24.6077
1.63321
26.6914
55.7637
66.5452
24.9022
72.8332
41.6261
37.4063
9.53123
73.7414
85.7728
3.19246
15.3824
9.10868
14.0979
60.2274
65.9354
98.3218
21.3628
59.876
69.7368
37.2181
29.1591
30.7441
6.25329
96.9284
79.158
40.9132
49.2382
72.8643
83.3117
9.23272
71.7955
28.0732
11.7295
60.9119
71.8001
47.8996
15.0468
40.2746
89.3058
41.124
55.3511
1.49659
2.85244
59.7996
11.0154
17.5834
21.2856
71.3474
27.3593
72.5232
90.6785
75.0245
40.3841
59.5981
37.4196
5.93169
44.0011
50.3518
56.5065
34.2739
10.8026
60.0298
92.292
73.4577
39.5587
67.3629
90.9122
95.961
57.9645
74.4605
22.5356
13.6466
83.1363
51.6687
65.2617
72.7568
89.176
75.1514
48.907
80.6532
39.8401
33.9476
32.0149
36.7574
12.0801
39.9007
26.9839
10.9339
51.985
83.1979
90.0376
77.3478
84.932
65.1252
15.0838
76.965
76.8941
64.6536
81.7338
61.1569
89.8429
31.6442
27.7445
43.3637
17.6041
63.5835
94.1195
49.0519
44.8882
86.1251
9.81231
70.5842
40.2009
28.9433
15.9153
52.9933
89.1389
54.2609
94.2456
61.2177
54.9934
18.1107
89.0773
45.844
36.9254
62.9834
92.0118
17.1687
53.9594
22.8577
16.5081
91.3395
34.4967
87.5441
54.3791
35.1874
84.8692
65.4669
76.4113
17.4114
76.8036
84.8368
10.9683
99.799
66.363
21.847
96.9944
71.5902
10.7674
28.5195
72.0203
15.0232
10.4028
62.535
85.4027
4.28826
53.8957
87.9728
75.1332
28.4199
45.3933
30.1547
74.4758
86.1654
52.8058
27.1359
24.3634
60.0205
14.3739
57.0644
57.2515
10.7512
16.8517
47.7256
11.8791
6.26364
48.8309
40.7217
23.5752
93.9654
18.557
49.3681
99.9552
75.528
77.6189
62.3677
81.1824
18.5493
69.7065
36.2901
18.2628
77.0375
57.8992
17.8395
3.76945
16.3893
21.2554
73.4154
4.90874
0.498971
66.8768
27.8357
50.952
45.795
63.641
64.8723
95.4025
60.4893
34.9673
84.7929
48.9587
36.6678
38.4455
45.7992
12.4534
40.6023
54.3795
98.3511
72.5087
92.5643
52.7982
9.60226
11.5342
45.4433
72.2186
38.9569
1.25846
86.7223
49.8266
22.3202
77.3025
51.7135
38.8039
50.751
12.1579
85.488
61.8667
65.383
71.2567
63.4868
56.8133
63.9819
47.0705
0.980484
31.2018
16.7416
94.498
42.3522
73.4842
0.928614
37.9576
82.9529
84.0781
97.6996
98.2491
99.3545
63.3203
61.279
1.0962
6.89106
79.5717
88.0537
68.5652
86.5296
62.63
18.4216
34.3189
59.3091
88.9582
65.222
82.0438
6.18143
63.9372
22.5985
78.5993
93.5695
97.924
13.0473
12.0588
9.77437
19.1914
14.9951
40.8521
1.91758
1.46906
14.6384
20.6099
36.7357
66.1877
1.59517
73.7678
7.40733
39.0057
14.3602
50.1705
27.5023
13.8241
35.7187
94.2765
73.7511
14.1808
18.7116
44.6269
9.73635
35.0519
19.2016
47.949
96.2751
85.556
4.62306
62.5726
28.7937
26.5293
86.2954
74.1362
40.4259
15.8969
7.33217
86.5623
88.5079
78.8977
25.4814
46.2113
89.7567
26.5181
35.6585
89.369
45.7768
6.97543
57.7632
30.5644
78.1627
65.7821
45.6074
40.9382
51.7936
13.6996
90.3012
69.7594
86.4846
42.5806
45.5254
12.8717
24.229
84.5445
73.4907
3.74626
77.1759
8.42837
93.4534
68.0796
66.9514
94.0466
32.7408
52.3868
44.9396
69.9774
12.541
34.735
72.1975
39.807
36.7458
42.0999
88.3806
24.2067
34.5077
49.7176
26.7468
2.36002
79.5337
5.67598
57.5758
86.3775
14.7893
25.698
99.183
94.1005
40.4819
43.3636
10.0235
67.2212
75.4869
5.95716
8.40671
82.9113
79.8891
58.7637
86.1336
6.81746
8.48612
86.3783
58.5186
81.3727
51.8363
23.4326
43.4083
82.4567
45.9927
12.3028
6.98309
42.1063
34.4697
84.1051
72.6729
88.9255
66.124
15.0799
1.43272
27.0443
31.8716
88.9213
92.7025
21.6982
95.7139
34.9248
18.5699
69.2581
38.1047
93.109
64.5807
39.0505
64.541
24.3007
26.9801
92.7745
75.2261
57.1079
72.7579
15.752
98.7874
49.5637
87.6317
47.3414
8.33405
57.2175
62.4162
69.8702
92.2558
9.86109
20.4976
99.9511
55.8727
86.7491
54.439
48.1007
79.8644
88.5473
1.2315
72.8397
65.3065
4.38776
75.7964
6.64094
12.6813
51.1868
27.2822
24.9437
83.8548
75.118
95.2858
4.46337
7.13948
74.0092
62.1307
34.0321
56.4004
56.5167
10.3522
35.6194
19.8846
87.7188
75.438
61.8298
95.1558
37.3503
27.9898
38.6281
43.1107
8.04897
81.3258
51.6848
62.9064
57.1691
58.4772
36.1139
94.5952
9.73887
70.9364
96.1576
82.1011
37.392
38.933
91.2446
46.6822
51.0562
0.15602
71.4803
57.9494
37.3964
67.491
8.80589
80.4213
97.1362
57.5437
30.0806
55.9202
97.2479
