30
30
7.56597
90.658
65.8696
13.3534
64.5293
68.1945
49.2392
8.31458
65.4622
66.9182
13.4744
88.6015
9.39209
83.3289
53.041
47.8282
80.6123
52.4094
84.8246
32.5465
44.1726
82.7828
10.9296
27.2722
51.7487
97.5428
34.0894
22.2288
26.3545
60.1583
38.1868
48.8993
74.9173
38.5367
2.12861
50.8192
62.4574
14.3656
4.58087
1.54026
25.8683
2.71024
37.3489
41.3465
29.6714
14.1542
59.3476
83.6297
24.9399
43.8256
40.812
89.6625
7.89404
8.65821
1.74005
37.1825
59.9305
92.5632
84.9743
48.2643
86.9516
77.7326
30.4035
39.7187
74.8994
27.2537
3.0191
0.602173
31.4327
0.893178
7.43051
41.3288
79.9169
99.9778
22.5329
94.9534
27.7601
46.4713
53.6928
41.3582
94.9644
11.9905
80.2576
37.5215
54.1903
27.5326
19.4076
77.1034
4.55688
13.5511
67.3496
77.6096
43.6022
43.7569
4.24804
43.0939
76.4929
11.3337
66.0644
98.3509
14.3675
96.032
50.7209
63.2457
53.0188
70.3611
75.5657
80.1694
31.2959
86.2393
85.5309
77.7472
22.9201
7.52977
89.2702
51.7332
61.622
41.6364
3.45784
64.7152
92.2784
16.2489
52.5269
82.1389
45.8855
55.0673
5.55133
90.8585
15.9146
67.6046
24.2192
17.0778
33.3809
92.0674
92.9172
67.173
29.7087
59.1954
5.10936
75.1215
27.0513
75.1934
85.6413
31.5783
9.26982
26.4527
11.6637
54.1852
26.6106
51.7222
13.7758
70.0111
46.6524
92.2456
57.0384
73.1392
58.0864
6.1535
22.2911
16.8077
75.0351
65.548
96.9946
33.3587
14.6003
87.8706
94.933
76.18
12.8881
46.4676
70.0859
39.0418
55.451
23.1628
85.7687
36.8025
45.8603
88.767
58.7421
40.1617
10.6544
91.3854
13.6133
90.4093
96.4937
0.132301
49.6321
69.4201
72.2179
20.642
31.1753
71.0672
16.2689
60.2404
86.3774
84.9614
63.4363
75.1025
7.47594
99.1274
31.9984
47.8331
61.9619
62.9807
12.433
37.5018
98.4245
87.4966
92.2249
23.4573
47.89
26.9033
43.9123
95.7522
36.2947
51.5609
5.68363
40.4905
85.3346
39.8225
44.8612
48.253
4.44807
8.33623
53.1575
53.5504
14.6701
22.6317
80.2118
82.5974
26.1787
7.19181
33.4744
93.5403
72.2506
38.8857
49.1655
52.6097
14.1073
43.947
16.0763
17.901
73.5557
36.1579
52.7906
9.43389
9.64732
11.8371
62.7816
2.14235
14.8576
10.4092
45.2477
37.8068
22.9365
41.0281
48.4834
90.8502
35.5198
26.6794
52.6833
65.2204
62.6428
56.6372
79.3089
9.05303
84.7459
37.9325
11.3519
54.269
28.7514
7.46169
31.5143
63.965
32.6516
52.9229
59.0659
79.0674
84.055
83.4236
33.3176
85.9248
26.678
5.48804
24.1842
7.89796
4.4644
23.5859
98.3261
34.6472
58.6778
0.516441
27.1824
25.6235
69.0701
16.8108
7.47751
72.2426
30.1574
34.8092
69.4373
55.6546
51.374
27.2665
0.259674
84.2125
58.6065
99.5565
64.402
23.8775
28.2848
81.5707
90.3729
35.0143
58.6456
77.7346
22.5681
27.0961
3.79771
80.9235
60.8259
65.8696
33.9908
20.7226
97.8741
7.95579
65.9762
60.0872
86.3498
74.1045
74.4428
87.3384
29.2103
87.5319
80.0571
9.69356
93.8598
70.4436
62.3381
66.5444
38.7351
38.694
26.8183
28.1796
57.9508
99.6737
26.218
13.4183
62.6159
30.4771
33.6068
26.0463
28.5124
90.628
0.0315227
6.92713
92.7017
3.90877
71.4391
40.6188
52.394
81.9045
18.8527
93.1753
20.1834
32.98
68.7595
72.9272
54.4986
45.7617
99.862
24.6599
65.372
32.3064
52.3638
65.8488
4.13811
49.8039
11.7444
97.2631
89.1549
34.1233
53.2287
54.136
59.6981
16.8423
14.4046
64.9443
34.0662
6.24825
56.5218
8.04864
33.2785
46.1192
93.4349
4.39593
91.5865
68.316
37.3292
78.3761
74.0466
81.4326
15.0328
0.386266
90.952
30.0984
88.4168
31.2342
53.6016
92.6679
58.089
55.0246
68.1141
73.9513
52.0101
67.6539
82.8185
74.4919
51.2941
8.17064
21.1337
43.8601
37.259
20.8104
26.1763
3.12851
98.2557
62.0301
30.6541
3.87356
17.1113
12.7405
8.25096
43.2124
58.3371
90.6257
56.3164
1.83511
93.85
84.0787
26.2748
84.1353
83.537
58.7421
73.9828
58.9372
60.3556
86.7273
45.931
91.9129
85.3626
3.0382
62.7128
30.4342
40.9938
59.1563
71.888
71.1829
16.5288
76.4158
3.73553
41.7712
78.1126
40.5573
95.5763
24.1858
94.7638
6.12034
13.5795
91.1131
73.2337
60.398
37.364
37.673
18.4402
90.8251
73.3418
25.2999
20.7935
52.1792
63.7625
93.4113
36.3167
8.83205
23.8692
45.3897
50.7428
40.204
8.51216
94.9049
50.4624
85.1682
56.804
78.4988
31.5093
25.6747
12.6027
25.9979
59.722
6.24741
49.2021
28.2583
28.5122
11.3153
89.683
86.0941
73.6436
47.8337
76.594
28.9641
56.1813
7.62262
30.6702
57.1271
35.0084
26.9977
43.6455
12.7729
70.858
12.3857
12.0162
63.2029
93.4191
0.0164443
36.8359
22.135
81.9912
14.4378
19.848
43.8007
32.5222
33.3375
11.7953
87.2543
85.2981
48.6202
46.4498
60.3709
93.7647
68.507
97.2169
59.2194
70.3354
61.1045
98.1209
94.1647
98.8857
14.8284
29.3017
47.2739
16.1213
53.7874
41.3155
33.9765
95.5927
61.0217
16.8987
88.1115
28.0173
10.9611
17.0344
92.9202
70.7015
49.4682
5.69451
76.1232
21.962
71.7497
81.1644
45.9439
8.12231
90.6281
95.5361
79.1675
84.9736
43.5106
44.9075
39.0897
23.3406
24.2065
97.7362
1.2894
10.5914
19.8143
65.4857
21.2674
73.6244
42.8967
47.8335
34.2647
60.1632
45.2926
21.4324
82.0168
39.1513
91.7887
49.7668
69.7957
48.3437
10.1285
9.93334
15.7449
21.2983
52.6632
14.1759
11.9713
87.1561
57.6804
9.94773
35.7263
36.2227
60.9391
94.7085
10.6078
56.6502
87.6207
3.25858
88.0622
62.7447
91.6341
66.7869
93.5007
57.0879
8.68663
67.3149
87.7715
38.2384
10.1377
63.5604
16.8507
24.8564
69.1528
86.0804
82.4028
50.7841
8.34055
10.857
1.98458
86.982
57.2216
51.8476
90.0101
2.25458
28.685
6.20053
17.6719
4.51945
91.3701
16.0794
73.7058
8.66849
59.7071
64.2022
6.55611
14.3811
43.4382
9.73354
9.98815
91.3021
9.5043
89.853
15.4845
64.6889
65.2478
67.3764
94.2948
53.248
49.9467
25.3252
11.1886
54.9578
53.137
0.601422
22.0689
94.1707
27.468
91.2963
47.4161
39.2035
50.3441
33.869
53.9611
81.1394
46.219
45.7074
6.16979
93.205
79.5293
58.3319
1.43059
12.5017
5.59789
36.7829
17.3522
79.4237
79.3478
81.4509
10.9284
59.8945
61.0515
47.4113
15.8969
47.8455
11.2092
78.719
81.7914
30.7265
79.3584
10.1608
30.8377
17.131
27.3697
11.049
89.826
13.5339
33.4789
44.4082
3.34274
43.0897
75.1826
28.2748
81.6544
91.6783
19.1857
68.1363
87.7643
90.2048
83.4355
97.9104
17.116
12.8991
37.4213
18.1515
76.5305
17.4097
96.3909
86.3109
22.0966
95.4379
83.8665
39.5062
76.8381
91.5718
17.6051
4.20718
56.9721
43.2124
54.3964
94.6449
52.594
34.573
43.7593
46.3434
56.9261
86.5621
62.431
41.0123
40.1516
8.76066
9.09901
72.0738
66.0361
38.0228
40.2204
70.7012
44.8777
87.6872
33.727
61.3002
45.782
17.7355
93.4673
57.9775
37.7908
63.3125
10.377
50.1771
22.7417
12.7283
96.0754
44.6693
40.1709
80.5422
63.6956
36.3498
65.9099
43.8819
51.9407
0.0460158
69.8122
56.5103
87.9707
13.8816
49.232
18.9394
52.4926
75.6042
67.0456
43.8878
92.1378
62.913
45.1052
4.51622
47.8035
51.3247
96.7913
54.7852
53.5198
65.8314
87.9109
40.5
26.3238
31.8491
99.7278
31.8318
24.1141
56.1147
27.3174
49.8511
17.1621
82.7113
93.9316
6.12224
90.412
66.6417
15.3303
38.8035
97.7009
62.4835
27.7543
31.644
39.7511
36.6771
22.1213
52.0107
8.29678
40.0037
9.18158
48.1647
18.4254
41.3333
84.2593
72.6671
88.7753
86.29
94.2629
65.1264
96.2663
36.0781
58.9501
89.2359
48.7473
31.9544
46.3426
61.1132
11.5195
3.01745
72.5305
59.001
8.26549
45.4899
25.1112
97.7286
74.4679
85.4337
62.3877
58.4738
62.7454
21.9099
44.2401
39.5458
81.5042
64.8015
36.3627
25.1251
52.1999
38.1448
17.0671
96.3123
5.89025
15.4604
77.2066
62.6289
81.1864
65.282
13.6059
87.1237
70.063
16.4183
51.1388
71.1785
90.5951
29.6274
45.5321
25.7926
82.2251
17.1729
11.9937
28.5768
9.82073
