30
30
44.4675
91.1582
35.7551
10.2051
30.8799
45.3521
97.5901
85.2868
72.9559
47.8269
23.9303
6.23869
40.4705
26.6805
46.6168
66.7848
94.8121
11.5121
85.0082
55.344
36.1731
85.4896
8.02953
96.3349
9.61578
47.8
82.6882
20.2127
98.8606
43.3103
48.5731
29.671
90.2572
34.0315
21.7487
52.3008
30.5111
5.8985
39.4254
61.0824
94.9522
21.8625
38.0122
78.8908
83.5569
53.9056
96.4688
69.7865
12.1162
29.9739
80.3936
3.48077
15.334
27.8107
90.3477
23.8321
21.4359
30.1799
58.978
36.7935
30.8821
79.3058
17.5806
20.8052
77.5482
37.208
34.6275
86.6969
91.4438
87.4537
65.001
19.7292
24.5643
89.5984
8.11078
6.85593
89.027
51.2956
46.5623
80.0226
42.0175
67.1512
48.5653
28.9498
25.0391
77.8705
4.3304
91.1702
10.7813
59.7836
89.3133
22.0403
15.0608
27.7857
51.6851
22.9004
34.7981
19.9143
59.6529
39.2706
11.3839
71.2396
60.1997
51.2448
36.2152
74.8955
1.668
0.539113
36.3038
1.90627
16.1957
27.5071
75.1807
44.9002
38.5656
72.8391
60.5587
24.5431
90.0308
54.0916
50.9249
18.9843
12.2975
49.0923
49.5344
3.98589
53.4114
40.6966
59.3396
20.7353
34.2228
33.2464
9.25188
39.0905
34.8017
90.1208
71.3643
71.4545
12.6553
66.2777
82.2999
19.6765
42.8411
2.99139
35.2479
62.3977
94.2751
90.7386
83.5211
26.8243
54.2127
30.2306
36.5648
33.1027
26.6406
86.7423
38.6134
40.1084
32.1403
46.7933
85.7362
53.952
57.8107
98.8503
47.2013
41.6577
79.1478
22.66
18.0168
92.6779
8.29519
49.4511
68.2418
71.7909
28.0305
13.1185
66.7281
85.4453
1.51997
43.3047
14.6763
76.253
45.2915
64.3505
84.7877
49.5409
21.5404
58.5276
99.7612
71.4109
58.1773
56.9759
14.1517
9.05552
35.0655
22.0968
43.3257
79.6869
58.9638
19.9231
8.8736
35.8023
24.6318
13.142
10.3564
0.869652
73.6771
91.2712
75.4761
55.6116
1.21428
33.6605
88.5506
94.3838
13.8849
88.7736
2.95236
62.237
17.8673
20.4965
5.63376
91.4237
66.2277
53.2422
43.8573
25.1863
93.4611
14.7802
92.3422
25.2415
2.22294
28.5501
78.6434
27.6232
48.39
72.7541
95.1447
64.4158
74.7923
2.30042
38.98
31.4449
70.2254
21.6532
21.0244
0.627218
27.387
43.0607
94.3773
64.6606
6.23272
59.5858
49.2344
65.0781
0.443468
85.5149
4.33414
16.1211
32.797
85.0201
33.5367
51.674
96.7919
50.4343
55.6537
61.5084
39.4822
80.59
65.9358
18.097
29.3331
15.2331
76.7364
34.5759
6.44096
70.5653
22.1676
85.9146
42.822
65.7882
22.8379
63.2086
73.7375
58.2899
0.143579
22.5403
28.8406
84.0211
75.0849
52.7201
93.8937
69.339
76.3059
9.93391
60.7907
56.5234
35.1856
30.7534
56.0662
21.5473
95.4928
62.9936
3.78362
71.1202
48.4608
95.2146
73.5177
84.4046
3.78191
63.3185
71.422
14.2616
29.4363
26.9796
2.14718
25.3299
16.0014
43.6208
76.3633
0.326408
54.943
22.4438
47.9824
3.92909
58.3239
33.5448
51.6681
99.6013
5.54562
58.3666
85.7372
26.9377
33.219
25.4368
92.1446
49.088
22.6016
16.5784
78.7818
68.4425
69.5512
31.0078
63.496
94.5144
27.4231
87.6621
29.664
32.1225
76.4178
61.3834
33.8631
6.61703
19.2357
98.4167
59.5828
19.8323
73.027
32.2581
65.5371
23.6426
32.421
0.970278
3.67407
67.7949
31.8778
62.7099
71.2556
8.51622
59.4004
44.57
91.2804
32.7598
4.74521
21.7859
94.658
49.9634
16.5027
13.6851
7.20743
29.1378
55.2771
3.2021
82.9229
29.1696
59.2074
16.1062
55.0178
3.78038
88.3243
87.0844
16.545
95.4147
4.7539
74.7943
16.2556
27.0924
36.2275
55.6601
12.2981
22.7189
15.992
5.54195
62.1961
31.7249
23.9331
19.9879
65.9648
60.1234
90.0484
7.53384
84.0808
77.721
51.1845
86.852
87.4935
92.7522
67.7743
54.6192
9.326
46.6908
34.9754
43.4826
28.6337
30.1907
66.9389
65.3436
49.694
52.8059
34.442
80.7406
92.2701
46.9998
69.0379
56.7105
59.148
11.5952
49.6519
98.0873
36.5412
51.4318
41.3969
90.6979
96.9566
49.6012
46.4348
7.32574
65.7792
0.0324458
20.1563
32.9686
76.4221
35.9457
47.1567
96.4285
62.0686
29.6487
36.5992
58.2102
12.2063
79.012
72.021
25.0299
51.745
90.8239
51.3685
9.11137
28.0979
63.337
5.29479
65.679
6.70897
44.599
73.6208
26.1262
8.80855
62.541
62.3436
69.5596
88.3567
7.24074
43.5289
71.8368
40.6996
21.951
12.6841
89.1609
65.8762
92.2593
70.5083
34.9252
95.004
77.563
87.226
83.4698
14.757
71.3564
75.0762
88.2213
53.3854
12.8286
49.7599
84.4299
95.7835
60.4728
13.6197
1.56077
30.3153
16.9628
78.8856
35.0476
24.1143
87.0115
0.470472
70.8903
88.8898
78.0277
38.8549
18.6822
26.7013
51.249
27.1952
42.0038
46.6009
43.9365
42.6178
26.3522
21.0083
73.1635
24.7625
4.81726
54.2256
40.4577
81.3865
45.3847
6.90757
20.9454
67.34
30.3478
37.1191
11.8542
73.4165
60.06
34.1682
96.899
32.9589
18.5386
14.6269
97.0651
30.8885
5.71331
23.27
52.2251
93.7488
37.4248
95.305
51.7292
54.45
84.3453
78.4583
90.4415
11.5262
98.8246
14.0785
7.51274
54.1932
69.4486
83.289
36.8996
18.7045
44.3598
92.3598
45.2533
0.759561
56.1192
9.58313
22.1198
84.4148
6.88619
67.5734
65.8136
0.717342
0.832972
39.4511
77.2186
52.1817
66.6614
26.8054
42.6713
37.7308
91.287
40.2014
95.9562
94.6081
74.5513
21.1324
55.754
99.7639
0.251757
15.7853
53.7521
19.5168
79.3713
45.7238
71.6499
45.009
87.6108
60.9747
3.09696
33.5875
18.8224
93.0089
42.7211
47.4339
83.3876
19.8364
78.5339
87.6696
99.9689
67.4338
42.548
45.5125
80.6591
77.3427
39.9928
81.4588
42.0778
23.094
30.1117
37.3708
27.6395
35.2832
79.5768
13.5395
42.6228
4.60876
63.5476
2.23772
58.0398
33.9854
39.3008
42.0924
45.234
36.4699
84.8587
78.6926
71.5656
32.9839
72.015
78.4272
57.8753
54.0742
44.3372
94.7376
84.8554
94.1861
50.9074
25.3668
59.9937
48.8162
81.7307
26.6787
80.5365
80.3364
69.6586
52.2059
26.7286
47.9624
9.12391
25.6133
99.799
40.0181
42.9254
84.6851
13.6885
37.0404
45.354
98.3709
75.6552
9.74572
69.7142
98.0767
50.0304
38.9453
69.2889
5.98783
49.9401
50.6714
25.6185
75.7789
2.56832
33.3409
6.04997
26.2603
51.9863
14.6676
39.8167
87.7033
51.0593
42.7114
44.4357
92.8079
82.7393
90.3592
68.0727
33.5249
15.5743
33.0236
98.3398
43.089
52.2937
15.2267
78.7358
27.3731
78.9381
50.7477
48.0656
73.0341
80.7831
62.9894
3.41843
24.6522
12.9177
19.5894
68.883
56.595
78.2152
42.0545
45.7431
85.0447
82.0122
86.5281
38.0418
19.2092
75.2179
46.7653
5.09048
48.5582
5.03856
76.7671
0.96431
6.36798
59.5639
73.4735
12.2285
73.1242
1.65516
73.4324
33.0278
29.5993
44.72
96.6562
5.18867
93.2541
89.248
21.089
83.3236
26.1775
51.1784
71.3564
84.8438
22.0303
29.4534
22.7269
32.8977
12.2583
92.1192
3.4614
24.2134
14.7843
46.4813
99.041
56.3984
98.5092
42.7624
18.2163
23.0643
52.3265
99.0509
8.80671
32.1676
92.1046
2.70612
31.4489
45.2403
3.91567
60.9057
71.0269
77.2369
93.8898
15.7921
77.6516
4.76956
19.8127
90.7996
66.4226
27.8326
25.1428
1.80124
67.3024
67.078
61.708
77.7769
83.7715
77.4473
93.5101
66.282
96.0984
33.1096
62.0403
12.2251
93.9103
5.02234
22.2955
0.33198
1.83536
82.1309
2.96017
16.7701
62.2816
75.9019
2.32013
15.6935
23.9787
95.0306
37.5648
71.5131
76.3907
30.1814
78.5683
68.2667
73.446
21.2719
51.2504
96
50.5716
95.1653
39.7144
29.1262
62.7089
6.76034
85.2035
99.099
98.2764
11.5436
21.4209
85.159
8.3084
54.1386
88.1265
47.1253
97.9322
31.7735
38.4204
56.8764
7.28884
29.684
74.9745
0.604074
44.9656
25.0496
67.3077
29.8444
19.7811
94.0127
14.2163
73.6359
47.4918
38.7653
37.9329
94.8765
30.7327
87.9096
30.5479
43.5168
15.4593
82.3266
56.1859
85.5453
48.0283
3.91856
24.777
2.70179
51.5862
29.2199
23.299
35.1214
54.8268
76.7757
67.9064
12.0436
86.7576
45.0846
13.6158
97.2285
87.5229
80.4983
69.7343
80.6014
0.805636
50.1581
