50
50
10.3527
34.9673
4.80155
16.2258
45.7992
58.7595
51.7031
72.5087
30.2277
25.0238
45.4433
92.8597
70.0262
49.8266
75.8653
64.6786
50.751
88.4311
44.4675
79.3713
71.1202
45.3521
60.9747
3.78191
23.9303
42.7211
26.9796
66.7848
87.6696
76.3633
36.1731
80.6591
3.92909
47.8
23.094
5.54562
7.56597
15.7449
27.2665
68.1945
87.1561
64.402
13.4744
60.9391
35.0143
47.8282
3.25858
3.79771
44.1726
93.5007
20.8968
71.2567
45.1041
96.1728
0.980484
6.27346
36.2837
73.4842
52.1587
38.8043
97.6996
51.648
69.9891
1.0962
53.4604
42.8802
86.5296
26.7737
48.5731
79.5768
25.4368
52.3008
2.23772
78.7818
94.9522
45.234
94.5144
53.9056
32.9839
76.4178
80.3936
44.3372
98.4167
23.8321
25.3668
65.5371
38.1868
69.1528
87.5319
50.8192
10.857
62.3381
25.8683
90.0101
28.1796
14.1542
4.51945
62.6159
40.812
59.7071
12.5379
88.9582
1.56988
39.9238
22.5985
95.5627
88.2727
12.0588
81.4116
38.3414
1.91758
61.7414
31.7804
66.1877
67.3168
26.0342
14.3602
2.48104
30.8821
80.5365
67.7949
37.208
47.9624
59.4004
65.001
42.9254
21.7859
6.85593
98.3709
7.20743
42.0175
50.0304
29.1696
77.8705
50.6714
88.3243
86.9516
15.4845
93.1753
27.2537
53.248
54.4986
7.43051
53.137
32.3064
94.9534
91.2963
11.7444
94.9644
53.9611
78.2446
94.2765
55.7637
69.4369
9.73635
37.4063
81.6343
85.556
15.3824
44.39
86.2954
98.3218
3.79295
86.5623
29.1591
61.1796
89.7567
40.9132
89.3133
6.04997
74.7943
22.9004
87.7033
12.2981
11.3839
82.7393
31.7249
74.8955
33.0236
90.0484
16.1957
78.7358
86.852
72.8391
73.0341
9.326
67.3496
5.59789
46.1192
43.0939
81.4509
37.3292
14.3675
15.8969
0.386266
70.3611
30.7265
53.6016
85.5309
27.3697
46.5552
6.97543
71.7955
52.4623
45.6074
47.8996
83.6259
69.7594
55.3511
10.1849
24.229
17.5834
82.9228
8.42837
90.6785
77.1687
32.7408
5.93169
50.9249
12.9177
30.1907
3.98589
42.0545
34.442
34.2228
38.0418
56.7105
90.1208
48.5582
36.5412
82.2999
59.5639
49.6012
62.3977
73.4324
20.1563
92.2784
81.6544
20.8104
55.0673
90.2048
30.6541
24.2192
37.4213
43.2124
67.173
86.3109
93.85
27.0513
76.8381
74.1107
34.735
10.8026
9.20404
88.3806
67.3629
99.4022
2.36002
22.5356
64.41
14.7893
72.7568
41.6953
43.3636
39.8401
47.3159
8.40671
39.9007
54.2127
5.18867
96.4285
86.7423
26.1775
12.2063
85.7362
29.4534
90.8239
41.6577
3.4614
5.29479
8.29519
56.3984
26.1262
13.1185
52.3265
88.3567
13.7758
43.7593
30.4342
73.1392
41.0123
16.5288
75.0351
66.0361
40.5573
87.8706
87.6872
13.5795
70.0859
93.4673
92.955
6.81746
90.0376
24.4014
51.8363
76.965
84.3928
12.3028
89.8429
39.6391
72.6729
63.5835
0.797788
27.0443
9.81231
41.125
95.7139
52.9933
14.6763
2.70612
21.951
49.5409
71.0269
70.5083
58.1773
4.76956
83.4698
22.0968
25.1428
53.3854
8.8736
77.7769
60.4728
0.869652
96.0984
78.8856
10.6544
40.1709
8.83205
0.132301
43.8819
8.51216
31.1753
87.9707
78.4988
84.9614
75.6042
59.722
31.9984
45.1052
70.9055
93.109
54.9934
93.5377
26.9801
62.9834
93.9896
15.752
16.5081
49.6656
8.33405
35.1874
68.3387
9.86109
76.8036
73.1755
54.439
21.847
1.21428
5.02234
70.8903
88.7736
2.96017
26.7013
5.63376
15.6935
43.9365
25.1863
76.3907
24.7625
2.22294
21.2719
45.3847
72.7541
39.7144
37.1191
47.89
26.3238
57.1271
51.5609
56.1147
70.858
44.8612
93.9316
0.0164443
53.5504
38.8035
19.848
26.1787
39.7511
57.3841
72.8397
72.0203
80.209
12.6813
4.28826
16.7749
75.118
45.3933
66.0467
62.1307
27.1359
90.3633
35.6194
57.2515
46.2127
95.1558
6.26364
38.98
99.099
96.899
0.627218
8.3084
30.8885
6.23272
31.7735
37.4248
85.5149
74.9745
78.4583
33.5367
29.8444
7.51274
61.5084
47.4918
18.7045
16.0763
84.2593
61.1045
9.43389
65.1264
29.3017
14.8576
48.7473
33.9765
41.0281
3.01745
28.0173
52.6833
25.1112
32.5701
8.04897
18.557
91.9093
58.4772
62.3677
3.2737
96.1576
18.2628
95.5256
46.6822
16.3893
30.9019
37.3964
66.8768
11.125
57.5437
64.8723
29.3331
87.9096
56.1192
70.5653
56.1859
67.5734
22.8379
2.70179
77.2186
22.5403
54.8268
37.7308
93.8937
45.0846
74.5513
56.5234
69.7343
15.7853
28.7514
81.5042
79.1675
52.9229
38.1448
23.3406
33.3176
77.2066
19.8143
7.89796
87.1237
47.8335
58.6778
90.5951
77.2358
36.2198
48.9587
36.6679
84.1492
40.6023
30.7288
86.6885
52.7982
55.8024
99.5786
38.9569
88.2833
67.8105
77.3025
62.9842
51.5752
85.488
95.4928
35.7551
71.6499
95.2146
85.2868
33.5875
71.422
40.4705
83.3876
25.3299
11.5121
67.4338
54.943
8.02953
39.9928
33.5448
20.2127
37.3708
69.4373
65.8696
52.6632
84.2125
8.31458
9.94773
28.2848
9.39209
10.6078
77.7346
52.4094
62.7447
60.8259
10.9296
57.862
54.5873
56.8133
45.1843
99.8884
16.7416
30.7433
57.6148
37.9576
93.7438
48.4051
99.3545
49.9846
99.3555
79.5717
9.63999
62.3262
18.4216
85.7372
90.2572
42.6228
49.088
5.8985
33.9854
69.5512
38.0122
84.8587
87.6621
69.7865
78.4272
33.8631
15.334
84.8554
19.8323
30.1799
48.8162
74.4428
74.9173
82.4028
9.69356
14.3656
86.982
38.7351
37.3489
28.685
99.6737
83.6297
16.0794
33.6068
7.89404
86.2794
19.6331
82.0438
64.2188
81.344
93.5695
80.9142
31.7154
19.1914
81.6397
45.7152
14.6384
53.8657
17.7748
73.7678
56.9904
84.0521
27.5023
32.421
17.5806
69.6586
62.7099
86.6969
25.6133
91.2804
24.5643
13.6885
49.9634
51.2956
9.74572
55.2771
48.5653
69.2889
16.1062
91.1702
75.7789
52.394
30.4035
65.2478
32.98
0.602173
25.3252
99.862
79.9169
22.0689
65.8488
46.4713
39.2035
89.1549
80.2576
24.6077
0.227238
14.1808
24.9022
37.4911
19.2016
73.7414
93.9086
62.5726
14.0979
29.6275
40.4259
59.876
95.7491
78.8977
6.25329
91.5916
35.6585
16.545
15.0608
51.9863
27.0924
19.9143
42.7114
15.992
60.1997
68.0727
19.9879
0.539113
43.089
84.0808
75.1807
78.9381
92.7522
24.5431
62.9894
56.5218
43.6022
17.3522
4.39593
11.3337
59.8945
74.0466
50.7209
11.2092
30.0984
80.1694
10.1608
58.089
22.9201
72.8643
48.8728
30.5644
11.7295
27.0192
51.7936
40.2746
28.3843
42.5806
2.85244
73.0209
73.4907
71.3474
94.8719
68.0796
40.3841
55.5308
44.9396
34.9754
12.2975
68.883
65.3436
40.6966
85.0447
92.2701
9.25188
75.2179
11.5952
71.4545
76.7671
41.3969
42.8411
12.2285
7.32574
90.7386
29.5993
21.1337
52.5269
19.1857
3.12851
90.8585
97.9104
17.1113
33.3809
76.5305
90.6257
59.1954
95.4379
26.2748
85.6413
50.3518
9.46189
39.807
92.292
73.6476
34.5077
95.961
48.9076
5.67598
83.1363
89.1382
99.183
75.1514
1.9462
67.2212
32.0149
71.7402
79.8891
76.4221
36.5648
89.248
29.6487
40.1084
71.3564
72.021
57.8107
32.8977
9.11137
22.66
14.7843
6.70897
68.2418
42.7624
62.541
85.4453
8.80671
85.3626
46.6524
56.9261
59.1563
6.1535
8.76066
3.73553
96.9946
40.2204
24.1858
76.18
61.3002
73.2337
55.451
10.9339
10.7899
86.3783
84.932
43.2953
43.4083
64.6536
84.7546
42.1063
27.7445
69.8612
66.124
49.0519
6.61048
88.9213
40.2009
8.77668
18.5699
43.5289
45.2915
45.2403
89.1609
58.5276
93.8898
95.004
14.1517
90.7996
71.3564
79.6869
67.3024
49.7599
24.6318
77.4473
1.56077
91.2712
62.0403
63.7625
13.6133
63.6956
45.3897
69.4201
0.0460158
50.4624
16.2689
49.232
25.6747
75.1025
43.8878
49.2021
61.9619
54.2609
17.269
39.0505
89.0773
63.3541
75.2261
17.1687
98.556
49.5637
34.4967
62.0467
62.4162
65.4669
32.0836
99.9511
10.9683
96.0514
79.8644
24.1143
88.5506
0.33198
78.0277
62.237
62.2816
27.1952
66.2277
95.0306
26.3522
14.7802
78.5683
54.2256
78.6434
96
20.9454
64.4158
62.7089
56.1813
43.9123
99.7278
26.9977
40.4905
49.8511
12.0162
4.44807
90.412
22.135
22.6317
62.4835
32.5222
33.4744
71.5902
92.2457
4.38776
10.4028
90.3526
27.2822
87.9728
50.4925
4.46337
74.4758
72.2003
56.4004
60.0205
86.9154
87.7188
16.8517
0.553164
27.9898
73.4165
70.2254
11.5436
18.5386
43.0607
88.1265
23.27
49.2344
56.8764
51.7292
16.1211
44.9656
11.5262
96.7919
94.0127
69.4486
80.59
37.9329
97.2169
73.5557
88.7753
94.1647
11.8371
36.0781
16.1213
45.2477
46.3426
61.0217
90.8502
59.001
17.0344
62.6428
40.7217
92.2581
51.6848
99.9552
42.6371
94.5952
18.5493
69.5903
37.392
57.8992
59.7604
0.15602
73.4154
85.8105
8.80589
50.952
99.1373
55.9202
92.3598
76.7364
43.5168
22.1198
85.9146
48.0283
0.717342
73.7375
29.2199
66.6614
84.0211
67.9064
40.2014
76.3059
97.2285
55.754
30.7534
0.805636
8.12231
31.5143
36.3627
43.5106
79.0674
96.3123
97.7362
26.678
81.1864
21.2674
23.5859
16.4183
60.1632
27.1824
60.4893
43.0492
20.3764
38.4455
79.8979
11.34
98.3511
85.5026
31.6648
11.5342
17.1191
13.4724
86.7223
59.6585
67.4421
38.8039
82.7847
9.94497
19.5168
3.78362
30.8799
87.6108
84.4046
47.8269
93.0089
29.4363
46.6168
78.5339
43.6208
55.344
45.5125
47.9824
9.61578
42.0778
99.6013
43.3103
9.93334
51.374
64.5293
11.9713
99.5565
66.9182
36.2227
90.3729
53.041
87.6207
27.0961
32.5465
66.7869
33.9908
65.383
7.59951
77.0174
47.0705
98.9669
78.5338
42.3522
55.3512
99.4083
84.0781
50.788
60.3001
61.279
2.78641
45.6129
68.5652
40.4912
33.6342
35.2832
33.219
21.7487
63.5476
16.5784
61.0824
42.0924
63.496
83.5569
71.5656
32.1225
29.9739
54.0742
19.2357
90.3477
50.9074
32.2581
36.7935
24.8564
29.2103
2.12861
8.34055
70.4436
1.54026
51.8476
26.8183
29.6714
17.6719
13.4183
43.8256
8.66849
28.5124
59.3091
50.9621
53.211
63.9372
78.6468
29.9312
13.0473
85.1547
19.3663
40.8521
5.46211
33.7667
36.7357
53.2939
96.5011
39.0057
52.482
44.8458
26.6787
3.67407
77.5482
26.7286
8.51622
87.4537
40.0181
4.74521
8.11078
45.354
13.6851
80.0226
98.0767
82.9229
25.0391
49.9401
3.78038
59.7836
89.853
18.8527
74.8994
94.2948
72.9272
0.893178
54.9578
65.372
22.5329
27.468
49.8039
41.3582
33.869
53.2287
35.7187
26.6914
56.2895
44.6269
41.6261
47.3422
96.2751
3.19246
71.3806
26.5293
65.9354
12.9337
7.33217
37.2181
34.2885
46.2113
79.158
2.35178
33.3409
4.7539
51.6851
39.8167
55.6601
39.2706
92.8079
62.1961
36.2152
15.5743
60.1234
1.90627
15.2267
51.1845
38.5656
48.0656
54.6192
54.0916
12.5017
33.2785
4.24804
79.3478
68.316
98.3509
47.4113
15.0328
53.0188
81.7914
31.2342
86.2393
17.131
68.1141
45.7768
9.23272
69.2803
65.7821
71.8001
11.1295
90.3012
41.124
26.0687
12.8717
11.0154
9.91491
77.1759
72.5232
21.2817
94.0466
37.4196
23.3307
24.6522
28.6337
49.5344
78.2152
52.8059
20.7353
86.5281
69.0379
34.8017
5.09048
98.0873
66.2777
6.36798
96.9566
35.2479
1.65516
0.0324458
26.8243
28.2748
37.259
45.8855
87.7643
62.0301
67.6046
12.8991
8.25096
92.9172
96.3909
1.83511
75.1215
39.5062
83.537
12.541
34.2739
54.9645
42.0999
39.5587
2.75845
26.7468
74.4605
95.2491
86.3775
65.2617
97.0048
40.4819
80.6532
79.9453
5.95716
12.0801
25.363
96.6562
47.1567
26.6406
83.3236
58.2102
46.7933
22.0303
51.745
47.2013
92.1192
63.337
92.6779
99.041
73.6208
28.0305
23.0643
69.5596
43.3047
34.573
62.7128
57.0384
62.431
71.1829
16.8077
72.0738
78.1126
14.6003
44.8777
6.12034
46.4676
17.7355
37.364
86.1336
83.1979
41.0754
81.3727
15.0838
10.3637
45.9927
61.1569
39.4807
84.1051
17.6041
85.4158
1.43272
86.1251
96.0068
21.6982
15.9153
50.2894
92.1046
40.6996
84.7877
60.9057
92.2593
71.4109
77.6516
87.226
35.0655
27.8326
88.2213
19.9231
61.708
95.7835
10.3564
66.282
16.9628
55.6116
44.6693
36.3167
96.4937
65.9099
40.204
20.642
56.5103
56.804
86.3774
52.4926
25.9979
99.1274
62.913
28.5122
38.1047
61.2177
71.005
24.3007
36.9254
17.3727
72.7579
22.8577
1.63663
47.3414
54.3791
48.668
92.2558
17.4114
98.8968
86.7491
66.363
84.7673
93.9103
0.470472
13.8849
82.1309
18.6822
20.4965
2.32013
46.6009
43.8573
71.5131
73.1635
25.2415
73.446
81.3865
48.39
95.1653
30.3478
2.30042
40.5
30.6702
36.2947
24.1141
12.7729
39.8225
82.7113
93.4191
53.1575
15.3303
14.4378
82.5974
31.644
11.7953
1.2315
28.5195
67.5079
6.64094
85.4027
18.8809
83.8548
28.4199
55.8865
74.0092
52.8058
30.1041
10.3522
57.0644
70.0001
61.8298
11.8791
14.6568
85.2035
34.1682
21.0244
85.159
97.0651
64.6606
97.9322
93.7488
0.443468
29.684
84.3453
85.0201
67.3077
14.0785
55.6537
73.6359
36.8996
18.097
41.3333
70.3354
52.7906
94.2629
14.8284
2.14235
89.2359
41.3155
22.9365
11.5195
88.1115
26.6794
45.4899
70.7015
43.1107
93.9654
43.1303
57.1691
77.6189
36.7392
70.9364
36.2901
6.13683
91.2446
3.76945
19.9447
57.9494
0.498971
89.8087
97.1362
63.641
94.2785
30.7327
0.759561
6.44096
82.3266
6.88619
65.7882
24.777
39.4511
0.143579
35.1214
42.6713
52.7201
86.7576
94.6081
60.7907
80.4983
0.251757
21.5473
39.5458
95.5361
32.6516
52.1999
39.0897
83.4236
15.4604
10.5914
24.1842
13.6059
42.8967
34.6472
71.1785
21.4324
81.7476
84.7929
64.9753
87.207
12.4534
13.9685
82.4968
92.5643
27.6971
86.2744
72.2186
59.6214
63.736
22.3202
63.4272
67.1704
12.1579
46.7572
91.1582
45.7238
48.4608
97.5901
3.09696
63.3185
6.23869
47.4339
2.14718
94.8121
99.9689
0.326408
85.4896
77.3427
58.3239
82.6882
30.1117
58.3666
90.658
21.2983
0.259674
49.2392
57.6804
23.8775
88.6015
94.7085
58.6456
80.6123
88.0622
80.9235
82.7828
57.0879
11.5842
63.4868
72.3095
22.8668
31.2018
77.6405
35.5578
0.928614
86.1142
99.033
98.2491
22.9638
80.3784
6.89106
45.8653
26.5084
62.63
3.08795
29.671
13.5395
92.1446
30.5111
58.0398
68.4425
21.8625
36.4699
27.4231
96.4688
72.015
61.3834
3.48077
94.7376
59.5828
21.4359
59.9937
23.6426
48.8993
86.0804
80.0571
62.4574
1.98458
66.5444
2.71024
2.25458
57.9508
59.3476
91.3701
30.4771
89.6625
64.2022
64.0075
65.222
88.2343
53.3419
78.5993
43.0126
7.22012
9.77437
58.2955
30.0488
1.46906
71.5926
27.9386
1.59517
43.2691
40.0164
50.1705
21.0522
79.3058
80.3364
31.8778
34.6275
9.12391
44.57
19.7292
84.6851
94.658
89.027
75.6552
29.1378
67.1512
38.9453
59.2074
4.3304
25.6185
87.0844
77.7326
64.6889
20.1834
3.0191
49.9467
45.7617
41.3288
0.601422
52.3638
27.7601
47.4161
97.2631
11.9905
81.1394
94.2855
73.7511
66.5452
27.1308
35.0519
9.53123
70.7695
4.62306
9.10868
24.6158
74.1362
21.3628
95.5164
88.5079
30.7441
93.2046
26.5181
49.2382
22.0403
26.2603
16.2556
34.7981
51.0593
22.7189
71.2396
90.3592
23.9331
1.668
98.3398
7.53384
27.5071
27.3731
87.4935
60.5587
80.7831
46.6908
77.6096
36.7829
93.4349
76.4929
10.9284
78.3761
96.032
47.8455
90.952
75.5657
79.3584
92.6679
77.7472
11.049
89.8288
57.7632
28.0732
92.3036
40.9382
15.0468
17.1922
86.4846
1.49659
43.423
84.5445
21.2856
84.1714
93.4534
75.0245
87.688
52.3868
44.0011
18.9843
19.5894
66.9389
53.4114
45.7431
80.7406
33.2464
19.2092
59.148
71.3643
5.03856
51.4318
19.6765
73.4735
46.4348
94.2751
33.0278
32.9686
16.2489
91.6783
26.1763
5.55133
83.4355
3.87356
17.0778
18.1515
58.3371
29.7087
22.0966
84.0787
75.1934
91.5718
10.5627
72.1975
60.0298
5.80414
24.2067
90.9122
90.8461
79.5337
13.6466
40.2337
25.698
89.176
10.8614
10.0235
33.9476
17.1851
82.9113
26.9839
30.2306
93.2541
62.0686
38.6134
51.1784
79.012
53.952
22.7269
51.3685
79.1478
24.2134
65.679
49.4511
98.5092
8.80855
66.7281
99.0509
7.24074
70.0111
46.3434
40.9938
58.0864
40.1516
76.4158
65.548
38.0228
95.5763
94.933
33.727
91.1131
39.0418
57.9775
68.3962
8.48612
77.3478
36.3349
23.4326
76.8941
70.1717
6.98309
31.6442
89.0258
88.9255
94.1195
37.2117
31.8716
70.5842
40.5205
34.9248
89.1389
76.253
31.4489
12.6841
21.5404
77.2369
34.9252
56.9759
19.8127
14.757
43.3257
1.80124
12.8286
35.8023
83.7715
13.6197
73.6771
33.1096
35.0476
91.3854
80.5422
23.8692
49.6321
51.9407
94.9049
71.0672
13.8816
31.5093
63.4363
67.0456
6.24741
47.8331
4.51622
82.7838
64.5807
18.1107
16.705
92.7745
92.0118
1.58494
98.7874
91.3395
83.0621
57.2175
84.8692
84.9692
20.4976
84.8368
28.813
48.1007
96.9944
33.6605
22.2955
88.8898
2.95236
16.7701
51.249
91.4237
23.9787
42.6178
93.4611
30.1814
4.81726
28.5501
51.2504
6.90757
95.1447
29.1262
11.8542
26.9033
31.8491
35.0084
5.68363
27.3174
12.3857
48.253
6.12224
36.8359
14.6701
97.7009
43.8007
7.19181
36.6771
81.4682
65.3065
15.0232
99.3418
51.1868
53.8957
84.8356
95.2858
30.1547
89.8993
34.0321
24.3634
79.2
19.8846
10.7512
90.3606
37.3503
48.8309
31.4449
98.2764
32.9589
27.387
54.1386
5.71331
59.5858
38.4204
95.305
4.33414
0.604074
90.4415
51.674
19.7811
54.1932
39.4822
38.7653
44.3598
17.901
72.6671
98.1209
9.64732
96.2663
47.2739
10.4092
31.9544
95.5927
48.4834
72.5305
10.9611
65.2204
97.7286
25.7802
81.3258
49.3681
16.5439
36.1139
81.1824
86.9466
82.1011
77.0375
55.0725
51.0562
21.2554
27.575
67.491
27.8357
86.7333
30.0806
95.4025
15.2331
30.5479
9.58313
22.1676
85.5453
65.8136
63.2086
51.5862
52.1817
28.8406
76.7757
91.287
69.339
13.6158
21.1324
35.1856
80.6014
53.7521
7.46169
64.8015
84.9736
59.0659
17.0671
24.2065
85.9248
62.6289
65.4857
4.4644
70.063
34.2647
0.516441
29.6274
15.3538
72.6297
36.6678
8.61436
51.2517
54.3795
4.85864
94.945
9.60226
78.5877
3.89965
1.25846
15.8711
57.894
51.7135
39.938
5.64438
61.8667
62.9936
10.2051
45.009
73.5177
72.9559
18.8224
14.2616
26.6805
19.8364
16.0014
85.0082
42.548
22.4438
96.3349
81.4588
51.6681
98.8606
27.6395
55.6546
13.3534
14.1759
58.6065
65.4622
35.7263
81.5707
83.3289
56.6502
22.5681
84.8246
91.6341
65.8696
27.2722
58.704
1.52626
63.9819
36.0097
35.3361
94.498
15.5644
81.9742
82.9529
45.7017
33.6107
63.3203
67.4834
87.6952
88.0537
53.3448
88.9256
34.3189
26.9377
34.0315
4.60876
22.6016
39.4254
39.3008
31.0078
78.8908
78.6926
29.664
12.1162
57.8753
6.61703
27.8107
94.1861
73.027
58.978
81.7307
87.3384
38.5367
50.7841
93.8598
4.58087
57.2216
38.694
41.3465
6.20053
26.218
24.9399
73.7058
26.0463
8.65821
83.6422
35.9131
6.18143
61.7282
36.0022
97.924
17.6899
39.7158
14.9951
48.8162
99.4613
20.6099
77.5596
66.8464
7.40733
96.3733
92.4068
13.8241
0.970278
20.8052
52.2059
71.2556
91.4438
99.799
32.7598
89.5984
37.0404
16.5027
46.5623
69.7142
3.2021
28.9498
5.98783
55.0178
10.7813
2.56832
81.9045
39.7187
67.3764
68.7595
31.4327
11.1886
24.6599
99.9778
94.1707
4.13811
53.6928
50.3441
34.1233
37.5215
1.63321
92.2628
18.7116
72.8332
32.5956
47.949
85.7728
26.6604
28.7937
60.2274
49.6148
15.8969
69.7368
75.6689
25.4814
96.9284
89.6965
89.369
95.4147
27.7857
14.6676
36.2275
59.6529
44.4357
5.54195
51.2448
33.5249
65.9648
36.3038
52.2937
77.721
44.9002
50.7477
67.7743
90.0308
3.41843
8.04864
43.7569
79.4237
91.5865
66.0644
61.0515
81.4326
63.2457
78.719
88.4168
31.2959
30.8377
55.0246
7.52977
83.3117
1.75349
78.1627
60.9119
72.8272
13.6996
89.3058
75.8828
45.5254
59.7996
63.2381
3.74626
27.3593
83.4443
66.9514
59.5981
80.5172
69.9774
43.4826
49.0923
56.595
49.694
59.3396
82.0122
46.9998
39.0905
46.7653
49.6519
12.6553
0.96431
90.6979
2.99139
73.1242
65.7792
83.5211
44.72
43.8601
82.1389
68.1363
98.2557
15.9146
17.116
12.7405
92.0674
17.4097
56.3164
5.10936
83.8665
84.1353
31.5783
56.5065
84.7859
36.7458
73.4577
63.0214
49.7176
57.9645
68.1001
57.5758
51.6687
72.4822
94.1005
48.907
61.7183
75.4869
36.7574
47.9377
58.7637
35.9457
33.1027
21.089
36.5992
32.1403
84.8438
25.0299
98.8503
12.2583
28.0979
18.0168
46.4813
44.599
71.7909
18.2163
62.3436
1.51997
32.1676
3.0382
92.2456
86.5621
71.888
22.2911
9.09901
41.7712
33.3587
70.7012
94.7638
12.8881
45.782
60.398
23.1628
51.985
1.7247
58.5186
65.1252
6.24321
82.4567
81.7338
75.5679
34.4697
43.3637
38.7531
15.0799
44.8882
77.6151
92.7025
28.9433
61.4367
69.2581
71.8368
64.3505
3.91567
65.8762
99.7612
15.7921
77.563
9.05552
66.4226
75.0762
58.9638
67.078
84.4299
13.142
93.5101
30.3153
75.4761
12.2251
93.4113
90.4093
36.3498
50.7428
72.2179
69.8122
85.1682
60.2404
18.9394
12.6027
7.47594
92.1378
28.2583
62.9807
94.2456
12.5434
64.541
45.844
16.1225
57.1079
53.9594
60.6374
87.6317
87.5441
33.0993
69.8702
76.4113
90.0547
55.8727
99.799
89.2939
88.5473
87.0115
94.3838
1.83536
38.8549
17.8673
75.9019
42.0038
53.2422
37.5648
21.0083
92.3422
68.2667
40.4577
27.6232
50.5716
67.34
74.7923
6.76034
7.62262
95.7522
31.8318
43.6455
85.3346
17.1621
63.2029
8.33623
66.6417
81.9912
80.2118
27.7543
33.3375
93.5403
10.7674
2.05486
75.7964
62.535
26.3755
24.9437
75.1332
66.6561
7.13948
86.1654
34.5288
56.5167
14.3739
93.8019
75.438
47.7256
43.989
38.6281
60.06
21.6532
21.4209
14.6269
94.3773
47.1253
52.2251
65.0781
7.28884
54.45
32.797
25.0496
98.8246
50.4343
14.2163
83.289
65.9358
94.8765
59.2194
36.1579
86.29
98.8857
62.7816
58.9501
53.7874
37.8068
61.1132
16.8987
35.5198
8.26549
92.9202
56.6372
23.5752
93.9704
62.9064
75.528
96.5958
9.73887
69.7065
26.0604
38.933
17.8395
10.9534
71.4803
4.90874
64.5304
80.4213
45.795
61.9898
97.2479
45.2533
34.5759
15.4593
84.4148
42.822
3.91856
0.832972
58.2899
23.299
26.8054
75.0849
12.0436
95.9562
9.93391
87.5229
99.7639
56.0662
50.1581
90.6281
63.965
25.1251
44.9075
84.055
5.89025
1.2894
5.48804
65.282
73.6244
98.3261
51.1388
45.2926
25.6235
