75
75
91.8458
27.0706
88.7297
96.0411
0.374203
38.3351
86.3874
87.1161
36.7835
63.3081
34.9993
83.1814
84.8821
73.4569
11.6922
62.2153
70.0396
14.1548
63.7835
48.6801
82.3389
77.002
34.8382
36.654
27.5681
28.4928
17.5692
92.067
37.0605
89.4947
16.1204
33.7489
12.5538
8.1338
83.1165
4.26728
48.3322
28.0911
29.271
22.9617
65.6169
22.4245
7.69907
25.306
70.7954
63.1805
46.5085
87.9691
78.9426
1.32785
55.0092
55.1617
26.3095
3.85798
42.0089
21.1064
28.8305
29.6121
98.155
22.0241
10.0884
16.1117
99.9322
80.3443
87.5515
17.479
76.5023
2.9684
99.5628
36.3975
35.0487
94.411
87.491
64.3783
9.46902
69.3065
44.8291
95.0574
78.8136
97.8803
33.1831
79.5996
22.7697
73.582
80.3142
90.3658
80.7106
43.5004
6.56876
31.5007
54.5794
34.6594
66.6849
72.8566
88.9198
99.6205
18.8945
99.1375
20.8705
72.904
64.5678
5.70943
3.35514
11.077
2.89684
4.13363
14.6223
27.9337
47.4724
32.8486
13.9157
0.651401
15.3583
60.4762
69.4577
97.7
60.1834
45.7435
88.9811
72.9969
30.0846
81.8655
53.7306
76.1291
78.4816
92.5803
44.431
18.0407
57.4907
30.5348
77.3156
88.7629
64.4575
1.50379
42.4948
17.9805
85.0851
88.3071
3.44866
36.1743
93.6329
70.3176
52.0746
82.8306
82.7079
17.1505
76.351
48.7662
96.7462
49.9946
54.2278
26.9452
21.2222
54.8752
67.7671
30.2505
45.8819
10.6671
50.6923
33.8169
87.7521
49.0737
79.0234
78.4968
40.3709
85.0185
82.3253
70.5202
15.1643
56.2991
10.4663
24.734
18.536
93.2686
14.0284
88.6553
42.3155
13.3354
70.3221
34.7458
97.555
40.2129
85.5629
32.4406
54.6103
67.7677
62.0813
10.4116
29.2028
97.6841
38.9333
57.6616
50.926
30.4585
30.8473
94.0735
10.7777
50.1191
67.5279
41.4983
56.749
67.0693
26.5142
41.124
85.9064
52.0003
20.3567
99.8288
61.7369
95.7958
59.5815
61.5521
85.8262
74.3716
18.0929
19.308
2.33875
30.8346
13.0376
87.5055
1.43059
67.9486
27.5195
54.7866
62.6094
51.3736
31.9601
23.3677
3.00067
24.7241
94.952
16.9053
28.2282
77.294
79.112
93.0697
76.1241
20.3608
73.9062
89.3363
10.2283
57.2124
16.306
33.8845
34.4198
97.2592
41.8614
79.2408
48.8321
43.7882
25.4437
60.8965
79.4383
36.2078
72.4132
29.2877
88.5724
43.6737
83.2527
51.2916
52.9945
89.9652
24.7928
39.0524
91.3446
94.3634
58.8073
19.6825
97.6001
45.3752
29.0769
43.1391
79.3422
56.804
24.6492
27.0231
13.7899
48.6004
60.4786
5.35329
99.0669
70.5352
17.8057
53.1522
94.101
67.3672
54.7132
71.0624
78.7874
79.6055
91.3931
44.4644
37.0033
3.29357
91.8425
22.9401
22.8341
24.3855
8.97947
2.56901
93.061
80.7717
79.4248
46.3869
25.0058
68.8044
44.2963
23.5062
4.69862
89.6142
43.5374
98.7996
64.9843
97.4654
76.6927
45.8457
1.80204
44.83
79.82
49.2159
77.2874
3.70338
51.495
75.0294
50.7445
20.7116
49.1258
6.22156
98.1178
39.1
28.477
57.5631
31.1706
1.4237
82.6405
2.6434
6.34366
81.0924
52.6505
19.0459
62.4033
51.0374
53.2174
32.9691
57.4062
7.24068
39.3489
6.33198
72.5589
18.5335
89.286
17.0248
96.3263
90.1538
54.6253
16.7003
37.4977
72.6314
59.7677
73.4715
93.6427
15.3722
87.2491
62.4447
26.7794
91.9267
6.16187
69.6592
30.8055
11.3511
31.8119
30.5313
93.9006
44.7707
11.2628
99.981
30.3787
97.5053
91.9718
72.694
77.1052
30.1593
30.2167
2.72642
8.04446
6.26557
72.8413
32.6658
3.58103
13.3076
11.5624
2.66203
84.6289
23.4362
45.581
4.59354
29.0883
67.3248
68.382
16.6285
45.6447
66.8284
38.4531
76.3202
76.1208
69.9727
79.7716
94.9787
68.0873
80.5543
56.4919
49.7666
9.09652
1.47212
6.13878
82.088
46.1039
68.5662
47.0545
60.1688
47.0771
16.3445
61.0365
43.8383
74.5403
41.4122
80.4422
58.7808
91.6836
14.7151
79.8103
98.7073
70.5358
6.60923
91.6434
72.2215
27.4079
0.743823
7.27291
57.6442
39.0227
84.2682
58.6599
22.4723
50.8262
12.3643
72.0582
36.1075
55.3982
58.8965
19.475
20.5791
26.0247
41.3993
44.8466
53.842
68.8563
36.1794
12.014
79.3845
96.9171
99.1602
63.4806
9.12072
40.8728
5.1135
88.7226
84.1025
2.34396
34.8238
86.8993
93.5776
30.4624
17.9079
80.6951
42.6508
12.0253
95.0138
0.743714
39.9479
82.9806
57.9028
80.9847
71.255
0.911766
35.3039
22.8747
10.639
71.5296
86.0847
33.6492
14.2708
66.8093
61.3976
44.7288
99.1892
16.5527
87.1021
87.3101
40.8996
95.8925
54.6794
66.7133
6.78654
12.0026
83.1405
80.3656
79.232
2.30165
46.1467
35.4881
47.4175
20.9721
37.7164
49.3548
17.6228
60.401
55.5491
54.6897
89.4163
77.7268
24.0159
89.8368
4.53124
70.0277
86.177
1.29814
51.8759
24.7173
9.60161
70.9985
9.07499
60.289
79.2082
40.7775
94.0946
65.095
45.0258
94.2283
84.4815
19.4513
40.216
3.65219
8.39753
81.4964
60.4081
29.5585
52.9916
76.8453
81.0766
16.3524
69.1961
19.6911
30.4399
63.8204
82.5726
77.7189
63.4783
5.48502
0.261388
75.8355
81.6723
30.6852
58.1734
39.0985
79.6963
49.4815
16.7437
74.8958
59.6
35.6239
20.8913
25.9023
60.9675
29.8801
63.2493
51.8055
56.7152
94.4098
77.0983
9.70969
62.7743
10.2792
68.9319
58.0076
10.9288
33.6416
97.8615
63.5187
47.36
49.8606
28.2707
46.0694
69.7714
8.81081
13.5819
6.07463
60.4285
41.1547
42.2969
64.2784
24.8595
48.7516
41.1575
4.38858
40.1313
72.4618
0.946477
89.3435
94.1662
87.2354
31.4574
89.3241
86.1729
94.4099
59.4908
93.1215
70.7425
38.8025
48.6691
24.7496
96.3079
66.4174
85.058
10.7562
78.6875
78.3005
35.2908
87.3385
93.6658
8.28328
80.1464
12.4743
21.0461
37.5844
84.9276
65.3224
13.7759
61.6186
48.8764
24.9527
61.6597
36.3101
40.7819
33.5989
22.8842
20.6448
39.0118
44.6274
59.5119
61.7081
65.4026
45.3239
43.5977
37.7999
80.4361
33.1713
17.956
40.9951
68.6755
77.9374
30.7451
60.4455
19.9765
44.4287
85.1733
94.1158
92.7626
30.6747
72.6432
72.18
61.1935
66.1186
49.25
22.6674
98.8625
77.4808
76.8486
87.789
89.0187
75.0537
3.73741
63.1756
71.5474
84.3191
28.9881
63.635
88.2219
77.6539
3.4626
37.2796
4.85892
12.5752
73.9461
25.9336
69.4313
98.6636
5.50791
25.753
47.1209
5.12993
46.1131
66.2577
30.3434
29.7446
30.1717
66.739
3.53522
50.6354
20.498
23.678
16.5093
60.052
70.5764
27.693
82.4931
36.558
92.5716
49.3345
17.9899
49.6873
87.2938
83.1438
45.064
86.0486
25.2036
2.43824
35.0656
38.8286
84.1544
57.2936
29.4838
25.6713
79.8907
80.1078
24.1135
37.7123
37.7698
10.0028
80.0319
1.12041
8.27831
2.25581
61.7192
56.689
67.6051
68.8427
15.978
3.91308
2.79295
18.3217
46.9708
46.1137
90.8256
40.3958
90.7058
76.6464
48.631
71.3896
29.734
59.2626
33.5684
8.67672
67.2869
72.2264
77.2272
23.3675
33.5089
41.3552
61.6042
76.1783
42.4955
30.6602
27.3366
44.1125
65.6994
16.415
14.79
35.8419
30.8252
67.7595
23.1439
16.4192
64.1234
80.1051
59.7076
0.982675
13.5988
85.786
62.6739
12.396
77.623
93.6677
85.4325
25.931
17.955
7.96297
8.67627
0.18782
4.00845
53.8762
70.0762
82.0818
27.2162
4.33425
6.06525
73.8673
79.2322
40.2321
95.9079
3.89578
59.9183
61.0551
71.6508
2.4884
36.7312
40.0701
28.5638
6.93943
33.8437
37.2449
80.4802
9.35588
3.60439
37.9471
71.4059
51.8941
80.469
71.8054
83.3984
61.243
71.2799
62.1194
46.629
56.9923
17.5914
40.7064
53.3229
52.0063
12.9509
39.0064
75.0426
29.9996
15.7891
98.7915
14.2365
10.9462
59.0972
78.2087
56.3133
56.3599
30.561
73.7123
6.209
87.9528
5.28953
76.8552
33.9238
10.2137
51.059
89.8891
11.1415
82.6798
75.9142
37.6046
74.6221
92.3637
88.5905
15.5132
98.8145
43.8382
24.1199
89.1104
92.9985
14.4266
97.2917
61.9779
14.7954
70.5387
58.3345
99.5661
58.0771
58.2912
88.1859
63.7447
46.4035
46.0015
32.9761
32.3421
95.774
47.9451
17.4514
82.0926
96.455
12.2703
3.13952
99.5694
34.0466
15.5602
1.14893
8.20121
81.0604
3.47862
58.5987
39.5961
16.0597
30.4245
16.7578
5.35996
14.5297
70.7666
90.3983
90.8001
17.601
33.1811
40.6217
99.614
38.6948
41.9525
46.7745
13.7111
92.7
34.8194
58.695
69.351
5.55274
37.4786
86.5376
44.13
80.171
96.7148
28.6416
63.5568
98.6629
40.3304
15.3695
83.5035
66.1152
52.1067
63.9655
26.0238
56.3671
13.1352
79.0894
16.6118
54.6557
76.8436
18.1638
5.51834
3.28405
4.79652
58.1418
54.3143
33.7972
26.9756
12.914
40.4561
39.1791
97.8476
66.2861
60.9811
0.953584
44.5551
63.8907
18.3487
86.3259
12.2835
63.2879
9.55499
35.3954
5.0067
85.9959
8.67541
46.9104
91.0005
67.8056
98.6047
13.3009
66.4017
53.9106
86.7639
46.6336
18.0663
40.9703
35.6725
23.9695
0.566356
62.1994
56.2514
16.3619
94.7346
97.2034
31.7724
95.7464
85.4143
67.3289
54.6086
14.1419
44.9118
67.6264
60.9959
1.21714
67.6695
46.1945
63.7865
99.6321
91.4486
61.4966
8.07589
45.0506
98.5123
66.1319
99.7079
94.0414
43.6605
36.1186
64.6888
81.878
30.0167
87.9636
2.29838
94.8902
3.96634
58.6048
92.9828
54.2721
46.6736
68.5891
81.3452
87.0629
94.0946
14.6678
32.6788
77.6716
79.1795
15.2387
81.1062
84.5633
20.835
7.87249
31.8467
83.2452
72.3704
21.6159
23.0894
66.5881
12.9331
57.1547
14.8411
20.2133
15.9344
80.2419
85.7645
79.6377
72.9388
99.5377
49.5845
3.63738
66.723
95.2855
76.8437
84.115
5.33753
4.46653
37.7686
45.2451
30.9716
76.9175
83.5399
57.8252
55.5636
24.0561
79.7791
68.1743
21.626
6.58808
2.219
0.169369
46.3739
31.5041
72.6586
90.9456
99.7757
32.0953
54.9178
10.1723
34.8989
99.5676
16.4142
79.0262
31.9637
6.04611
9.81169
3.21862
12.417
38.7216
18.0023
24.6892
91.981
81.8221
27.1072
29.6839
88.4711
23.918
47.5225
33.7274
58.7652
8.50987
6.1524
69.8288
50.9001
24.282
99.5171
72.1576
83.8812
3.26041
93.6745
26.2397
48.0048
70.0523
42.6676
36.876
52.3533
27.0514
10.0463
42.2375
10.6821
99.3667
57.1056
79.1267
22.5825
45.5678
50.5085
58.4259
39.6821
74.1634
39.5383
48.9291
40.1674
13.6948
59.8074
92.911
18.5994
11.4696
32.8649
80.6333
41.9395
38.4544
50.0122
21.7841
31.5832
3.71463
80.824
97.0901
45.1062
17.187
76.5578
54.2236
14.5247
48.8678
96.5252
59.7831
0.280152
5.05684
83.5816
21.2658
50.0253
29.7363
31.0067
88.035
71.526
33.5511
39.6155
52.9392
51.6879
50.9527
3.34094
25.2329
20.1065
10.6842
76.0274
91.5875
78.1509
19.6085
22.5706
32.1361
40.2739
3.31422
42.9152
35.5515
28.8173
39.3134
4.05538
0.645014
9.99942
53.5382
95.796
84.7738
40.6949
33.3302
71.271
49.1853
93.4663
69.6982
14.9319
97.7128
98.9701
73.3926
4.40673
83.1595
87.4751
61.802
10.6587
10.6198
5.72084
73.2711
93.1029
41.8358
97.9544
98.834
7.91509
42.843
49.9229
76.316
86.0507
50.7286
50.2909
15.966
28.0008
29.9942
14.2489
17.7531
55.4438
71.2053
80.3855
64.7523
57.5472
69.1898
2.4457
39.4569
15.1943
84.6289
94.4288
61.216
51.0649
97.5754
87.6699
58.0007
38.275
98.5555
4.23993
24.3955
22.9806
47.3612
35.159
71.2698
22.0177
74.7312
36.0979
50.323
84.4761
14.7331
89.3452
60.0807
23.332
56.8698
33.5145
88.6317
82.6542
73.1631
50.8568
56.5752
78.9026
22.1704
72.2921
31.1422
7.56256
53.5455
67.7852
82.3719
89.895
94.4232
82.1013
28.2454
58.5192
42.4431
27.4814
73.1608
14.989
68.0658
75.8764
37.8436
80.0139
45.4317
54.9912
12.4005
99.965
67.7211
53.4232
18.2643
75.3433
66.0146
43.2538
69.3649
55.3299
85.0519
9.16584
91.7668
89.4461
55.2394
85.2179
69.882
89.0967
44.4604
40.9536
43.7249
14.2979
60.3739
20.3338
53.0684
21.8461
0.927426
22.0528
1.37331
46.9231
34.9062
50.8094
85.0471
91.0279
98.9112
64.0839
98.5641
99.2607
28.0006
75.2095
66.1611
59.6445
15.3671
76.0934
80.3794
76.6693
34.3633
61.7596
95.1804
50.6526
52.907
43.6739
34.4747
35.9468
42.2184
65.3957
58.1919
91.5835
72.0393
3.65154
94.9962
87.5024
50.8151
17.8612
96.5597
2.48673
46.0543
45.7902
30.2354
18.4605
6.52899
46.9652
22.3285
96.6522
47.9882
18.8781
28.7211
93.415
34.5428
41.0742
10.7893
73.3138
66.6861
81.2907
61.6109
81.083
26.608
9.28455
10.7745
54.2439
50.2616
49.6152
10.8791
57.518
15.8123
91.1808
83.1498
64.7993
12.7857
57.5656
71.0935
20.5969
94.0074
75.2955
10.2028
64.9999
93.0448
2.98295
24.0659
39.138
88.6428
3.98421
71.4173
74.7856
47.1164
59.6024
65.7617
30.1589
47.0085
11.9848
16.1463
6.84703
1.06052
37.9577
80.0637
49.597
33.2916
38.684
72.7576
94.1603
83.7295
68.019
31.4391
95.7726
2.27325
21.433
66.8391
94.2095
84.4686
45.777
30.0934
7.64121
34.7653
73.8923
46.8721
44.3374
65.6453
98.3585
14.6642
74.7198
86.8568
6.81892
56.8976
20.6867
20.2562
7.80146
28.2041
65.3887
84.6162
40.5255
14.5068
6.1911
12.8833
81.4451
33.5823
91.2765
89.1444
22.6958
26.3572
10.5393
19.0806
35.1433
91.5034
24.7738
4.21593
76.783
16.3869
52.6448
92.929
96.8555
82.2612
95.8221
89.6873
43.3049
6.11323
68.1258
73.2327
94.1522
79.9688
10.8421
54.1028
78.7795
60.4859
77.6953
52.3156
47.9746
84.5109
47.6654
42.1288
66.8953
72.7587
28.5568
50.9506
74.3587
90.9295
84.5839
88.0838
10.757
57.4704
66.5727
0.0820239
36.0463
43.393
41.8633
97.3855
48.2064
58.5576
5.86634
62.5969
82.3394
71.2714
80.6771
21.6141
71.9845
5.45393
41.0462
49.1391
47.657
52.4915
39.497
76.6539
10.6032
45.2812
88.5173
29.7522
77.2151
29.0708
50.11
67.8291
84.4644
69.6363
83.8587
13.3486
70.4644
52.5897
7.58994
56.0524
97.9387
17.7845
51.2272
24.059
66.9689
91.9788
71.2947
77.2575
62.187
82.1032
71.5929
98.3826
53.6246
76.5418
29.474
50.9003
53.5593
41.6238
87.9824
11.6704
42.0781
29.9755
59.6402
86.2646
58.8256
90.991
68.8166
67.1087
21.3631
21.3936
48.3595
69.7658
52.4521
91.0471
74.9632
12.089
26.7676
16.1714
58.0251
51.1801
34.583
11.8942
62.4564
34.8484
3.01595
57.5076
8.1656
21.3844
70.1228
72.0049
7.09455
13.8063
26.0288
62.8653
50.3039
41.5626
91.5277
76.0534
86.9593
71.72
5.02035
76.17
65.8928
60.816
8.07983
17.312
31.0862
39.7116
27.8704
5.99441
87.8772
34.2829
99.7101
27.1134
50.1037
77.1315
44.1088
22.8036
98.7335
67.0579
24.4787
51.9294
35.6327
71.5874
54.2765
1.35449
94.276
72.8158
56.1134
76.7132
89.5135
81.1845
93.0758
37.4813
44.784
79.8023
47.2331
26.4359
27.9182
6.27741
98.7677
58.4964
48.882
85.0257
21.423
93.2402
67.4839
82.4703
68.2827
48.167
7.99099
24.0496
62.3216
82.9302
19.0449
24.8134
4.66207
28.2236
41.4387
81.6214
33.3187
11.0533
37.281
84.6261
60.6762
3.14267
90.7058
92.8919
53.3697
23.8239
38.7694
29.5189
45.2721
82.959
55.6684
65.0637
22.2621
93.4982
39.5058
85.2395
91.3781
69.966
6.06459
60.7251
63.5669
66.5696
46.8682
9.55814
66.8237
78.6354
24.1393
73.9075
80.3858
97.3275
88.2817
27.2477
28.8987
60.4418
6.86942
50.2393
85.7341
65.5025
90.0794
39.2878
85.013
28.4397
81.9154
20.5045
97.5905
66.888
13.3574
60.9278
57.268
31.9406
28.1609
55.6333
69.6988
35.0916
43.645
60.6899
3.83005
65.3065
20.8963
25.1462
21.7866
87.778
46.1983
17.5132
2.79273
51.5592
17.6717
37.7933
14.6109
2.1781
83.6093
76.2956
79.956
84.1703
44.7375
71.0345
4.38015
47.8272
32.6494
87.0818
76.172
48.6754
32.7039
53.7061
27.1485
81.6293
73.08
42.2843
31.0913
25.2691
20.6332
54.577
62.2228
10.6801
43.9818
33.3207
22.0898
3.52274
15.4066
29.6976
13.3976
68.61
64.1371
53.9479
5.52921
63.2037
50.8118
62.7817
16.6637
83.4899
64.9776
28.5505
4.76288
3.3462
85.8164
31.3051
62.136
53.3642
75.6809
8.00722
52.5813
7.05802
34.5478
28.9366
89.6905
6.08414
98.2021
27.5732
41.893
98.8622
82.3994
66.0657
64.6161
96.1455
32.5539
80.4711
81.4623
47.3152
58.0856
56.5156
90.4431
70.6683
76.7043
49.3861
50.633
7.34043
83.2415
37.4388
31.5873
91.4616
73.1435
61.6202
47.0342
69.3308
47.4186
93.5871
76.4747
51.4293
44.6296
40.7884
41.5839
7.85212
76.742
58.6957
96.334
3.95401
36.2089
56.4444
76.5257
30.2633
64.2246
54.1492
45.9907
6.80459
15.1483
84.5364
81.0038
91.7854
45.1467
99.1748
72.1233
47.582
69.9432
15.2877
11.6149
82.9284
75.0269
97.4499
18.5041
90.4418
92.9151
12.805
18.0371
62.7502
11.9192
12.829
99.6619
64.5609
16.6212
13.488
55.2273
57.5779
17.8102
71.1438
49.2406
37.917
72.4584
14.7106
2.79139
46.6779
75.8061
24.4201
6.40526
19.7942
91.806
26.5861
74.2792
25.2761
9.70751
62.2885
77.837
71.4139
67.1287
71.1759
78.6188
97.647
96.4042
29.7312
61.7477
88.9505
54.266
25.0968
55.8043
37.9437
57.2778
49.036
84.187
60.6296
19.352
53.0664
37.4711
68.6471
0.24624
3.31744
73.3597
56.6501
82.4834
94.6641
94.6868
97.5219
94.8015
41.818
25.3608
54.4703
18.8087
38.9783
2.70055
72.0864
50.2817
7.94472
50.8965
62.9265
70.6694
81.4673
61.8541
67.0684
40.3678
52.2172
48.2422
72.9466
89.9876
81.6016
7.63965
1.70781
56.1279
14.3254
40.8062
11.4338
47.5233
72.3265
66.5563
43.6155
55.4424
3.34729
5.9613
72.9494
9.46776
82.7207
76.3508
2.41572
81.0932
77.3994
16.9819
99.5389
98.5245
89.8718
15.906
56.3906
59.7315
90.6845
68.4067
21.4335
43.7024
75.3803
99.1763
5.81319
67.084
60.4779
45.9496
37.5833
57.7806
4.9505
65.9566
46.6856
22.8797
92.1364
85.3142
85.1017
54.9325
45.8388
3.19565
80.6427
57.4113
91.023
58.9242
11.2863
34.0476
95.7017
2.0123
99.8556
12.5161
19.1966
14.8461
9.76896
58.3268
61.1407
21.3226
55.4927
91.6737
29.7075
84.4937
66.1392
45.3713
18.3759
94.9112
60.3146
41.052
50.2557
8.24498
31.3757
61.3122
77.5085
64.2128
5.68022
58.0474
98.8714
48.787
86.6161
22.5486
1.31328
73.5781
77.1843
10.5307
17.1831
79.4866
80.3451
62.8086
75.4671
28.8964
34.1595
88.0158
86.6269
6.27669
26.7231
74.0079
87.6608
90.7643
8.91132
51.8403
98.4717
28.0022
96.8149
19.7555
72.5558
19.3975
88.0355
21.2945
49.2643
70.3628
17.3816
44.4022
32.714
90.3843
15.3217
77.9383
47.9838
26.2044
52.6932
7.67222
82.9784
68.9409
12.9742
48.387
73.9295
90.4073
85.4803
50.6113
12.4807
94.2319
71.1308
4.2042
26.4383
68.6534
15.0314
75.7824
9.88337
70.7757
11.0148
36.0306
63.0241
94.0103
27.45
36.7619
92.5435
52.8876
54.8171
85.7695
18.1548
8.56859
98.9307
50.3787
45.181
30.4158
59.0367
26.0422
69.2581
27.6971
88.9532
65.5168
88.4561
80.1685
19.2533
94.9417
61.6184
22.3767
55.5508
82.6194
50.7951
15.8437
98.5419
53.7849
1.5107
65.2494
22.6425
55.2031
74.3236
58.3753
30.203
25.6076
74.8704
74.0065
39.1735
14.5089
53.9291
86.0136
30.6452
67.8342
88.705
89.4642
9.28531
28.1017
71.4199
83.3436
51.7113
73.8492
96.0374
22.1625
72.8014
11.9019
67.1578
86.4317
86.9664
31.1684
66.5632
89.4955
51.6698
91.3407
40.8873
7.49304
40.159
25.4641
3.80405
70.1062
34.2873
76.079
51.9739
25.1366
78.8861
57.286
23.0247
79.7354
43.2543
95.8975
11.1299
92.6469
83.4009
50.7872
54.1221
41.8868
98.9466
12.9782
27.7204
47.5065
14.8909
82.3494
85.8911
93.8558
41.5485
98.7986
94.2377
94.9366
65.4038
45.2235
61.0291
22.0635
11.7999
47.8169
89.6095
49.4357
76.1211
52.2992
13.829
94.9106
94.4362
64.2716
95.4169
71.4538
33.2465
82.7443
57.9998
48.8699
19.1768
70.3895
27.4354
26.2662
83.3727
0.14891
14.8098
55.353
32.8744
24.3405
86.615
1.06865
10.9337
5.85255
58.7443
21.2532
16.5982
49.5719
1.12441
67.8842
11.887
65.3674
89.1459
66.5495
88.6057
20.9869
87.8718
57.8945
12.439
81.2737
90.0616
10.0754
29.9075
7.09418
72.4548
46.3617
60.828
54.9254
11.1891
73.9491
96.0927
69.8125
47.2217
98.9728
62.4854
80.3153
19.8926
52.0626
66.534
36.9459
41.4284
24.9404
6.34702
99.9578
15.8086
58.0621
5.47952
24.3927
50.943
56.1785
94.1409
38.1323
15.5097
62.7989
67.26
95.2833
31.3257
18.527
92.1376
16.6274
82.826
80.2745
45.0242
4.12979
26.1393
35.4692
96.4628
54.7625
11.2258
72.6414
87.5462
20.5059
54.4197
94.5694
29.341
29.4097
27.0489
88.2411
89.0428
61.7847
10.4099
97.7056
77.9835
53.4194
22.9004
13.7306
62.2007
96.1951
39.1107
40.5322
3.8817
99.2967
10.7644
57.082
49.309
64.1202
8.39103
18.0935
64.4656
91.3728
95.6259
22.8183
70.7112
69.4913
63.8147
97.4042
23.2748
98.1166
17.888
96.3287
16.4269
84.9943
65.891
26.7913
66.5559
6.36943
31.7252
24.9264
57.376
38.7321
67.5015
24.2521
27.5359
60.7572
23.8245
15.6655
29.0329
71.3226
37.542
51.3255
93.2134
66.857
53.1757
3.36323
91.5757
31.2405
51.5695
43.4238
2.13396
64.3941
80.3881
96.8388
72.5807
13.5526
76.434
99.511
12.6147
74.673
39.4661
18.4619
29.8616
98.1074
82.6973
30.3383
32.9402
74.9355
10.111
67.8911
44.5047
6.83152
17.6502
44.7453
49.502
61.2654
54.2946
33.4161
68.2613
56.3114
86.1674
68.0855
25.0688
59.2304
44.8375
40.5037
56.2377
46.2227
95.4603
47.5274
27.6956
77.8119
38.2782
18.5004
51.3558
68.2532
57.8074
22.7779
26.3201
12.7712
15.5324
65.4906
16.6254
15.1305
79.1128
84.6035
75.6472
8.9042
51.7923
92.5298
76.6429
46.4594
14.5017
62.4662
38.3555
75.7416
71.1937
12.9665
15.7811
67.3401
28.8394
1.12636
74.809
44.3235
85.6411
62.1334
63.4922
47.1105
17.8618
60.284
40.1819
84.0241
15.5072
75.286
24.8107
30.5743
84.5239
32.3585
90.0498
83.9306
35.9372
40.6098
74.9837
92.7274
28.0535
93.7047
12.3153
29.9277
22.8581
19.6807
43.865
77.3687
85.4445
89.3756
0.38933
30.4195
66.3588
78.3688
13.5241
66.0818
0.727057
42.7724
98.4363
43.6585
37.6333
28.3396
50.3001
44.8589
66.5587
97.2163
53.2006
89.4306
1.53755
74.7678
19.8297
96.7845
82.8278
52.0954
75.6327
40.164
87.7099
64.8823
37.0855
83.9763
64.7636
35.9615
38.5038
64.6611
53.2967
71.8088
73.2652
91.994
13.8194
24.5943
32.5555
80.7929
58.943
96.1614
50.5966
79.77
1.68476
66.3521
21.0321
28.9034
9.37277
78.9935
34.7227
97.9578
49.7087
52.1038
33.5027
87.0026
80.3356
57.5074
19.0885
83.1163
72.5624
60.5291
65.2334
19.4818
10.1684
89.9697
40.2448
3.32464
82.1015
91.111
60.8888
3.71047
61.0336
6.56019
16.6634
10.861
49.9464
82.7626
36.1864
83.7735
93.7115
26.4605
35.8559
58.2168
70.9218
31.7633
24.9237
78.0615
60.726
69.2616
28.2887
39.7946
87.995
90.6151
21.7432
83.4612
34.5977
9.01914
4.0384
50.4457
14.8563
87.8623
98.1582
16.8722
70.9855
81.037
31.9715
62.9174
5.74236
34.8012
93.187
72.4543
15.6891
96.9639
28.8069
52.4722
10.6788
87.7772
15.8371
31.4217
52.9665
24.0618
80.0915
23.8723
66.5471
66.3992
24.3038
51.6671
66.0176
33.8295
77.2692
49.5441
95.7075
28.0725
59.4152
76.0793
54.2777
66.915
92.5403
71.5278
20.6215
66.2506
5.22392
54.8552
60.3323
24.8298
51.2218
21.4135
50.4125
53.5346
22.7987
96.1312
38.0179
24.443
31.8968
0.702026
83.226
98.7539
39.3699
50.6357
0.646002
62.6637
27.4799
53.9248
61.3142
38.5791
2.20266
72.707
37.777
84.3369
9.78692
40.1316
19.8291
68.727
28.141
74.4469
73.8885
49.2577
69.2225
22.4886
48.2614
59.3317
42.2862
87.5713
53.029
74.8971
64.4615
90.8104
18.0847
49.551
50.2522
81.0305
42.4413
24.7411
90.6105
21.0553
78.2811
19.2855
42.9245
42.8253
90.3678
96.5996
27.9365
43.8567
92.9776
35.5613
85.5759
23.0188
41.3368
43.1779
79.9587
81.3157
65.2863
46.587
82.9907
29.3401
26.254
13.0119
74.306
60.5654
14.8664
58.0759
49.1433
73.8609
24.0622
81.7309
65.6179
75.9688
92.8612
92.6537
48.9342
68.0955
74.464
48.9844
60.1514
80.8314
38.7595
11.3294
8.47911
53.1816
19.8094
99.0428
66.7396
92.5237
73.8897
12.9871
82.3121
78.3591
48.2084
93.9754
37.7237
69.7513
87.5574
78.0712
47.5239
41.1658
49.29
76.7328
17.3898
77.8588
21.0823
81.1441
92.9764
49.1839
26.4376
25.7713
34.6145
26.9168
55.8908
71.6575
46.1238
16.0108
96.9907
89.927
35.4853
84.4894
7.05431
51.1808
58.2426
15.5907
33.1065
48.9018
4.56187
79.2572
30.1934
88.907
21.5656
9.07172
94.0221
51.5806
70.4119
99.0256
95.0082
96.8166
70.9213
59.5961
74.2462
67.6428
98.2036
88.885
38.269
50.6902
90.0355
93.8306
22.7962
77.9797
85.1204
58.3282
9.04295
83.2862
3.82152
61.0312
33.4597
19.6225
88.7366
48.8679
65.8193
29.3943
35.4617
75.5853
52.3175
70.7771
21.0331
83.4229
47.3628
14.0165
51.3429
7.27895
57.745
76.099
69.7596
16.0739
65.2613
40.5662
21.7005
86.7646
2.9167
33.597
77.6591
71.4577
64.4975
5.69261
88.5209
55.785
14.4023
10.8693
5.04652
51.3465
24.7841
1.85099
89.2739
34.9428
23.1967
52.1023
67.4787
91.5401
16.3535
57.1051
72.8013
58.6044
92.6321
41.3798
54.2252
33.4399
67.4203
75.3008
32.9639
12.0105
66.8578
43.4728
5.19536
30.4538
23.7152
96.5591
89.0227
70.2162
17.1033
75.7342
73.7978
49.5195
61.103
38.7751
53.4436
28.7862
28.3626
24.6619
52.5005
32.0111
23.9525
47.4912
39.8772
54.0786
97.4243
47.3786
55.3354
18.8619
0.420553
99.0373
9.50447
22.2355
39.5418
18.9143
43.486
53.704
41.9399
88.4774
62.9839
50.6838
69.0677
13.4371
4.45562
17.4532
67.6557
99.1613
65.9034
19.4483
0.721685
72.8812
88.5615
73.1831
98.7742
41.7593
24.7706
43.1859
18.6608
72.04
27.2848
86.1098
82.9552
72.674
85.0428
2.31962
97.9146
0.936833
78.8018
0.850036
7.21802
26.2537
76.4671
46.24
81.1456
82.9692
7.42169
51.4043
70.275
77.6407
68.3551
18.0753
31.8685
34.991
15.3726
63.4794
39.4875
40.2212
42.5144
77.205
14.1649
44.2355
57.7952
73.7333
86.906
99.188
52.4841
50.776
17.46
44.6688
47.7944
7.8971
96.9123
14.021
85.4489
83.2586
67.7026
42.3746
81.2108
69.1811
59.0754
73.7302
72.481
7.01471
34.2873
20.0324
15.5354
66.0589
2.60836
17.3903
47.5616
78.0344
59.9402
5.12513
4.07181
69.9053
14.2553
49.5566
79.9408
26.2702
28.4851
18.0368
27.5115
20.413
49.8117
20.8302
12.7994
7.11896
40.5434
94.7662
85.212
45.3438
12.8562
53.0776
9.55182
60.5774
53.6991
53.534
13.2887
35.8145
44.3495
38.606
34.6165
51.3574
92.7674
92.2022
8.63784
66.8791
66.8224
69.0141
11.1356
10.0121
38.2593
7.9695
72.0954
77.883
89.0029
81.6861
55.4662
65.015
27.1498
82.7098
42.2899
87.5991
26.3487
42.6679
17.1833
24.4804
50.639
56.0549
33.9527
92.5805
67.742
76.3509
77.6515
39.5648
84.9329
61.2076
13.3786
74.6185
28.6491
39.2075
66.4997
91.1318
85.4281
8.4246
59.35
24.78
76.5877
10.6106
71.9503
18.8643
85.5296
44.574
77.6084
8.58174
1.98188
45.2821
25.529
5.78316
94.9948
93.7731
79.7953
49.9718
28.0981
8.92505
6.43958
90.7912
8.29167
79.9259
24.5236
99.2891
19.4885
92.6239
77.7391
68.0295
50.8391
51.0122
0.766469
34.6792
56.1251
3.60587
76.6669
13.1362
7.92848
54.8731
85.737
53.8298
50.6399
69.3813
41.0309
15.1629
85.4751
95.9677
93.5045
68.4784
35.9242
26.7455
65.8129
86.848
0.192302
88.2499
87.7744
46.0412
95.5084
49.0516
70.4269
39.2385
81.4981
73.1103
27.5911
10.7729
25.9304
19.1671
11.8449
96.4928
92.0389
30.6719
89.6155
46.9511
48.1133
94.9923
43.2738
31.6028
35.8633
15.5117
8.7232
19.3867
40.9426
21.9181
58.1785
88.8939
23.2911
78.3684
73.0227
40.8836
71.8958
45.6291
85.0699
62.6658
95.9873
83.3471
26.8678
96.7568
8.81301
15.8943
26.4415
80.4755
0.116182
51.2217
65.051
34.6379
55.7386
76.3403
51.5081
47.5872
58.3074
27.7764
38.8867
75.2909
24.5346
11.1383
42.7096
79.2456
17.2751
42.7287
51.1749
91.6389
10.9782
67.3862
8.54391
56.0885
88.7231
88.8659
96.5629
28.2634
79.7025
80.3106
75.264
56.7287
45.378
14.3316
99.3669
98.8022
9.88751
12.3983
25.7365
85.4319
46.0211
9.32994
50.032
31.3245
64.8504
16.8448
28.3364
6.65872
56.2431
16.2535
61.485
34.6328
43.6177
20.4643
37.5094
85.2303
3.12541
62.4089
28.2504
78.5705
10.3021
60.9532
3.51004
88.7136
44.7236
15.1655
87.1299
73.8024
60.8569
11.6706
96.9158
33.6717
49.6878
46.6977
67.9606
10.5804
97.7923
59.1449
9.14465
92.951
50.9235
50.8446
50.4934
96.8237
30.6239
13.2258
15.0156
44.1118
42.3541
34.0333
55.9146
89.5468
59.9756
85.4579
93.9565
58.6057
64.5845
61.1964
98.27
43.4388
95.8003
7.40904
46.1465
75.782
64.0765
66.6987
86.4795
50.7105
97.9404
82.2717
47.1175
68.0498
30.3649
2.53385
94.3887
54.0003
74.2325
67.3439
81.16
13.2742
4.84283
78.1281
43.244
18.045
94.131
82.1404
48.0892
58.4879
62.9943
65.7006
41.2888
6.24997
72.1385
0.644794
85.6125
40.8985
89.2867
61.1101
45.8798
43.7608
75.9956
84.4651
22.0603
85.5289
7.40299
62.9474
56.7694
42.6875
4.80747
22.7726
97.4204
35.8809
22.3438
84.6363
77.9878
13.6805
75.1353
95.3041
1.45346
42.953
74.1174
8.88206
99.4282
49.6277
72.1785
36.9658
81.6648
4.3188
24.7179
20.8706
0.974394
79.5004
77.1538
82.8346
17.746
33.6185
85.4527
13.4932
54.6516
41.685
32.8051
42.142
67.1179
11.3972
74.911
5.46764
73.6766
89.7905
67.0244
42.2922
13.9017
9.04832
28.2652
87.7853
16.0863
56.9444
1.5597
62.2553
39.9041
10.9002
92.5987
37.0804
83.1813
54.9177
83.1731
40.5747
13.3667
19.6751
96.9698
68.3417
76.8806
39.1546
40.5915
65.9372
89.2896
21.1886
27.3546
77.8653
13.3638
14.8315
99.0552
3.70318
19.8606
85.0463
73.4584
54.3883
97.8954
33.6401
15.9831
42.8015
70.4349
66.1758
80.266
35.979
6.95588
54.1254
56.3971
9.09789
31.9733
50.5821
11.0923
0.52037
15.0991
72.7908
14.7283
77.5664
80.3193
65.6986
70.9296
8.93642
4.80036
76.8048
14.0279
59.3402
53.2495
74.8017
6.31329
49.0154
81.0546
94.6525
75.6459
94.0025
17.7359
30.203
23.2005
91.2662
40.3015
26.9495
14.8644
22.6756
72.4084
52.3925
86.4378
24.4174
37.8795
68.0731
36.8518
43.787
66.8382
69.0136
57.8889
94.071
62.1846
60.3457
33.4883
20.4743
95.8521
3.07761
5.12779
23.7498
47.1292
93.176
83.6141
64.0755
24.0876
35.6373
51.674
74.377
38.6786
49.7827
37.6876
27.4763
47.616
33.0626
40.4735
84.6509
9.60978
59.0033
2.97613
0.452669
64.1259
39.2975
43.6289
14.5117
17.9144
59.175
83.2213
86.2153
33.4627
64.0088
1.2733
1.46049
13.5498
25.3214
53.4851
38.0379
18.0912
45.5132
32.8876
43.2031
89.2812
32.0473
1.21901
56.3663
21.9538
21.2809
7.58813
79.294
42.7013
8.08346
13.8077
67.1435
85.9433
92.6296
46.1391
85.4762
20.0676
81.6984
68.0572
15.9152
13.7236
51.8038
39.3119
60.0844
10.8068
58.4758
82.8078
26.3622
15.1695
34.4803
37.4237
49.0697
61.3902
50.9367
27.3424
97.2615
34.4905
51.7966
16.5357
95.438
34.4733
90.3205
82.303
57.7466
74.4605
48.3731
39.2218
47.5767
4.74278
88.6719
89.7079
66.7228
73.455
21.062
65.5236
6.25343
49.156
2.74242
92.5429
7.72996
65.7831
20.9782
8.37418
25.3629
30.87
54.5126
75.2964
61.9276
23.5295
51.0762
4.88953
34.638
6.95953
24.3499
56.6168
30.5179
41.1121
40.5105
15.8039
58.0705
92.9427
35.4787
0.449256
77.6441
48.0131
87.1728
2.15122
70.101
85.7397
14.9203
64.8595
44.4027
12.1782
16.2202
96.9509
43.3273
87.3714
99.1472
82.9185
13.1674
54.8236
31.1199
75.1189
68.175
48.7272
41.633
96.7018
9.78138
68.3829
28.7465
36.3828
11.9835
72.2941
74.5798
65.8964
96.6306
91.3731
77.8613
23.3214
72.0139
58.6283
22.2909
56.6206
63.3444
77.9605
41.7047
88.1936
54.9972
72.0769
57.2789
38.6015
71.1302
98.4431
92.054
73.9141
67.9621
34.0349
3.73078
55.445
87.8914
28.4231
36.8945
44.6012
93.1
81.2285
35.9426
84.3674
67.5733
27.1255
35.6213
64.6967
0.736478
31.1166
9.3
53.1717
18.089
21.4839
90.8966
45.192
91.2663
67.1426
78.1451
6.96339
60.2961
77.6669
84.8089
52.3575
54.1589
77.8406
56.1438
43.4164
2.86642
87.0409
36.2031
24.3434
42.9407
3.23689
53.9513
49.7918
88.7277
5.69226
65.7341
92.1743
49.5882
64.7033
90.8541
7.47392
43.988
84.4093
77.156
57.4834
52.6014
96.4298
40.0519
96.7057
72.5938
78.2857
32.6631
24.0905
39.3848
48.7348
8.17387
58.2639
30.9768
75.6622
30.2871
98.942
58.996
90.6051
98.2938
35.8443
17.5846
47.9749
28.6432
14.6614
54.1803
45.1344
48.0245
61.2683
95.7035
3.43358
76.2831
37.0967
4.92692
46.8547
84.2774
19.5497
52.0341
74.2275
18.5135
23.7676
53.6424
25.0842
72.9367
26.5439
20.3367
14.1087
8.27183
89.2819
94.1272
4.35429
48.7887
75.1134
2.60003
56.9894
24.5128
25.1177
5.99801
41.375
72.4177
39.5588
9.41575
35.6467
25.944
88.7242
87.6853
98.685
72.2693
8.45466
43.1547
88.4423
17.6402
16.5959
29.3214
53.0036
5.56681
10.9174
76.3104
33.0421
84.6632
13.373
32.2666
50.5596
28.8087
27.81
78.3506
70.707
44.8723
95.8476
12.6401
65.8559
14.9177
32.9013
39.5514
19.7147
81.9294
27.8253
9.4347
63.3206
10.9337
4.10958
8.58803
0.611591
96.2871
45.2365
88.619
2.65698
38.3987
20.1225
58.8901
51.9509
7.95122
34.72
0.272523
3.84741
23.0361
43.1199
35.2145
51.5365
94.8852
31.5102
67.7965
68.4595
0.403993
89.6401
51.7162
51.2216
69.0758
36.9069
17.2071
51.1288
15.5755
64.5359
67.5347
53.6929
69.3304
37.311
88.0023
49.6202
82.3095
32.9095
85.8462
32.4772
94.7401
39.2858
55.4635
47.1268
63.7975
99.3536
70.1123
73.4136
7.75998
30.5062
16.2504
68.8694
40.8894
18.113
46.3079
6.64927
84.0737
9.83044
61.4263
49.1494
52.0457
68.1209
92.7043
49.9097
58.929
69.7493
26.2297
15.9367
18.5458
51.3962
97.5738
54.7867
1.18179
65.4513
95.5518
67.4587
72.158
20.5264
72.4511
78.3304
84.5958
2.19409
64.7787
36.7828
74.5096
51.1633
50.5571
66.2954
80.0415
96.763
7.78884
73.6056
38.414
58.8222
28.5775
32.2806
83.1208
25.8551
1.49659
1.81592
30.3321
95.6408
20.0703
13.4696
32.3221
24.7205
54.0956
20.1558
32.3077
4.06133
17.6209
73.1921
75.3286
49.5928
5.52287
20.0526
17.293
98.444
63.5264
41.9267
2.19383
28.3832
81.5424
19.5703
88.4086
11.3466
73.9633
34.7807
60.3889
4.25597
22.473
93.0094
25.2766
37.6478
9.1642
84.5361
17.2861
18.2695
10.6124
1.07407
20.5806
57.934
22.1089
76.4102
38.9659
97.4597
81.77
75.5434
66.5279
96.384
31.0341
48.1556
94.4807
51.2463
49.1856
31.6946
63.0261
42.3025
70.7298
86.6171
86.1218
80.9698
58.616
56.6584
82.5919
81.1023
47.9283
90.4595
86.1136
15.3664
3.08814
20.156
67.2196
99.0926
16.676
94.1278
33.0428
11.4721
96.8377
11.0184
17.545
38.3106
0.374784
17.4956
52.9587
57.0302
28.4358
15.5557
4.67936
60.1464
42.7376
42.8648
15.5557
67.7439
93.7274
73.4302
75.8072
4.3003
77.9753
0.789108
84.9715
20.2959
84.9604
86.5431
51.9141
23.0847
0.62583
34.464
47.4202
34.3858
77.0321
5.71583
3.33715
59.7017
12.7036
86.7844
46.1506
9.84761
34.1027
8.2024
21.817
59.8157
89.1353
30.0111
93.8518
63.7709
27.7068
56.9017
50.8239
46.3897
44.1721
21.2117
34.8811
26.9961
59.5334
4.93459
32.071
64.4748
24.7412
68.5332
62.5898
32.1661
16.1363
28.4727
71.6022
91.1098
82.532
5.08595
75.0455
7.84515
66.4258
62.4791
34.0878
71.2439
29.5997
89.7967
47.1911
8.83621
22.5505
79.3804
19.5862
88.3741
93.6346
49.4131
99.0468
41.6083
48.8439
22.2872
25.7622
87.9369
73.2611
50.4981
70.7411
96.0417
57.7538
45.149
29.3112
47.7589
68.3522
32.0421
72.1518
74.1531
49.1182
46.4393
77.5891
33.9611
88.6254
90.2948
16.7977
72.2864
30.6771
83.4977
47.8773
46.7067
7.0295
67.2726
89.8783
44.8268
26.1412
99.3818
32.7652
93.0543
45.6726
94.2377
66.1083
30.7941
19.7073
67.5714
88.3421
92.1813
88.9566
65.168
68.4735
63.6509
73.0586
87.7449
57.7759
83.1514
29.8568
32.9576
80.1078
15.7702
12.9369
77.6685
50.4913
63.0359
49.3469
47.2188
95.0989
5.40203
67.0047
85.1869
45.425
52.9409
58.6383
79.8438
83.8721
19.3104
82.9135
27.6127
23.5753
32.6997
28.1416
76.924
10.5367
66.331
82.3311
87.0716
82.774
39.2204
74.1283
90.6269
18.2706
25.3665
32.8065
27.2359
96.3556
11.093
68.9529
71.3002
37.9003
92.967
26.2767
63.1936
8.13209
55.1284
86.8705
11.7994
82.4944
37.168
25.0329
23.663
74.4055
48.9274
62.4497
95.6502
44.3011
27.0346
31.7174
30.6479
79.0098
21.1117
98.8181
61.1729
57.2854
62.8261
30.356
9.24904
63.9988
65.8334
18.541
79.5156
81.9211
59.2571
76.9866
50.1224
89.4869
14.6383
92.6798
93.1507
45.5571
77.6724
52.2605
38.4216
18.8705
94.287
97.0063
96.7088
21.4496
89.1676
13.4745
4.96145
45.8191
68.904
14.2956
88.7283
49.6693
30.704
52.2803
74.7313
65.2155
20.9539
3.47507
50.0985
48.3712
54.9148
35.5836
96.5753
69.4715
26.941
20.5346
19.1299
24.9058
40.3353
47.1908
95.0692
68.4661
15.2564
72.5307
12.3655
51.3453
62.7718
23.3356
89.33
65.7803
39.6272
30.9595
38.3759
67.9281
66.3102
78.4815
30.4982
3.57958
26.63
70.8097
50.5774
41.006
26.6871
53.5822
33.8126
30.2107
41.7785
26.7633
2.57823
39.9471
29.7185
3.34202
94.7551
26.1197
68.0064
20.8409
44.2798
94.0364
29.3115
32.9419
22.2301
0.422807
91.3656
20.2799
13.7866
50.4263
66.5431
61.9026
60.0216
48.0275
19.8324
91.6915
66.9942
6.06319
81.5302
36.2725
43.5307
19.8091
20.5637
29.7549
98.6218
4.9684
89.5498
35.02
60.4544
17.2354
79.5929
55.7036
19.2487
94.9686
42.8212
55.6204
10.9723
13.5078
17.9569
86.1783
36.8676
63.2413
6.78528
53.8879
38.3167
85.2055
4.00518
61.0321
47.8357
78.7065
37.4016
17.1532
92.6974
42.9973
88.2076
96.4016
51.6339
67.1872
75.5761
13.5148
96.0581
69.9872
69.4352
69.5807
5.93846
64.707
66.9979
53.5227
88.9645
44.1355
17.5074
73.836
98.2634
54.3912
23.8101
91.1505
12.1132
83.4817
17.5752
23.5138
95.2965
84.8022
52.8795
10.3525
32.9613
31.8725
68.3047
45.0774
43.9525
64.9454
38.8047
65.1492
86.1092
8.25539
80.9866
23.7227
87.0657
88.2103
44.5843
62.0326
84.3434
86.9272
95.2901
58.417
88.9744
0.395906
76.5975
86.5073
54.129
82.7286
88.0293
40.8005
53.4466
37.4394
83.2716
11.3429
21.1879
23.5082
49.1841
5.38409
95.1155
43.1751
43.8066
14.6765
89.2457
29.3432
32.4529
47.7988
11.2367
82.2662
66.8497
28.3479
5.29553
7.83224
89.5405
38.2947
78.3047
41.518
20.094
38.2932
59.2523
43.4086
52.0146
52.4603
24.8177
6.23869
55.929
46.9179
67.7508
59.0337
41.3272
13.1099
20.6819
89.9656
65.3126
50.2282
71.658
26.457
40.1649
43.5513
67.3691
14.0904
65.8518
21.8816
3.85884
20.2832
23.7574
16.8877
40.5
41.4215
57.3416
13.6824
21.2212
87.7055
13.6025
94.8834
93.8824
35.5789
98.9824
67.3954
29.8155
67.7061
73.6757
53.3793
89.188
34.1614
0.688137
50.2186
17.9665
6.08406
4.49665
78.2805
66.541
39.8156
88.1072
55.3153
76.2232
44.1471
51.5498
57.782
39.5281
37.3066
18.3067
11.4912
8.89733
89.5349
29.6218
95.8881
98.5069
39.5306
6.52276
15.1433
33.7507
53.0659
25.1524
3.39686
49.14
58.129
22.5664
80.5136
19.1857
93.297
79.9046
69.5171
86.0904
66.9223
49.2395
3.63505
91.3172
52.4331
26.0304
66.236
94.2864
52.9601
64.9352
20.4722
47.9162
90.6668
15.8618
8.53739
81.1557
76.2796
34.1649
52.9502
19.6161
95.242
93.6583
16.6011
51.9174
71.4232
16.8703
56.7075
21.4517
47.4208
48.4038
46.1561
45.1991
70.9186
86.3093
83.7086
63.1134
51.1313
38.9718
21.7609
56.2845
71.1549
39.3204
58.7591
79.0245
17.2028
42.4915
27.0299
40.7675
91.09
74.604
48.5315
9.80009
76.0983
93.7845
42.3297
38.2884
50.5806
80.1654
3.29651
61.0213
10.949
52.3365
55.3263
63.4365
47.487
63.5055
61.2357
48.4593
54.3683
89.359
78.5365
95.8995
10.0634
2.20807
13.4197
40.5862
88.2343
35.781
31.4042
18.4244
89.7327
49.0738
48.2964
81.8064
66.2078
14.6168
26.3045
93.9473
63.1294
35.3349
66.2401
91.4153
69.4819
8.4043
95.7964
79.0756
19.9401
12.5508
31.1993
63.1013
95.277
92.7798
54.0343
79.6702
5.57264
49.9678
77.7219
54.3915
66.016
48.0961
77.1752
7.34994
42.0524
58.4264
71.1435
69.2374
33.6269
4.78188
39.2458
15.4595
25.023
50.2693
16.2613
61.0383
50.0737
84.2686
43.642
21.7479
7.32937
52.0787
14.0714
27.3207
67.781
88.1476
9.43308
90.3573
44.8386
78.4639
61.5224
63.2336
65.5994
43.3664
67.8232
10.5224
30.2972
30.6314
6.872
3.0964
61.8917
97.166
56.8369
75.9089
87.942
85.2489
96.6384
68.7552
63.7956
43.0844
22.991
23.8257
12.3933
18.2202
91.9911
57.3508
0.321589
75.0457
34.9832
89.5291
28.0462
61.9274
11.7612
8.25181
50.5622
17.1151
40.6514
83.1245
82.9252
97.3636
9.39234
65.101
7.79901
21.1255
96.5761
67.1099
51.3887
30.3565
39.7989
90.7508
21.8482
5.38074
15.261
35.3625
15.8499
3.93575
96.4982
73.4089
40.6888
35.5199
47.1756
80.6002
10.2393
6.79785
82.1214
8.89537
32.1722
87.6515
47.5097
92.2168
14.9337
24.5249
72.4138
41.9345
0.306603
59.4354
56.8775
28.3233
6.51598
96.8611
90.0679
4.7657
46.7216
54.0542
3.7291
85.1826
15.1233
38.2448
86.7816
54.9606
84.5306
19.2901
79.2061
69.5992
85.8621
84.2006
16.5047
63.896
50.0502
55.0609
96.2498
5.37615
53.7365
89.8321
10.5989
52.4611
32.2307
69.915
33.1244
35.063
81.779
69.5306
99.5675
87.0458
54.3919
22.3563
58.5149
14.0472
89.7038
77.7501
3.95946
28.4539
12.6154
12.3967
93.2664
55.1771
24.5458
27.4664
25.4877
26.8447
4.09332
76.4333
87.3289
67.5336
97.0051
37.3127
70.0643
96.0588
37.4957
53.9102
32.0626
60.8301
89.6441
18.8338
37.9728
26.0744
87.3414
23.7202
67.869
20.8169
80.0619
62.6175
42.6183
45.8392
24.1065
63.2725
41.1512
71.0663
72.5424
56.5228
16.7098
75.8859
78.9417
63.976
6.9747
44.3707
34.2054
57.0728
77.9132
49.4228
56.6153
10.5313
0.257937
88.438
57.4395
10.2399
53.1968
26.5241
31.5972
53.506
23.9115
71.0824
3.88637
50.5144
97.0746
63.5578
53.151
79.2076
28.717
94.6441
54.654
98.3
78.0213
71.4265
66.7068
95.9437
70.9542
96.856
51.215
19.421
43.8708
60.5191
69.6268
64.0464
71.1406
17.6146
28.9836
91.1048
50.9963
59.0337
59.4746
93.7322
21.9019
71.9816
72.048
52.1883
18.6374
11.2877
80.5212
57.2116
89.6851
84.2009
10.187
41.6232
61.2917
13.6179
38.8663
5.76331
31.0763
32.7056
47.6079
14.2736
95.3949
42.8335
41.6002
26.5528
50.4627
28.6457
49.1741
79.936
99.0683
21.2327
1.31066
44.5885
2.02741
19.1524
74.4223
92.1632
19.905
58.3432
78.383
29.225
84.4184
13.9766
24.2519
26.004
11.6361
63.865
41.7545
37.5648
97.4508
98.1588
2.21297
66.0415
69.926
69.9214
30.3344
27.2808
31.2938
86.5457
7.3547
54.7134
12.4579
30.9099
51.6396
25.5587
66.4143
21.8212
52.0259
26.711
53.8821
79.2608
9.59529
24.4623
29.2314
73.6362
16.4561
68.4561
77.7197
13.8847
33.819
10.2337
48.3775
16.7713
20.5055
54.7283
12.5199
63.0289
63.6777
83.7678
94.033
65.8967
32.3617
56.9617
11.7174
77.9302
2.92394
63.5938
25.0397
84.766
17.154
78.0407
43.9872
21.5828
48.1475
56.9849
34.9792
76.17
98.4062
38.3343
94.8794
4.28191
79.733
81.4719
8.02748
20.3117
85.4676
77.6088
56.3792
76.9981
76.7649
83.8978
35.9326
66.954
12.3322
31.3231
65.238
27.64
46.461
30.4713
76.634
25.4299
6.58754
61.2317
98.3715
70.21
33.6778
67.4706
72.729
18.0962
6.39888
45.9593
77.8788
79.0223
49.6434
0.224533
14.4511
11.7719
99.4304
97.7072
20.5387
68.8182
35.4287
88.1314
54.5562
94.7263
88.31
43.5689
80.1479
76.5519
28.277
60.0484
61.4972
52.2058
30.6039
20.1935
82.4466
11.3453
73.9801
98.5534
37.161
90.4089
40.2887
95.0309
4.78415
76.0415
18.1721
66.513
17.005
81.8718
8.83221
25.0159
75.1575
27.4642
99.675
37.6459
52.9726
24.999
79.0484
78.4948
88.5209
72.4823
69.4486
74.4225
43.8738
20.5111
99.0189
47.743
43.4921
32.6359
49.1337
76.1699
20.5444
71.8948
74.6028
35.9697
63.5863
24.6082
54.4172
96.0468
22.1976
83.9662
71.162
11.7803
34.2874
1.94669
9.66244
43.4876
88.1086
52.8716
83.2325
4.95236
83.966
43.6501
7.96793
27.5701
68.1963
70.8863
32.1331
52.8794
90.9478
29.9668
19.7668
33.7028
77.0209
88.728
50.9405
2.71071
15.5129
74.2788
95.93
17.2254
53.9717
25.0517
70.4293
17.3592
1.83092
73.4661
90.3574
82.766
75.8427
27.1955
46.0355
27.0329
1.01833
80.2124
14.2091
50.4946
71.0262
27.7987
53.767
1.33909
48.054
91.5624
4.46701
94.3938
26.2157
74.3455
49.462
8.74122
33.0583
62.817
22.1076
57.3452
70.6713
46.3526
2.72067
81.4702
96.2348
58.833
91.487
39.4062
21.3029
82.8744
56.9576
6.38032
49.7216
9.27457
1.83116
11.2357
99.8049
34.0571
20.0248
40.9109
64.98
4.57228
69.2964
3.42592
47.2585
7.21105
58.7566
74.7843
77.4991
61.0059
17.7062
94.8502
43.6934
67.9999
5.50791
69.3733
20.5476
41.9142
98.4905
39.263
36.0854
64.8101
86.9298
15.7846
4.32448
25.7339
29.2731
10.2029
21.3388
1.13867
54.5256
33.228
43.302
84.5533
43.2833
34.9121
59.9016
68.5762
53.8291
69.8639
2.83177
0.571961
92.8028
35.518
95.8742
18.8968
25.3582
36.8141
2.39291
58.2302
66.272
11.7077
7.09449
88.0349
34.4327
3.8723
47.6766
22.3431
0.441291
5.06538
23.1033
18.0138
79.6551
40.0274
28.6519
73.6724
3.17395
45.6883
34.3284
16.2018
23.2915
36.8526
69.6745
74.438
68.045
19.8596
17.3278
90.1853
85.5698
48.9499
58.8102
59.3138
22.2619
64.2149
16.494
79.2181
47.2268
20.3211
67.5214
27.6391
16.4291
82.3556
57.4726
8.87579
7.54118
49.4658
20.614
81.484
20.8498
96.2157
38.0952
56.0754
33.8949
93.9927
36.9708
93.2616
39.0254
68.8558
35.5807
30.4421
86.3274
26.2854
92.6716
74.3188
93.3677
19.1233
38.3676
25.8539
13.5605
52.2315
77.269
30.2802
97.2529
12.6346
93.0832
15.9138
47.7959
85.1287
30.6982
16.166
17.6787
51.4533
74.0845
21.4812
50.6966
75.4529
43.1877
89.84
1.0753
0.657185
77.1924
5.16689
91.3879
22.5663
82.0554
11.9282
70.3018
27.7377
75.3561
23.0995
68.2441
46.7119
44.4399
24.1872
86.1644
85.1729
41.735
12.4317
28.6815
5.8664
39.7854
90.1358
82.451
70.5429
51.1628
21.6898
36.5224
58.8376
99.623
29.5339
59.7276
79.1886
84.928
96.3464
6.26252
39.6104
76.4346
75.5612
45.9471
97.3721
17.0534
95.8752
42.7309
12.0945
29.6412
18.4086
27.774
92.2435
10.4348
76.1513
31.8705
23.6723
15.5944
97.6106
71.5032
30.7372
22.8789
44.2525
1.85694
69.875
58.553
53.8885
75.6164
29.2266
97.8887
65.4376
31.5645
48.0644
94.3263
49.3124
68.3848
52.0644
93.1053
74.8369
96.1631
92.7721
50.7298
88.3275
43.8911
53.1886
4.00319
92.0071
42.6949
86.904
7.73329
33.994
15.7079
79.3084
41.6852
55.228
79.3065
36.6396
63.7872
59.1852
16.472
82.7213
22
26.4031
10.2898
93.107
95.722
63.2155
59.0975
22.9709
89.902
92.1403
98.7628
79.5102
83.5265
80.6754
3.3854
68.8379
95.1358
82.5464
14.5173
29.1441
61.8771
82.5095
51.053
34.415
20.3403
68.3262
27.9262
78.6091
46.4516
13.4423
72.5223
11.6671
21.0476
40.4482
96.5052
33.9399
38.796
47.675
83.7592
72.0552
6.70257
0.867633
67.8302
84.4045
31.9704
56.6016
28.7827
91.2325
13.357
3.02922
42.5374
78.9442
59.516
21.2758
51.4114
71.2035
96.5273
85.3406
16.9683
57.9707
92.9777
73.2803
51.1049
81.1813
27.7881
72.201
75.9223
39.3996
99.5898
28.1916
0.34465
37.4248
49.69
12.4617
72.7227
15.7052
56.2453
94.2669
93.452
3.27706
82.5479
45.7226
96.6502
53.5824
44.9741
69.6656
51.9109
60.0883
77.7137
11.2055
83.6664
44.6678
19.9231
56.1379
5.10646
35.5183
60.8948
66.2527
20.0576
33.2785
74.3987
87.6639
17.5926
24.9705
54.9865
53.8793
34.5771
32.9472
93.1742
99.1871
88.4587
86.1468
35.9256
71.4516
88.9365
88.6795
57.0245
76.3273
1.23595
80.3445
47.4406
57.4316
48.3491
47.4534
84.2659
59.082
16.2815
81.5508
0.773368
28.4141
70.2179
26.0258
78.3049
58.3957
63.4362
17.889
86.0451
3.13247
61.9863
43.5351
71.2464
55.5782
66.8969
65.41
2.44803
84.4637
63.6066
20.3204
16.8446
7.17166
98.6797
38.5395
59.266
40.0288
18.2527
64.7858
38.5401
79.9336
4.7979
16.4564
24.5666
99.2596
95.7133
5.06473
49.4979
88.8329
1.29766
31.379
43.3932
26.3833
45.9072
74.0554
76.9449
46.486
46.745
34.4327
48.4866
26.6883
37.6363
66.5033
67.2899
36.0586
35.1201
56.7335
33.8626
85.2878
72.5029
80.4274
80.1771
19.5062
57.3986
64.33
73.9502
13.0542
52.5675
5.36698
8.92137
5.99699
46.2282
2.05656
1.75216
39.8029
42.7976
6.74348
90.5644
9.87473
97.4722
36.842
4.11204
54.8477
42.5005
39.5187
17.5278
20.9591
49.0096
59.8197
21.6625
75.7185
11.1426
68.8532
96.6152
49.2452
53.1417
75.0777
47.3057
83.1964
24.6731
53.7286
88.9073
3.13104
9.36194
34.8795
87.0474
56.6007
78.6198
49.4733
77.4507
65.7983
27.7928
71.4352
99.2028
97.6696
76.9351
68.5176
3.37662
29.221
63.6695
64.3272
39.2579
98.4684
11.5702
45.9712
72.7401
28.592
61.5316
31.0102
74.6614
86.7482
81.7371
2.75516
6.07846
39.4408
33.2874
24.6576
61.3418
67.8126
46.7475
11.591
60.4001
16.4355
78.6619
14.3117
98.6355
76.3044
59.7986
85.2249
83.7516
82.2885
18.6962
87.2923
93.5473
81.1636
63.3284
30.6488
33.106
88.2818
74.7338
94.0579
55.2986
36.6702
71.6292
25.55
11.578
36.5556
9.8564
4.66345
62.1426
70.5606
13.4361
52.2231
92.859
39.0799
12.0129
