100
100
2730.61
2703.99
2190.88
2516.53
2480.4
2823.94
2524.44
2584.91
2729.07
2477.81
2126.94
2698.16
2590.86
2569.62
2553.59
2716.13
2408.69
2647.72
2377.83
2720.15
2822.46
2581.47
2390.34
2779.63
2715.95
2673
2544.45
2202.37
2302.51
2575.57
2459.67
2866.36
2647.9
2636.06
2823.2
2676.87
2644.59
2650.29
2318.03
2853.37
2758.25
2376.02
2422.75
2689.4
2319.12
2342.37
2470.62
2523.06
2561.41
2460.29
2349.81
2425.97
2597.97
2725.99
2696.35
2646.25
2823.77
2870.36
2656.01
2755.8
2258.56
2458.58
2868.45
2423.93
2659.67
2442.72
2365.65
2766.71
2162.25
2549.61
2598.53
2532.88
2824.49
2624.84
2722.58
2734.22
2650.1
2510.99
2387.08
2400.86
2587.14
2557.1
2468.77
2506.61
2585.37
2633.12
2315.48
2489.33
2718.67
2566.38
2686.49
2496.98
2566.16
2556.21
2511.79
2634.25
2864.63
2682.34
2712.57
2885.13
2496.28
2519.18
2066.08
2532.03
2279.55
2565.39
2417.67
2379.38
2442.4
2341.49
2123.84
2497.67
2328.44
2389.99
2345.79
2445.27
2049.68
2361.67
2154.24
2530.38
2511.92
2310.94
2293.5
2459.77
2479.46
2374.82
2271.84
2050.97
2172.51
2392.76
2318.59
2637.73
2268.9
2578.41
2400.94
2530.97
2460.46
2420.45
2282
2467.94
2486.98
2180.9
2447.78
2326.49
2247.2
2229.33
2283.17
2441.38
2484.85
2118.5
2206.46
2129.88
2435.22
2783.08
2327.09
2515.86
2393.69
2414.71
2644.89
2389.5
2152.34
2242.31
2479.34
2153.14
2475.03
2304.44
2056.81
2586.61
1996.24
2244.15
2361.24
2219
2476.26
2343.35
2280.99
2343.27
2436.51
2515.82
2242.44
1981.65
2407.42
2341.76
2148.24
2451.04
2424.06
2474.97
2028.69
2233.21
2404.76
2325.3
2518.24
2273.32
2153.14
2281.34
2383.64
2518.27
2712.59
2601.26
2534.7
2475.06
2420.05
2502.72
2060.15
2373.07
2327.48
2594.77
2316.27
2468.23
2624.25
2336.95
2221.32
2461.13
2334.41
2463.57
2434
2587.86
2393.97
2383.35
2055.49
2479.76
2631.13
2372.55
2204.48
2513.83
2491.22
2330.96
2348.33
2210.69
2166.79
2394.35
2363.46
2769.72
2382.86
2543.14
2614.15
2537.72
2517.12
2576.78
2118.27
2493.21
2588.06
2294.4
2315.6
2435.67
2265.64
2128.09
2132.41
2293.53
2408.54
2274.1
2135.67
2230.28
2434.13
2572.86
2640.09
2529.49
2611.3
2640.27
2457.99
2447.08
2178.79
2352.39
2673.26
2299.89
2383.13
2142.13
2320.98
2680.59
1929.78
2312.58
2394.85
2287.19
2610.21
2499.46
2388.33
2572.66
2440.69
2475.59
2398.24
2294.73
2333.72
2526.38
2237.65
2433.47
2410.63
2694.14
2193.21
2406.56
2446.48
2396.72
2517.68
2134.89
2284.24
2519.2
2366.2
2375.03
2655.63
2454.52
2501.13
2695.02
2331.57
2261.73
1949.17
2354.43
2075.36
2541.08
2310.27
2282.1
2445.05
2336.84
1890.91
2353.33
2230.51
2221.09
2409.3
2586.87
2182.65
2523.39
1961.23
2290.24
2526.52
2420.18
2229.44
2501.61
2290.14
2310.38
2093.08
1988.6
2217.07
2343.77
2468.29
2675.11
2304.99
2282.27
2333.93
2472.58
2370.02
2368.13
2016.41
2582.88
2326.63
2215.46
2229.79
2353.99
2002.64
2148.49
2328.87
2286.72
2206.47
2115.63
2218.57
2053.89
2392.9
2421.73
2368.53
2387.11
2418.6
2357.27
2430.58
2308.13
2112.64
2194.73
2640.44
2224.48
2393.93
2055.64
2314.52
2547.25
1888.71
2373.06
2522.27
2190.93
2409.31
2265.08
2315.91
2535.07
2331.8
2236.99
2130.48
2093.03
2221.19
2401.68
2013.66
2157.85
2368.1
2421.72
2202.45
2302.75
2277.45
2275.43
2337.81
2198.83
2294.97
2488.76
2207.03
2393.56
2364.37
2503.39
2225.17
2363.78
2441.56
2450.28
2093.91
2316.03
2362.42
2544.04
2315.79
2460.12
2615.46
2352.09
2003.96
2459.95
2278.87
2389.1
2356.79
2543.91
2300.68
2443.63
1958.86
2542.27
2424.97
2529.28
2441.19
2531.86
2176.08
2393.64
2310.66
2150.28
2303.42
2491.44
2444.27
2781.72
2438.36
2461.7
2531.97
2525.67
2481.07
2434.98
2138.68
2617.72
2310.64
2269.64
2432.7
2322.85
2227.47
2116.63
2346.66
2228.11
2298.71
2165.82
2192.93
2258.7
2417.54
2529.31
2409.9
2441.07
2612.83
2361.95
2350.46
2619.89
2102.5
2320.01
2564.88
2307.3
2395.1
2207.4
2278.33
2570.32
2075.06
2221.79
2482.76
2195.69
2576.27
2423.89
2248.84
2524.84
2371.09
2464.96
2248.74
2232.72
2328.13
2625.81
2326.97
2323.08
2333.55
2431.39
2334.85
2331.16
2357.86
2301.84
2392.96
2325.63
2302.35
2504.61
2162.52
2473.15
2503.57
2505.02
2567.24
2757.39
2645.81
2549.67
2120.31
2436.48
2384.06
2662.66
2316.98
2402.48
2573.48
2433.46
1951.26
2679.88
2395.8
2432.37
2390.92
2683.42
2426.55
2439.6
2067.34
2338.52
2539.67
2509.69
2405.19
2508.34
2302.6
2408.01
2372.95
2305.57
2323.48
2610.08
2579.98
2763.74
2452.48
2580.54
2765.81
2558.52
2592.46
2522.97
2213.99
2653.97
2524.72
2412.72
2372.69
2310.04
2335.02
2218.65
2476.72
2247.71
2533.33
2209.79
2342.88
2354.06
2392
2612.71
2450.58
2605.57
2459.4
2767.23
2643.48
2582.25
2142.82
2261.54
2560.21
2299.11
2485.21
2365.22
2296.9
2614.12
2012.02
2359.04
2670.68
2194.47
2614.67
2550.49
2255.72
2581.93
2505.38
2505.54
2434.79
2279.7
2408.45
2411.1
2282.22
2461.51
2523.1
2554.11
2252.19
2439.43
2579.29
2459.54
2453.64
2349.01
2381.73
2546.28
2223.8
2410.48
2668.71
2518.12
2582.78
2605.22
2400.24
2411.36
2006.06
2466.92
2182.44
2449.32
2398.12
2387.64
2511.93
2279.69
2122.01
2614.18
2270.49
2414.14
2383.95
2541.78
2379.58
2535.49
2072.31
2338.27
2438.95
2403.85
2279.62
2387.4
2463.84
2366.57
2420.24
2015.42
2391.32
2349.45
2408.88
2675.16
2338.62
2467.33
2437.26
2465.64
2572.61
2468.59
2141.91
2659.41
2439.51
2383.16
2337.36
2191.72
2197.89
2232.76
2476.57
2377.82
2353.36
2123.17
2212.86
2280.18
2451.33
2575.76
2482.57
2422.6
2348.58
2529.57
2514.88
2466.66
2257.62
2222.37
2656.73
2078.74
2385.86
2283.13
2370.41
2526.17
2166.36
2240.55
2393.29
2205.54
2443.62
2442.24
2220.66
2369.5
2370.66
2426.77
2244.44
2150.55
2273.21
2477.06
2280.47
2292.84
2350.43
2515
2082.75
2288.71
2337.38
2391.2
2373.2
2207.01
2110.11
2459.15
2299.63
2523.42
2572.39
2504.2
2464.41
2506.99
2516.15
2546.69
2179.03
2652.14
2265.58
2728.21
2574.21
2493.73
2823.06
2487.76
2059.56
2633.28
2430.97
2295.21
2605.36
2655.54
2201.69
2571.37
2085.33
2681.3
2746.72
2279.37
2431.21
2632.2
2440.07
2503.03
2482.45
2210.29
2243.97
2603.57
2558.45
2744.21
2479.19
2694.89
2527.44
2577.07
2347.67
2400.92
2218.77
2485.7
2741.78
2369.43
2483.36
2574.1
2221.55
2179.22
2456.13
2635.87
2525.8
2302.68
2418.14
2550.54
2496.2
2643.5
2427.02
2690.77
2431.97
2747.97
2682.96
2557.43
2210.66
2264.56
2616.74
2479.17
2554.39
2364.33
2442.31
2832.46
1994.51
2189.92
2604.33
2463.99
2541.75
2388.89
2460.95
2565.3
2544.74
2638.2
2408.6
2164.33
2501.2
2581.02
2294.35
2442.4
2432.02
2617.81
2305
2437.48
2634.27
2409.19
2646.6
2411.2
2510.65
2443.76
2549.42
2432.82
2802.84
2595.16
2678.64
2674.95
2511.55
2410.43
2047.39
2295.57
2129.59
2543.68
2311.68
2422.86
2460.85
2201.72
2214.6
2544.01
2457.03
2416.3
2386.94
2497.95
2299.73
2316.11
2365.58
2536.19
2462.49
2416.73
2364.35
2617.45
2503.38
2245.78
2353.69
2092.77
2272.36
2455.45
2408.47
2617.4
2514.85
2503.45
2452.01
2404.45
2576.09
2494.29
2330.77
2514.84
2459.33
2364.26
2354.76
2457.65
2083.7
2194.9
2278.6
2390.12
2419.75
2108.55
2331.91
2372.71
2510.44
2554.55
2497.76
2465.13
2330.16
2619.89
2503
2522.49
2309.44
2397.89
2641.42
2178.91
2261.65
2233.07
2386.37
2668.33
2093.36
2306.95
2398.83
2294.51
2514.69
2443.03
2389.19
2538.92
2447.37
2474.13
2236.25
2168.77
2376.73
2460.19
2260.72
2302.12
2518.21
2441.35
2125.7
2318.85
2585.69
2136.47
2489.75
2426.79
2345.79
2393.12
2228.15
2367.16
2710.14
2517.94
2391.84
2590.64
2936.17
2915.72
2443.79
2741.04
2560.43
2968.7
2703.48
2876.91
2802.5
2755.21
2396.12
2989.44
2644.46
2755.32
2967.74
2889.05
2614.16
2894.43
2501.3
2967.21
3047.35
2712.79
2745.75
2873.61
2841.45
2717.5
2669.31
2536.41
2698.17
2786.25
2826.88
3121.9
2779.14
3001.88
2965.62
3033.82
2969.06
2872.2
2667.25
2894.35
3032.91
2614.39
2655.62
2818.83
2604.13
2632.36
2852.76
2731.18
2708.25
2566.18
2572.72
2563.31
2873.97
2914.15
2825.64
2981.23
3056.3
3074.73
2878.57
2824.52
2569.92
2690.97
2894.6
2650.16
2873.97
2632.28
2661.46
3002.6
2266.26
2553.5
2783.79
2741.72
2970
2784.58
2680.84
2899.31
2812.09
2800.64
2656.38
2496.05
2659.32
2900.28
2680.57
2763.06
2736.37
2917.81
2710.56
2534.96
2863.49
2745.55
2901.22
2774.15
2761.74
2883.91
2794.11
2951.57
3047.98
2894.4
2969.3
3051.81
2560.97
2654.86
2121.26
2605.72
2430.78
2811.07
2681.53
2568.98
2521.04
2369.67
2362.51
2810.98
2702.41
2485.83
2551.37
2564.9
2479.56
2628.89
2245.36
2757.66
2634.34
2480.45
2328.31
2653.24
2640.22
2569.9
2373.18
2202.46
2452.27
2540.97
2527.89
2911.57
2478.96
2607.24
2775.46
2719.11
2749.53
2596.35
2476.38
2748.56
2732.22
2418.8
2561.8
2582.86
2402.44
2205.96
2508.34
2521.14
2463.01
2315.4
2472.07
2340.27
2653.23
2677.99
2768.63
2709.04
2558.84
2621.39
2653.67
2659.44
2398.67
2603.13
2743.24
2571.82
2641.52
2429.5
2528.19
2811.98
2195.19
2311.26
2521.03
2509.92
2665.13
2615.94
2362.85
2496.61
2520.62
2622.86
2461.79
2179.84
2512.21
2613.41
2238.96
2555.55
2543.92
2784.41
2306.89
2447.79
2494.5
2367.96
2725.84
2689.43
2548.09
2638.47
2507.99
2633.32
2776.97
2665.28
2806.33
2731.59
2432.28
2428.78
2050.22
2344.87
2278.53
2509.35
2293.07
2413.6
2554.32
2339.96
2120.38
2698.58
2386.69
2318.14
2362.28
2416.58
2270.8
2365.76
2061.74
2596.4
2619.29
2316.44
2158.1
2621.12
2538.61
2303.36
2161.2
1898.77
2147.26
2403.86
2377.88
2743.04
2293.37
2447.01
2544.97
2433.73
2472.85
2392.93
2203.79
2506.27
2535.05
2203.93
2216.88
2429.01
2302.54
2232.74
2414.86
2405.83
2197.61
2099.48
2115.78
2124.63
2408.29
2496.25
2374.82
2485.92
2399.8
2606.99
2501.49
2368.28
2189.41
2275.64
2628.03
2326.75
2359.83
2196.36
2311.56
2432.22
1869.23
2326.6
2372.16
2280.66
2381.8
2431.83
2323.26
2434.2
2487.3
2373.99
2224.14
2171.65
2373.07
2427.98
2191.03
2431.9
2274.23
2534.32
2108.46
2373.39
2427.41
2185.31
2419.97
2280.81
2367.21
2405.71
2272.31
2391.03
2568.33
2329.6
2405.4
2535.66
2904.65
2440.69
2296.71
2703.2
2385.39
2659.28
2546.46
2617.35
2486.94
2527.89
2320.45
2897.99
2579.16
2756.21
2403.39
2453.37
2442.72
2548.4
2346.14
2606.56
2713.17
2574.23
2338.08
2699.43
2721.32
2513.05
2539.28
2334
2439.04
2720.99
2589.41
2804.17
2562.11
2794.38
2638.9
2688.64
2792.6
2690.57
2489.29
2833.07
2726.71
2559.75
2525.87
2434.77
2620.12
2498.69
2505.43
2562.91
2831.47
2215.71
2468.38
2385.87
2609.1
2942.57
2684.07
2688.76
2459.4
2768.53
2747.92
2543.95
2463.95
2432.07
2762.91
2510.8
2502.63
2467.83
2567.55
2852.21
2169.23
2360.33
2742.45
2273.6
2678.92
2660.76
2572.42
2518.96
2626.97
2603.16
2559.89
2201.85
2627.76
2617.13
2355.62
2633.05
2553.72
2683.29
2279.61
2501.99
2761.9
2533.39
2827.33
2452.24
2337.27
2624.86
2380.33
2685.32
2975.59
2645.69
2562.45
2725.66
2802.53
2559.99
2032.41
2635.42
2409.44
2682.98
2499.52
2631.74
2604.85
2355.66
2222.98
2767.94
2530.09
2585.54
2626.01
2836.03
2358.71
2583.88
2306.22
2550.98
2747.43
2616.21
2528.73
2797.26
2702.6
2564.2
2462.44
2321
2408.47
2721.99
2751.33
2872.28
2620.15
2781.28
2674.97
2732.21
2896.04
2673.22
2489.3
2775.73
2788.76
2380.76
2620.52
2682.06
2438.94
2477.34
2577.29
2618.04
2632.48
2365.89
2518.44
2497.63
2474.7
2846.99
2710.41
2608.73
2661.74
2716.15
2756.51
2636.28
2188.81
2609.29
2904.14
2412.6
2575.78
2506.94
2412.55
2712.19
2202.26
2561.32
2640.53
2247.61
2656.33
2646.11
2521.97
2619.42
2555.92
2619.71
2481.48
2452.21
2560.83
2844.77
2541.32
2494.04
2609.81
2695.89
2312.46
2614.26
2687.77
2649.84
2716.94
2640.62
2453.13
2629.86
2641.83
2564.49
2816.47
2959.1
2780.33
2849.09
2611.12
2570.94
2092.95
2632.33
2321.69
2890.39
2571.14
2517.37
2760.61
2386.77
2157.48
2679.84
2590.13
2461.26
2523.72
2630.03
2457.25
2591.38
2074.18
2551.69
2556.39
2620.93
2371.38
2526.17
2596.34
2394.03
2372.22
2206.35
2469.8
2545.19
2499.87
2781.53
2435.6
2623.43
2735.15
2637.23
2639.61
2492.89
2337.95
2589.16
2533.22
2397.83
2549.9
2396.63
2335.46
2252.06
2281.2
2568.38
2540.64
2203.54
2269.31
2258.81
2546.8
2682.83
2590.44
2738.65
2559.68
2664.36
2589.64
2584.81
2367.05
2495.01
2831.27
2323.79
2570.75
2412.24
2489.24
2805.63
2143.7
2410.27
2647.38
2460.39
2661.61
2520.42
2335.85
2473.7
2528.05
2585.06
2441.49
2252.18
2368.35
2535.78
2410.05
2580.61
2487.36
2669.32
2441.94
2494.58
2625.62
2471.2
2517.36
2419.31
2409.98
2448.2
2383.63
2614.49
2787.78
2545.19
2535.72
2723.7
2671.65
2654.76
2138.33
2677.18
2387.35
2706.05
2579.03
2474.55
2611
2396.04
2259.07
2809.32
2420.38
2356.63
2544.3
2612.39
2517.8
2586.17
2107.6
2706.21
2708.38
2396.91
2396.34
2915.46
2596.63
2491.16
2465.99
2167.06
2499.59
2537.83
2506.76
2859.51
2522.17
2577.36
2672.2
2673.06
2552.28
2597.53
2446
2707.61
2568.68
2288.23
2353.87
2603.91
2384.27
2340.88
2567.83
2488.39
2394.71
2348.91
2259.91
2325.22
2603.33
2641.46
2574.54
2606.9
2561.54
2728.12
2573.01
2616.66
2228.75
2336.68
2726.96
2517.96
2564.5
2305.24
2352.48
2649.47
2139.6
2340.95
2465.65
2449.84
2667.45
2509.23
2311.75
2701.41
2570.26
2715.68
2356.8
2363.15
2536.71
2534.38
2516.94
2499.48
2544.87
2656.65
2325.79
2443.17
2618.78
2531.71
2696.79
2508.11
2532.08
2560.35
2485.23
2669.3
2824.24
2604.85
2656.74
2836.55
2642.42
2553.61
2043.41
2733.23
2218.93
2659.52
2528.86
2591.25
2749.8
2403.17
2245.34
2771.54
2423.66
2784.18
2365.92
2620.58
2455.34
2637.77
2245.43
2552.47
2766.64
2557.81
2432.49
2654.48
2607.77
2726.26
2645.04
2222.25
2346.49
2584.25
2553.87
3025.06
2505.22
2589.19
2845.29
2805.58
2651.14
2549.24
2471.34
2769.12
2686.85
2317.49
2712.04
2609.55
2292.61
2392.98
2634.52
2452.88
2812.65
2280.03
2352.03
2461.22
2482.71
2850.18
2599.61
2516.69
2647.29
2709.28
2716.48
2648.49
2326.89
2467.73
2689.11
2483.43
2741.59
2382.88
2508.72
2740.95
2182.27
2473.86
2671.93
2447.63
2781.08
2594.2
2710.26
2609.36
2701.28
2558.17
2431.63
2186.21
2527.4
2812.6
2324.92
2460.21
2409.37
2501.26
2292.55
2523.98
2601.4
2336.22
2593.8
2480.74
2420.35
2485.62
2524.02
2618.9
2967.68
2543.41
2439.87
2853.22
2680.66
2535.06
2070.22
2676.31
2273.64
2762.91
2442.05
2678.44
2820.06
2424.59
2136.31
2678.37
2390.68
2575.05
2443.69
2576.43
2274.92
2537.81
2217.11
2537.38
2760.75
2483.55
2455.01
2739.8
2609.01
2577.72
2519.51
2165.26
2453.78
2735.69
2468.49
2780.15
2534.2
2613.42
2613.56
2631.59
2552.39
2581.56
2307.5
2592.55
2838.14
2277.51
2525.13
2491.2
2255.37
2343.13
2569.31
2558.15
2613.14
2312.33
2442.74
2522.73
2441.98
2727.46
2519.82
2648.58
2453.77
2741.1
2549.34
2513.79
2263.09
2385.17
2712.34
2353.13
2667.57
2452.29
2517.86
2670.91
2080.2
2359.55
2721.24
2431.17
2563.69
2650.04
2520.98
2419.53
2448.47
2468.79
2450.93
2215.7
2369.88
2602.44
2287.9
2441.67
2401.42
2573.53
2273.94
2544.35
2568.04
2454.01
2527.47
2482.09
2465.22
2551.65
2538.96
2461.88
2761.38
2532.91
2521.85
2861.67
2621.97
2554.09
2361.65
2619.99
2384.92
2964.47
2444.47
2497.68
2767.17
2615.82
2205.91
2771.19
2544.09
2612.29
2421.37
2721.79
2582.03
2749.48
2394.96
2570.9
2800.85
2609
2584.67
2773.82
2770.71
2735.53
2666.55
2273.21
2336.31
2637.56
2555.76
2842.95
2745.53
2742.33
2652.74
2830.09
2586.96
2770.14
2306.34
2897.99
2785.86
2577.46
2497.61
2384.86
2392.59
2290.32
2574.63
2554.81
2615.12
2319.16
2594.6
2382.73
2799.83
2758.05
2708.11
2737.02
2714.98
2857.65
2773.73
2629.43
2548.57
2445.07
2726.59
2317.25
2626.77
2389.33
2595.1
2875.87
2290.94
2409.29
2718.61
2450.62
2730.34
2743.8
2466.2
2649.13
2562.93
2707.66
2540.16
2198.68
2561.74
2751.99
2399.04
2645.68
2658.25
2778.31
2440.08
2417.19
2651.88
2612.02
2648.44
2522.82
2492.95
2617.54
2388.26
2546.57
2926.66
2727.57
2611.3
2720.99
2341.64
2155.82
1982.42
2412.21
2108.1
2527.65
2305.8
2258.14
2502.13
2256.44
2058.68
2341.94
2254.16
2151
2096.75
2314.95
2113.45
2276.66
2028.31
2154.43
2381.64
2255.43
2167.74
2443.68
2407.38
2228.43
2237.55
1907.9
2082.54
2258.86
2298.02
2528.15
2226.47
2434.7
2354.58
2372.08
2255.99
2424.49
2019.63
2255.68
2418.03
2009.25
2245.46
2209.43
2044.4
1940.34
2148.24
2323.61
2173.12
2048.82
2079.04
2109.48
2293.39
2423.72
2354.25
2334.29
2305.85
2456.85
2349.79
2266.71
2130.71
2163.92
2449.98
2059.97
2294.53
2183.99
2217.47
2485
1933.32
2039.31
2369.99
2165.34
2419.8
2388.51
2155.04
2242.63
2167.28
2364.52
2147.17
1873.88
2384.82
2271.2
2056.79
2203.72
2213.06
2471.81
1934.78
2093.72
2453.13
2122.9
2270.55
2109.63
2125.54
2212.92
2089.84
2267.25
2484.93
2425.08
2203.42
2467.44
2285.25
2143.82
1864.63
2250.27
2042.44
2420.44
2232.8
2141.82
2339.37
2161.88
1927.43
2465.26
2139.63
2228.46
2254.57
2202.35
2124.62
2241.84
1945.34
2337.05
2353.92
2107.16
1995.21
2500.26
2378.63
2273.09
2036.51
2049.39
1973
2326.01
2220.13
2318.52
2092.82
2292.84
2355.53
2478.67
2197.47
2062.97
2079.5
2439.32
2413.03
2171.78
2182.27
2262.16
2021.96
1975.63
2274.64
2257.14
2138.89
1963.78
2001.47
2165.61
2338.87
2375.97
2163.7
2285.97
2155.91
2314.63
2278.9
2326.76
2121.14
1953.66
2458.86
1997.31
2293.25
2034.25
2183.42
2427.52
1794.7
2155.95
2189.91
2055.4
2397.84
2360.43
2192.38
2316.33
2290.75
2244.49
2040.73
1914.94
2102.46
2385.51
1973.1
2127.74
2053.59
2365.85
1995.73
2066.93
2175.31
2078.15
2261.87
2158.3
2096.27
2461.39
2032.06
2336.12
2332.68
2517.21
2292.7
2290.36
2456.37
2508.73
2200.82
2546.19
2288.75
2797.95
2411.91
2727.28
2701.39
2421.58
2243.23
2790.53
2432.92
2718.99
2351.91
2526.24
2446.15
2507.79
2163.26
2648.23
2517.51
2418.6
2366.52
2565.44
2785.52
2594.44
2365.02
2228.52
2382.06
2610.59
2522.26
2905.19
2357.8
2664.28
2719.72
2577.77
2596.06
2657.39
2388.72
2595.86
2706.43
2270.73
2556.84
2309.95
2446.54
2465.27
2511.28
2645.14
2553.69
2362.02
2193.76
2278.42
2491.21
2536.62
2544.03
2636.05
2585.77
2664.64
2595.09
2544.13
2415.22
2381.01
2868.36
2417.33
2472.85
2355.68
2338.97
2621.45
2096.67
2168.68
2794.68
2497.2
2713.86
2634.45
2369.34
2550.99
2468.95
2578.3
2405.33
2259.39
2480.4
2494.83
2241.39
2611.3
2482.09
2758.03
2293.72
2433.07
2511.42
2528.68
2665.29
2466.49
2446.75
2623.45
2470.83
2484.16
2748.51
2552.22
2608.9
2793.77
2785.07
2763.23
2355.92
2918.77
2445.26
2951.03
2763.57
2772.66
3003.22
2489.34
2365.41
2899.5
2646.19
2549.23
2601.71
3040.19
2545.36
2880.81
2359.24
2739.33
2830.64
2807.05
2649.73
2843.01
2771.1
2814.04
2696.59
2378.4
2583.41
2744.06
2654.09
3065.91
2686.11
2759.58
2921.92
2970.58
2676.65
2813.59
2443.92
2683.16
2862.99
2526.18
2733.04
2624.87
2509.08
2315.53
2615.63
2745.8
2663.28
2359.99
2678.52
2435.81
2719.82
2812.04
2837.79
2695.44
2823.01
3003.82
2767
2817.97
2517.83
2578.49
2887.16
2483.32
2681.66
2417
2558.43
2940.05
2380.36
2493.16
2842.61
2620.67
2750.88
2826.51
2584.46
2862.19
2718.24
2735.85
2581.51
2426.73
2571.95
2896.95
2609.7
2779.35
2710.12
2910.33
2583.09
2529.6
2688.16
2623.2
2745.58
2594.49
2616.72
2659.73
2774.17
2819.77
2922.92
2642.01
2870.96
2963.63
2381.76
2523.31
2170.11
2513.59
2362.16
2750.08
2482.28
2553.35
2657.89
2379.91
2294.94
2808.38
2420.41
2593.32
2556.83
2619.26
2450.64
2638.26
2265.49
2704.48
2580.26
2483.62
2395.13
2691.17
2672.74
2586.86
2498.88
2268.73
2371.84
2641.03
2553.26
2700.11
2478.6
2505.84
2512.69
2581.62
2655.46
2607
2371.22
2707.85
2603.61
2411.87
2551.5
2470.07
2280.62
2194.36
2480.88
2464.5
2572.29
2471.13
2269.81
2485.71
2642.62
2775.25
2620.81
2649.03
2610.96
2552.92
2819.09
2593.16
2375.65
2396.97
2644.74
2315.58
2546.33
2373.85
2443.84
2778.13
2022.04
2458.17
2644.85
2407.2
2752.16
2653.04
2339.91
2638.95
2494.14
2597.06
2412.38
2245.53
2503.88
2757.6
2411.02
2524.34
2376.87
2764.21
2416.38
2510.76
2643.42
2584.39
2647.84
2404.21
2368.52
2595.83
2363.44
2833.33
2813.98
2682.48
2575.72
2639.58
2459.63
2333.42
1896.63
2287.4
2077.46
2525.97
2150.7
2579.34
2476.44
2277.95
2009.11
2396.2
2244.59
2486.33
2288.89
2506.77
2222.91
2299.73
2090.74
2231.92
2517.62
2251.81
2347.28
2341.63
2299.72
2385.3
2251.48
1927.8
2308.17
2497.52
2312.44
2750.01
2435.98
2420.53
2484.42
2495.1
2468.83
2419.02
2211.96
2498.45
2399.52
2127.03
2413.33
2305.61
2173.77
2261.9
2278.93
2406.37
2485.46
2143.4
2285.49
2052.15
2339.77
2511.51
2382.72
2388.35
2464.93
2574.41
2399.12
2527.98
2161.23
2353
2526.49
2172.53
2304.7
2184.84
2083.42
2497.6
2068.62
2312.09
2443.51
2212.02
2552.27
2259.28
2410.62
2439.84
2273.27
2222.34
2266.55
2105.55
2189.74
2401.2
2115.91
2325.72
2381.41
2288.88
2142.01
2354.97
2306.68
2346.7
2428.06
2310.54
2256.83
2399.14
2206.86
2460.68
2604.07
2339.53
2355.52
2594.27
2572.42
2562.43
2272.28
2527.24
2388.51
2694.13
2447.63
2613.99
2722.52
2589.77
2238.93
2752.24
2490.64
2484.73
2610.95
2721.53
2399.72
2613.78
2219.53
2521.77
2607.87
2550.63
2350.79
2480.64
2554.34
2476.24
2463.04
2226.02
2478.99
2639.16
2749.6
2745.31
2392.54
2616.25
2593.39
2557.87
2740.21
2530.05
2441.67
2806.53
2592.52
2621.54
2525.42
2379.14
2193.77
2317.56
2511.13
2581.79
2582.19
2415.59
2424.38
2501.75
2506.91
2686.25
2632.18
2795.4
2564.28
2627.85
2853.25
2697.51
2417.97
2506.88
2845.61
2341.4
2600.69
2558.71
2394.29
2783.96
2237.52
2327.64
2736.5
2472.36
2800.3
2457.75
2458.18
2522.48
2543.88
2637.01
2374.43
2303.69
2504
2663
2389
2497.86
2491.8
2613.71
2300.05
2552.23
2589.3
2434.32
2575.77
2478.29
2460.79
2561.36
2428.9
2662.56
2824.23
2569.32
2624.16
2676.58
2280.26
2472.11
2095.48
2554.33
2239.69
2573.03
2462.85
2396.02
2536.72
2347.8
2229.49
2648.2
2453.17
2341.19
2417.04
2572.88
2236.49
2475.86
2197.9
2439.3
2544.8
2339.57
2306.26
2519.78
2583.58
2338.21
2416.93
2101.25
2219.49
2443.9
2535.72
2667.13
2326.43
2348.87
2514.99
2415.24
2476.16
2503.82
2265.81
2402.77
2507.39
2335.1
2532.2
2391.85
2161.43
2107.3
2357.31
2442.97
2349.15
2147.8
2280.59
2345.38
2520.71
2617.89
2359.45
2564.89
2376.96
2564.11
2469.44
2541.69
2321.39
2214.35
2517.6
2187.21
2547.8
2323.08
2402.58
2538.22
2022.71
2145.94
2545.6
2252.51
2553.58
2334.81
2266.03
2512.74
2645.67
2554.4
2155.4
2058.61
2302.87
2449.44
2297.15
2416.45
2356.7
2722.75
2043.6
2332.42
2446.63
2340.7
2419.93
2200.58
2410.32
2438.77
2439.97
2547.85
2625.98
2431.11
2446.18
2532.4
2607.01
2822.87
2145.57
2563.92
2367.5
2748.09
2505.8
2686.45
2828.26
2512.69
2365.16
2674.28
2369.63
2544.73
2627.54
2711.77
2450.94
2563.73
2390.01
2584.49
2708.33
2518.26
2549.83
2672.31
2553.27
2481.32
2581.77
2389.77
2423.72
2762.68
2716.81
3012.91
2526.09
2763.84
2691.39
2665.69
2661.27
2650.52
2524.24
2644.99
2626.34
2440.64
2554.63
2611.49
2438.56
2528.45
2514.29
2539.64
2694.74
2341.2
2462.19
2487.51
2572.35
2837.18
2531.67
2733.95
2641.58
2783.91
2645.6
2700.56
2489.52
2459.3
2835.61
2356.04
2499.22
2441.24
2528.31
2887.63
2232.61
2465.74
2738
2403.36
2882.97
2597.25
2441.77
2672.04
2575.55
2828.71
2438.49
2297.5
2582.17
2707.11
2342.76
2631.8
2737.6
2662.3
2330.19
2592.39
2649.58
2628.09
2754.12
2583.84
2477.89
2605.27
2576.31
2494.73
2911.5
2765.51
2742.73
2880.52
2628.78
2551.14
2157.69
2505.13
2396.05
2636.09
2476.48
2497.64
2700.82
2426.82
2210.98
2760.54
2383.41
2491.04
2327.48
2650.81
2394.88
2534.65
2361.57
2581.73
2712.98
2491.25
2437.08
2657.93
2562.83
2589.39
2398.8
2309.33
2499.28
2640.25
2595.41
2843.53
2401.24
2608.34
2625.74
2516.19
2746.43
2594.37
2500.12
2611.71
2672.82
2488.63
2485.64
2332.09
2396.17
2431.45
2446.98
2529.82
2614.06
2308.05
2316.26
2446
2602.62
2730.62
2706.34
2645.96
2536.02
2772.7
2783.44
2583.91
2382.15
2465.25
2865.25
2399.74
2524.06
2197.51
2426.99
2687.88
2192.03
2409.32
2596.15
2442.61
2686.26
2740.88
2425.78
2615.18
2573.69
2526.26
2385.22
2280.99
2568.59
2679.55
2296.38
2503.52
2654.87
2729.28
2163.59
2425.09
2506.13
2424.03
2787.62
2476.61
2340.17
2554.89
2390.68
2601.53
2839.6
2755.87
2552.28
2906.38
2625.74
2690.38
2252.79
2518.06
2322.63
2630.84
2435.6
2659.63
2629.6
2458.01
2286.31
2789.57
2490.83
2506.72
2625.59
2607.69
2494.59
2586.07
2231.18
2709.13
2700.33
2444.02
2442.27
2780.49
2462.23
2460.88
2531.55
2128.37
2425.91
2661.04
2607.01
2859.46
2627.47
2771.68
2571.22
2584.03
2767.38
2600.18
2432.6
2811.44
2669.59
2421.47
2407.7
2476.67
2414.34
2348.6
2545.85
2505.51
2600.49
2319.14
2391.42
2482.49
2671.87
2790.91
2468.74
2609.98
2549.48
2661.11
2768.42
2470.79
2361.28
2359.06
2732.7
2435.43
2597.71
2472.17
2491
2714.13
2221.68
2526.36
2581.63
2358.89
2554.32
2440.19
2469.55
2565.17
2641.94
2589.94
2363.76
2286.31
2502.47
2565.51
2418.12
2449.35
2576.81
2638.78
2234.49
2494.79
2753.4
2628.22
2611.94
2475.95
2461.65
2496.57
2459.67
2688.09
2822.36
2682.42
2541.35
2730.32
2525.13
2619.75
2220.91
2485.35
2293.16
2768.48
2439.58
2778.6
2725.92
2540.15
2208.47
2698.17
2571.88
2619.4
2586.6
2853.24
2376.05
2530.74
2350.51
2612
2759.6
2550.43
2432.68
2414.22
2588.37
2323.64
2501.22
2226.12
2391.21
2639.33
2566.08
2872.91
2689.22
2586.46
2614.86
2692.23
2627.03
2688.72
2328.52
2637.7
2748.57
2322.65
2520
2498.13
2252.24
2388.96
2378.21
2557.11
2591.32
2378.83
2410.96
2514.92
2661.64
2704.02
2611.47
2604.65
2582.6
2738.15
2538.01
2592.87
2298.95
2527.97
2852.21
2468.24
2582.42
2427.41
2482.46
2862.65
2095.58
2438.74
2641.1
2476.88
2716.18
2625.2
2684.2
2664.55
2471.19
2588.57
2534.19
2390.05
2464.7
2696.81
2321.17
2550.93
2590.34
2631.11
2233.4
2477.11
2501.43
2530.72
2600.64
2354.56
2563.86
2650.76
2702.2
2562.54
2747.94
2497.81
2637.01
2811.24
2301.22
2225.47
1874.4
2390.59
1971.75
2466.6
2229.2
2121.99
2342.62
2220.61
2124.74
2200.63
2212.92
2230
2217.78
2325.62
2132.57
2380.98
2019.22
2315.72
2277.71
2331.35
2116.51
2379.43
2422.92
2293.77
2055.42
1834.48
2056.73
2323.56
2255.59
2542.9
2250.76
2268.4
2301.7
2409.35
2339.15
2205.99
2036.65
2370.35
2382.98
2100.14
2281.01
2335.63
2168.64
2098.31
2100.69
2166.27
2193.57
2134.9
2114.03
1973.34
2343.71
2414.41
2212.65
2378.81
2340.85
2438.3
2476.04
2162.66
2230.53
2251.3
2450.12
2082.93
2246.99
2151.06
2197.44
2311.25
1743.74
1917.82
2248.35
2239.66
2241.21
2256.45
2186.54
2214.25
2276.31
2302.44
2147.74
1989.79
2264.54
2341.76
1963.33
2321.89
2347.33
2524.51
2153.26
2108.76
2333.03
2251.52
2402.74
2214.48
2347.94
2185.93
2169.23
2279.97
2559.33
2312.71
2259.14
2236.98
2421.15
2317.29
1996.24
2507.45
2121.78
2579.72
2362.07
2316.43
2519.49
2290.41
2146.17
2375.59
2060.94
2167.28
2334.16
2570.97
2181.97
2484.56
2118.6
2259.82
2574.63
2230.39
2392.93
2450.27
2256.66
2300.04
2230.94
2075.69
2168.55
2452.6
2464.83
2568.21
2308.96
2609.71
2375.14
2608.79
2307.97
2479.76
1999.83
2400.6
2423.11
2196.8
2253
2315.89
2021.34
2045.22
2235.47
2359.39
2265.47
2037.46
2242.3
2190.62
2385.63
2581.24
2274.2
2373.54
2351.28
2591.39
2411.15
2374
2249.12
2120.11
2489.39
2058.14
2403.24
2208.78
2328.14
2592.92
2139.42
2022.57
2452.89
2389.7
2325.68
2203.96
2200.81
2552.19
2303.46
2372.24
2121.14
1992.07
2175.64
2259.5
2150.6
2343.55
2359.36
2526.19
2188.96
2063.12
2408
2373.62
2291.18
2255.11
2170.45
2329.8
2241.23
2340.06
2421.39
2365.51
2403.88
2447.4
2554.06
2461.35
2161.78
2486.67
2260.49
2737.82
2462.07
2435.54
2701.24
2363.22
2330.32
2652.85
2491.86
2550.29
2272.21
2488.2
2475.96
2429.05
2065.58
2578.54
2483.09
2391.36
2306.56
2570.98
2603.15
2407.25
2359.32
2106.27
2292.03
2629.42
2348.67
2667.78
2312.06
2556.1
2502.17
2493.39
2583.34
2618.43
2326.8
2801.76
2566.95
2224.02
2481.41
2351.05
2148.25
2241.62
2422.92
2488.55
2426.03
2289.61
2123.53
2333.86
2434.19
2590.63
2577.87
2633.33
2510.99
2555.59
2556.7
2455.56
2258.3
2344.01
2706.61
2269.74
2543.09
2268.45
2255.6
2595.88
2117.38
2326.58
2388.3
2372.26
2747.96
2438.68
2374.83
2534.57
2486.38
2614.57
2418.8
2236.28
2449.7
2469.58
2369.55
2451.38
2441.37
2513.02
2238.39
2430.16
2422.15
2400.12
2401.58
2350.93
2213.54
2534.32
2277.73
2546.37
2643.58
2452.09
2698.22
2687.66
2258.02
2237.78
2044.65
2249.79
2169.62
2467.25
2109.36
2260.55
2474.64
2225.87
1988.79
2188.32
2164.55
2276.21
2318.8
2471.71
2145.14
2317.2
2126.95
2273.33
2409.65
2292.79
2050.86
2444.35
2285.08
2332.83
2179.07
1932.72
2152.4
2307.91
2194.34
2503.6
2376.43
2349.91
2342.48
2307.46
2373.04
2348.69
2033.31
2390.53
2446.81
2098.93
2252.29
2079.39
1903.86
2009.33
2184.55
2253.74
2207.41
2162.69
2087.56
2162.18
2326.6
2508.25
2335.48
2203.39
2430.49
2450.73
2182.84
2362.38
2078.58
2263.25
2257.04
2095.76
2469.78
2007.96
2232.69
2443.21
1844.59
2123.34
2260.9
2250.67
2428.53
2228.2
2101.57
2368.5
2254.39
2324.56
2064.57
1968.53
2297.96
2346.14
2198.79
2234.01
2189.91
2328.42
2107.08
2013.41
2254.48
2136.56
2318.72
2018.36
1965.29
2120.29
2203.64
2407.18
2515
2323.66
2179.8
2463.01
2618.64
2570.63
2097.29
2548.62
2316.38
2708.87
2399.35
2510.06
2666.12
2363.53
2315.91
2643.23
2465.91
2425.3
2525.13
2721.38
2311.54
2584.65
2180.9
2541.85
2704.25
2471.6
2512.98
2705.7
2517.02
2348.07
2373.01
2132.21
2241.8
2635.75
2538.24
2657.69
2534.68
2575.61
2478.03
2584.26
2620.55
2573.95
2309.71
2643.26
2530.08
2257.99
2484.39
2467.45
2337.47
2316.37
2469.93
2489.03
2439.89
2250.95
2440.78
2286.29
2584.5
2711.44
2616.53
2701.57
2565.71
2669.69
2716.77
2489.88
2174.38
2380.34
2697.57
2261.41
2426.75
2442.39
2289.71
2502.75
2105.04
2471.39
2610.57
2236.51
2583.01
2324.06
2475.2
2621.01
2496.09
2502.14
2267.45
2123.09
2397.5
2525.34
2370.82
2354.24
2357.67
2519.97
2275.58
2506.75
2579.06
2431.34
2554.56
2398.19
2508.04
2492.78
2422.75
2571.9
2637.67
2558.34
2704.02
2686.14
2524.86
2457.33
2094.22
2608.95
2294.89
2724.48
2450.44
2425.59
2698.78
2403.44
2209.43
2491.64
2379.22
2480.4
2399.58
2581.51
2233.27
2632.78
2279.13
2504.09
2595.07
2472.59
2326.63
2689.56
2662.77
2287.18
2398.21
1945.59
2343.81
2663.88
2479.48
2689.07
2562
2479.67
2489.12
2629.77
2456.6
2555.97
2285.69
2513.58
2552.11
2142.25
2390.67
2585.54
2264.78
2250.4
2495.21
2350.2
2205
2294.59
2204.06
2352.57
2555.79
2720.82
2329.21
2590.81
2507.61
2753.55
2505.45
2543.54
2088.33
2303.01
2648.02
2158.17
2408.79
2262
2275.88
2446.22
1781.27
2296.82
2428.98
2396.74
2557.95
2399.83
2476.37
2496.06
2375.48
2552.46
2405.97
2110.15
2329.08
2452.86
2384.16
2308.09
2373.35
2568.71
2241.52
2361.89
2467.07
2426.96
2272.35
2192.75
2512.78
2386.8
2333.65
2580.9
2593.4
2265.57
2468.76
2690.7
2284.56
2276.03
1997.45
2496.42
2276.96
2557.96
2326.01
2409.2
2590.46
2120.3
2141.04
2620.65
2280.16
2198.42
2310.82
2357.31
2421.79
2322.46
1784.94
2523.84
2415.61
2309.73
2267.47
2427.15
2339.42
2290.67
2230.4
1794.75
2389.09
2273.64
2372.44
2508.64
2203.91
2397.1
2397.74
2504.53
2506.66
2298.61
2078.77
2564.99
2378.78
2246.96
2323.29
2257.52
2149.99
1911.31
2225.87
2281.68
2245.73
2055.77
2098.45
2187.17
2517.1
2410.77
2595.99
2421.98
2352.34
2414.48
2447.3
2252.01
2046.51
2235.67
2598.8
2267.47
2340.56
2195.71
2340.01
2616.9
2048.64
2247.82
2284.96
2231.99
2419.21
2432.81
2254.13
2443.66
2372.75
2406.11
2392.82
2135.29
2183.82
2490.2
2137.3
2383.77
2175.5
2648.67
2124.88
2286.72
2447.46
2404.34
2211.15
2277.78
2258.66
2392.23
2104.35
2423.17
2412.85
2402.63
2459.22
2514.36
2480.58
2400.13
2000.7
2387.99
2236.26
2447.47
2430.75
2454.61
2599.22
2378.64
2058.81
2399.97
2410.56
2315.49
2466.92
2487.09
2178.57
2294.07
2033.6
2476.81
2571.57
2328.97
2162.6
2512.58
2529.73
2394.48
2172.02
2069.16
2220.13
2343.87
2490.32
2702.41
2318.81
2607.49
2549.09
2459.55
2402.49
2443.96
2183.3
2404.92
2565.8
2280.72
2381.92
2371.11
2114.98
2137.48
2276.75
2402.26
2313.23
2115.97
2202.3
2202.72
2306.74
2494.44
2538.21
2417.37
2390.69
2679.79
2553.88
2352.78
2032.24
2306.28
2657.52
2216.68
2401.51
2253.3
2203.01
2661.69
2002.95
2253.5
2372.57
2202.7
2543.27
2291.8
2335.24
2506.09
2466.06
2457.23
2206.83
2147.71
2452.99
2430.78
2254.32
2424.97
2302.67
2506.11
2138.47
2223.67
2438.76
2198.95
2389.22
2306.66
2338.32
2347.4
2223.85
2393.19
2594.72
2439.55
2478.68
2517.11
2279.98
2350.42
2006.29
2497.52
2180.27
2578.36
2516.55
2331.33
2529.52
2322.79
2083.71
2561.86
2282.48
2427.24
2443.33
2450.14
2249.74
2370.14
2116.78
2523.14
2536.37
2226.11
2095.3
2515.34
2333.68
2353.46
2191.36
1996.62
2115.97
2523.05
2387.97
2541.92
2489.95
2513.05
2458.27
2532.04
2484.88
2402.28
2251.96
2383.11
2482.59
2263.72
2342.62
2259.27
2150.16
2238.49
2304.43
2382.34
2322.26
2075.16
2190.89
2351.09
2454.31
2688.8
2509.67
2516.65
2228.54
2511.85
2495.61
2276.02
2156.53
2032.58
2516.41
2321.7
2327.08
2189.58
2255.62
2433.46
1924.25
2038.78
2378.62
2328.12
2424.47
2251.07
2340.45
2507.44
2316.01
2473.35
2292.18
2010.97
2359.64
2392.62
2228.01
2175.47
2243.44
2380.95
2126.37
2129.43
2262.39
2243.19
2363.61
2040.53
2343.31
2274.83
2205.29
2438.68
2649.36
2417.09
2359.89
2517.17
2692.51
2886.33
2315.58
2632.65
2442.16
2823.33
2556.35
2634.78
2907.28
2542.9
2231.78
2565.98
2541.49
2600.98
2620.12
2790.59
2368.83
2700.7
2469.33
2537.72
2794.81
2761.32
2521.35
2600.05
2598.19
2637.17
2496.44
2206.1
2399.36
2622.27
2732.54
2972.87
2531.52
2764.99
2616.28
2630.41
2732.54
2658.02
2702.45
2555.22
2705.33
2363.41
2591.79
2557.88
2367.98
2435.66
2470.6
2615.98
2659.53
2422.56
2430.81
2470.86
2646.53
2913.39
2736.03
2847.81
2822.35
2731.41
2855.25
2605.12
2526.13
2643.74
2952.98
2529.46
2728.1
2354.02
2413.28
2712.94
2177.77
2487.61
2715.94
2547.24
2897.51
2608.45
2637.91
2635.46
2600.65
2625.07
2444.75
2252.78
2673.57
2727.72
2411.36
2538.92
2673.3
2769.88
2312.5
2500.71
2596.86
2484.34
2747.52
2606.55
2513.54
2501.05
2559.32
2771.1
2976.24
2767.87
2630.93
2836.36
2627.44
2620.27
2111.48
2544.46
2202.48
2707.72
2522.8
2602.74
2663.1
2476.2
2034.1
2746.01
2520.81
2417.82
2455.53
2599.74
2250.51
2598.88
2133.68
2725.18
2823.64
2507.71
2548.18
2457.6
2539.99
2504.66
2463.22
2290.15
2293.84
2617.94
2360.67
2859.9
2494.78
2671.71
2646.99
2588.79
2623.66
2387.13
2309.41
2581.19
2555.5
2450.99
2567.32
2513.94
2310.22
2289.19
2525.04
2758.81
2615.41
2290.68
2318.89
2404.53
2610.08
2666
2619.47
2583.48
2572.86
2694.18
2687.46
2526.31
2319.08
2459.97
2678.2
2477.04
2525.05
2286.68
2412.2
2778.95
2164.83
2309.37
2585.29
2527.14
2683.08
2552.28
2415.45
2610.77
2617.06
2566.45
2304.48
2344.45
2526.02
2553.32
2284.46
2442.38
2398.82
2775.22
2340.53
2374.94
2567.09
2419.53
2614.15
2359.68
2443.46
2656.81
2529.37
2683.08
2853.76
2745.07
2486.85
2740.97
2431.03
2492.14
2234.53
2499.59
2160.19
2623.57
2416.31
2452.22
2609.76
2254.19
2033.22
2390.98
2415.3
2442.6
2339.77
2545.34
2320.1
2640.67
2036.97
2527.48
2388.68
2425.74
2263.81
2552.47
2453.44
2636.2
2404.39
2102.65
2309.82
2440.29
2376.81
2927.04
2332
2549.62
2579.94
2436.56
2587.7
2523.55
2363.52
2592.55
2502.78
2213.77
2507.18
2317.71
2297.9
2293.81
2409.93
2475.54
2407.57
2198.63
2208.85
2127.39
2491.77
2457.27
2495.05
2434.13
2538
2548.66
2487.33
2472.44
2315.36
2354.9
2680.88
2602.53
2497.35
2092.59
2316.57
2633.12
2005.85
2234.76
2477.97
2432.34
2663.26
2447.95
2297.03
2535.56
2523.64
2361.82
2200.56
1981.18
2486.31
2613.86
2244.97
2244.38
2385.69
2556.38
2377.15
2278.61
2333.12
2397.96
2563.26
2250.71
2365.23
2433.33
2516.08
2529.89
2485.66
2500.18
2530.43
2686.04
2430.61
2515.88
2096.59
2550.21
2273.47
2609.34
2490.04
2422.51
2594.8
2307.59
2075.32
2716.34
2414.67
2424.29
2602.01
2721.63
2343.95
2622.64
2265.46
2520.38
2556.77
2507.99
2301.73
2560.88
2572.79
2429.56
2418.01
2133.09
2395.51
2568.9
2449.4
2836.88
2624.17
2604.62
2686.66
2721.51
2703.03
2536.23
2342.32
2667.16
2625.89
2329.77
2356.98
2495.99
2415.57
2157.43
2487.87
2448.07
2495.95
2290.95
2428.33
2443.93
2634.64
2686.38
2590.02
2557.5
2464.77
2705.46
2593.59
2755.69
2257.77
2333.1
2741.61
2248.63
2381.04
2465.43
2465.31
2710.33
2224.69
2340.8
2427.32
2466.06
2624.53
2671.57
2397.85
2430.34
2452.09
2587.25
2296.41
2231.91
2413.55
2683.92
2402.77
2418.47
2381.13
2681.19
2249.8
2423.95
2468.6
2430.6
2572.94
2373.67
2528.57
2520.87
2496.4
2585.11
2631.76
2487.58
2513.97
2562.49
2435.94
2419.07
1982.22
2367.18
2164.59
2539.78
2445.99
2283.04
2568.45
2222.92
2167.54
2442.1
2221.53
2275.17
2528.63
2592.44
2270.02
2510.01
2196.79
2240.83
2417.87
2329.11
2220.76
2436.32
2473.98
2378.95
2241.99
2036.83
2267.5
2527.54
2617.74
2654.84
2197.8
2398.07
2533.51
2330.57
2468.73
2501.86
2127.6
2238.28
2377.37
2199.35
2351.33
2289.45
2148.23
2306.43
2251.62
2375.93
2312.39
2164.68
2260.03
2303.7
2386.37
2614.24
2496.37
2505.85
2424.1
2621.46
2557.66
2416.39
2237.06
2335.7
2615.33
2209.16
2337.43
2230.39
2384.21
2505.17
2026.9
2201.98
2614.78
2305.22
2561.11
2385.33
2139.67
2468.41
2440.56
2456.02
2229.91
2127.71
2496.15
2494.77
2338.82
2337.56
2445.53
2581.26
2091.45
2223.19
2438.27
2242.13
2507.28
2216.38
2219.54
2331.74
2348.37
2406.31
2524.53
2474.3
2299.43
2524.12
2429.42
2396.48
1929.18
2346.75
2151.27
2392.11
2350.84
2079.6
2312.5
2184.35
1914.53
2516.36
2210.69
2131.1
2238.26
2482.93
2218.08
2230.08
1966.38
2226.68
2316.18
2338.53
1977.76
2387.94
2369.46
2285.13
2110.93
1982.28
2132.17
2193.38
2382.54
2488.18
2177.96
2425.36
2405.06
2385.26
2318.92
2298.2
2114.42
2444.06
2274.03
2218.38
2094.15
2191.9
2229.42
2028.7
2281.12
2138.51
2198.24
1976.68
2137.87
2038.8
2347.31
2420.96
2449.31
2304.72
2179.48
2508.8
2463.63
2258.21
2117.33
2176.72
2500.46
2011.8
2154.47
2059.28
2044.13
2412.35
1796
2181.24
2219.89
1995.33
2326.47
2412.91
1992.49
2238.18
2300.05
2525.29
2074.8
2036.35
2391.5
2293.66
2237.05
2382.06
2311.27
2473.2
2037.48
2198.04
2402.82
2190.23
2449.66
2153.97
2146.23
2234.24
2021.64
2316.47
2516.27
2408.32
2279.63
2346.76
2569.92
2510.5
2147.06
2493.52
2351.07
2563.71
2471
2594.83
2486.06
2405.9
2153.81
2684.94
2559.17
2409.61
2634.48
2563.38
2286.13
2457.91
2237.41
2528.03
2704.09
2459.73
2310.22
2519.85
2598
2447.12
2397.4
2180.91
2332.85
2480.22
2395.61
2680.05
2373.72
2505.96
2637.09
2549.94
2552.44
2542
2373.54
2494.42
2824.47
2324.56
2399.79
2442.67
2232.54
2187.39
2491.66
2622.05
2405.16
2251.88
2348.32
2470.25
2542.31
2704.91
2535.27
2508.56
2652.01
2498.82
2545.58
2534.8
2270.18
2429.3
2630.1
2289.21
2476.23
2421.45
2401.39
2600.44
2089.46
2289.83
2553.67
2368.16
2715.38
2492.41
2317.47
2445.56
2563.52
2538.2
2342.12
2256.13
2390.85
2684.55
2336.77
2633.56
2392.93
2597.69
2266.08
2260.94
2550.99
2447.19
2566.18
2478.34
2277.96
2380.1
2421.1
2576.78
2722.04
2549.05
2546
2616.01
2592.71
2719.53
2384.09
2625.13
2388.1
2734.42
2611.49
2615.69
2751.28
2487.36
2193.04
2747.76
2512.96
2579.93
2504.55
2653.15
2637.49
2804.23
2191.96
2702.37
2495.44
2554.56
2470.78
2609.04
2865.18
2570.24
2539.97
2365.84
2434.27
2404.14
2597.88
2837.64
2401.71
2554.04
2715.28
2574.49
2674.1
2524
2343.02
2790.76
2736.12
2468.29
2577.76
2529.34
2363.02
2281.42
2571.68
2518.3
2576.41
2389.48
2404.1
2327.91
2723.96
2864.48
2566.85
2633.22
2819.64
2694.44
2700.36
2776.09
2363.31
2572.2
2799.84
2488.18
2812.08
2399.75
2408.01
2757.27
2121.78
2575.65
2618.86
2425.7
2751.2
2689.04
2437.34
2637.34
2601.48
2717.67
2376.81
2304.23
2546.83
2691.36
2392.63
2501.53
2548.27
2698.9
2338.18
2486.11
2625.46
2562.69
2762.53
2490.49
2431.47
2500.85
2623.62
2772.26
2807.92
2641.78
2663
2771.79
2711.31
2649.6
2299.74
2584.46
2354.59
2927.5
2538.93
2663.52
2811.05
2621.83
2293.25
2839.04
2470.36
2600.81
2662.82
2526.96
2449.77
2539.06
2285.08
2574.1
2831.51
2570.64
2353.94
2843.22
2754.19
2619.33
2373.74
2113.95
2392.19
2677.77
2692.02
2938.56
2443.42
2658.27
2800.17
2583.05
2803
2643.29
2440.76
2653.53
2849.3
2314.4
2500.09
2617.37
2332.79
2424.09
2483.53
2671.53
2531.36
2503.6
2394.14
2420.14
2561.04
2775.36
2787.5
2761.74
2556.44
2802.67
2674.74
2675.3
2424.18
2433.15
2906.54
2631.65
2537.31
2431.04
2473.29
2634.11
2198.28
2321.33
2817.64
2581.09
2673.26
2655.13
2721.93
2633.38
2707.06
2513.53
2514.66
2295.91
2636.71
2572.32
2367.79
2626.31
2464.87
2776.97
2252.24
2523.95
2620.66
2409.39
2695.41
2475.17
2595.28
2549.98
2627.11
2771.76
2752.48
2543.91
2632.32
2890.8
2595
2725.67
2231.98
2594.32
2433.75
2841.63
2665.3
2503.18
2801.18
2558.6
2324.78
2855.56
2551.91
2482.48
2628.22
2576.16
2457.13
2722.66
2337.38
2625.4
2782.64
2480.16
2402.18
2720.61
2824.72
2575.5
2629.68
2136.6
2471.75
2597.83
2675.29
2962.13
2509.52
2703.18
2811.31
2623
2810.77
2685.16
2260.88
2692.55
2706.9
2447.63
2388.67
2676.85
2551.42
2423.16
2495.24
2745.49
2602.92
2470.1
2393.04
2264.7
2703.18
2779.65
2779.48
2724.21
2750.98
2866.07
3026.72
2749.98
2422.79
2451.7
2888.54
2532.11
2554.66
2532.68
2543.84
2795.46
2245.36
2549.03
2765.62
2513.9
2842.23
2671.28
2569.77
2750.17
2696.54
2655.23
2474.89
2250.68
2656.49
2595.07
2504.12
2562.32
2483.98
2834.82
2373.58
2630
2839.18
2525.23
2805.25
2499.5
2529.53
2601.6
2372
2791.75
2956.97
2780.83
2708.5
2921.84
2835.54
2785.57
2249.81
2792.23
2433.88
3112.53
2757.13
2591.6
2851.8
2589.44
2407.12
2849.31
2647.17
2548.45
2716.68
2926.02
2474.81
2683.95
2142.68
2694.49
2861.22
2562.7
2466.83
2820.46
2747.24
2742.96
2632.89
2208.32
2653.33
2704.7
2767.87
3015.42
2547.96
2942.7
2856.62
2821.51
2845.18
2741.75
2519.33
2909.06
2810.96
2419.16
2641.37
2713.19
2574.62
2440.08
2715.78
2791.47
2612.17
2487.15
2298.57
2579.2
2716.8
2798.25
2833.29
2708.14
2587.89
2871.75
2934.41
2692.12
2317.59
2522.61
2894.45
2630.86
2719.07
2547.63
2400.91
2951.75
2308.4
2507.18
2690.75
2705.77
2844.5
2704.23
2659.04
2665.21
2778.08
2719.31
2503.92
2215.52
2801.83
2606.87
2711.51
2620.75
2596.39
2825.4
2434.37
2572.99
2821.67
2706.03
2687.09
2685.89
2658.77
2568.87
2546.93
2734.73
2922.49
2726.92
2874.63
3000.16
2640.82
2741.06
2152.98
2677.39
2489.41
2885.78
2590.65
2609.83
2661.41
2484.04
2247.98
2924.81
2524.82
2638.03
2357.48
2690.43
2566.01
2735.37
2409.96
2755.26
2785.73
2535.66
2467.58
2789.88
2634.15
2649.75
2552.22
2306.35
2427.54
2739.73
2766.38
2979.11
2548.82
2667.71
2688.38
2916.4
2663.54
2711.9
2421.71
2734.38
2640.07
2373.39
2613.21
2682.12
2495.73
2379.38
2544.33
2591.93
2708.13
2382.92
2573.84
2334.48
2665.58
2765.24
2728.92
2857.39
2780.38
2896.59
2652.24
2713.88
2590.64
2430.96
2750.55
2371.94
2539.82
2346.56
2443.96
2904.34
2078.58
2506.67
2729.52
2496.97
2727.55
2734.86
2564.61
2507.06
2586.02
2713.12
2681.2
2298.33
2636.9
2763.01
2272.96
2596.24
2617.65
2812.89
2319.94
2624.71
2435.46
2450.01
2748.61
2668.87
2452.7
2722.33
2528.77
2855.83
2887.38
2700.25
2879.14
2673.55
2637.84
2522.4
2238.5
2656.16
2366.43
2762.08
2448.94
2683.21
2667.23
2488.94
2300.48
2816.31
2552.01
2569.48
2546.44
2632.89
2470.53
2618.62
2336.04
2620.44
2678.68
2488.18
2383.21
2778.53
2640.58
2446.87
2452.15
2161.18
2546.73
2638.36
2591.95
2972.35
2390.09
2721.66
2583.83
2821.82
2733.72
2538.82
2411.76
2766.72
2644.06
2360.95
2483.99
2451
2333.84
2317.56
2489.4
2568.61
2464.79
2436.58
2313.4
2326.5
2766.34
2676.73
2459.59
2671.14
2650.91
2657.42
2675.96
2630.69
2557.08
2334.67
2796.5
2431.83
2587.51
2410.61
2448.15
2908.97
2113.61
2445.2
2559.04
2466.9
2728.38
2631.8
2586.65
2567.61
2603.04
2562.22
2445.82
2197.72
2377.74
2528.04
2235.23
2512.77
2512.72
2662.75
2361.39
2523.38
2720.53
2485.7
2604.24
2462.47
2477.58
2685.41
2513.86
2589.23
2745.22
2604.53
2503.85
2511.18
2718.75
2621.7
2124.08
2646.49
2318.04
2844.13
2533.11
2463.71
2589.51
2500.44
2122.03
2738.33
2568.92
2522.57
2502.41
2566.72
2454.01
2788.9
2260.65
2698.02
2730.42
2527.62
2483.62
2635.03
2542.29
2530.47
2435.53
2206.3
2278.52
2396.45
2524.73
2853.92
2570.61
2779.9
2682.52
2684.34
2625.61
2630.56
2409.83
2655.3
2526.04
2485.37
2500.27
2518.22
2352.63
2295.68
2389.15
2450.82
2563.25
2214.62
2423.36
2316.1
2612.5
2741.11
2755.98
2843.21
2664.23
2714.44
2760.1
2473.6
2402.67
2382.48
2756.01
2454.67
2480.33
2342
2190.08
2769.48
2298.22
2267.17
2598.01
2393.16
2690.91
2547.15
2593.46
2676.47
2635.5
2576.23
2464.26
2175.18
2488.32
2563.76
2284.68
2449.75
2581.59
2664.39
2419.26
2413.3
2785.89
2407.43
2483.19
2521.95
2500.57
2430.3
2309.58
2539.94
2923.1
2717.66
2603.7
2778.4
2468.19
2554.66
2052.67
2600.87
2422.98
2826.83
2492.8
2456.06
2753.37
2525.88
2181.15
2803.81
2400.58
2353.18
2549.3
2662
2443.99
2562.25
2184.1
2686.81
2542.94
2276.95
2303.48
2526.7
2618.05
2452.2
2442.49
2207.49
2468.49
2484.65
2535.29
2799.73
2535.85
2552.72
2635.47
2591.81
2537.28
2453.19
2304.39
2657.03
2519.09
2394.42
2520.08
2514.37
2137.94
2218.35
2520.28
2456.53
2590.01
2415.76
2226.61
2460.93
2508.39
2774.68
2597.16
2535.56
2515.68
2664.25
2610.71
2581.25
2232.18
2321.04
2710.57
2425.41
2486.86
2334.58
2274.2
2774.84
2026.61
2421.88
2575.61
2385.17
2759.46
2495.04
2511.36
2630.71
2418.34
2573.38
2319.31
2285.49
2544.75
2526.1
2305.52
2533.95
2529.59
2613.24
2301.32
2393.25
2742.37
2496.3
2597.24
2448.33
2418.54
2415.36
2294.34
2593.26
2846.39
2632.62
2657.11
2933.55
2617.42
2693.84
2212.6
2571.51
2527.43
2875.21
2461.64
2657.88
2782.08
2524.15
2098.93
2879.58
2411.47
2588.65
2713.33
2633.3
2461.32
2550.04
2179.25
2536.96
2737.43
2533.61
2401.13
2696.46
2578.74
2497.18
2531.59
2173.82
2537.49
2581.08
2565.79
2893.65
2531.39
2519.59
2727.94
2680.42
2714.09
2565.21
2310.14
2521.92
2772.38
2439.13
2405.33
2442.67
2413.72
2359.64
2457.51
2606.58
2564.66
2414.87
2446.78
2549.97
2681.59
2703.11
2715.09
2730.12
2609.17
2706.93
2603.36
2540.52
2266.96
2291.02
2828.54
2605.79
2643.06
2442.48
2497.89
2885.03
2074
2431.2
2692.78
2384.06
2767.29
2710.36
2572.29
2654.9
2502.82
2590.67
2570.97
2267.91
2574.83
2646.38
2400.96
2521.44
2480.59
2806.21
2293.12
2482.42
2437.25
2489.81
2780.45
2368.94
2502.3
2608.07
2405.39
2741.94
2880.94
2701.14
2539.56
2967.16
2505.53
2437.32
2054.24
2471.02
2264.98
2647.31
2362.19
2396.28
2571.63
2432.22
2094.49
2820.01
2493.85
2485.08
2248.25
2471.98
2361.26
2463.64
2153.62
2640.18
2516.18
2391.69
2336.91
2458.88
2580.54
2325.74
2475.23
2152.11
2352.2
2485.19
2367.94
2693.88
2343.98
2553.81
2534.72
2543.07
2560.08
2651.59
2418.03
2612.36
2503.38
2209.72
2315.55
2224.99
2271.12
2153.46
2484.31
2358.14
2438.25
2175.99
2154.16
2288.38
2572.7
2666.36
2553.24
2529.62
2549.26
2503.23
2575.06
2451.72
2207.96
2262.56
2564.82
2319.53
2410.66
2270.63
2129.24
2593.2
2138.1
2383.84
2444.5
2327.08
2696.59
2514.8
2397.56
2570.14
2304.24
2441.05
2326.74
2121.55
2318.74
2373.54
2252.66
2399.98
2393.58
2418.44
2166.24
2318.17
2527.56
2373.83
2485.13
2385.17
2293.1
2280.58
2159.7
2514.85
2631.71
2463.66
2502.26
2773.61
2334.01
2439.23
1848.14
2347.92
2153.94
2486.9
2272.87
2346.27
2610.57
2234.86
1912.78
2485.5
2177.44
2311.49
2348.99
2472.9
2284.57
2461.05
1943.1
2337.9
2446.92
2163.52
2160.1
2289.25
2388.69
2413.26
2346.42
2043.24
2107.59
2279.48
2303.49
2532.1
2234.1
2449.61
2546.45
2457.61
2426.77
2316.59
2180.1
2596.13
2419.21
2260.81
2316.92
2391.2
2042.7
2069.91
2409
2321.5
2270.22
2114.8
2068.65
2216.73
2397.16
2570.43
2420.96
2400.93
2330.03
2514.74
2451.09
2407.96
2081.14
2334.21
2484.83
2166.28
2367.8
2166.95
2086.56
2418.3
1948.27
2227.09
2272.81
2154.78
2548.3
2316.74
2168.5
2344.77
2267.18
2285.01
2245.73
2073.68
2216.83
2445.53
2143.08
2254.78
2208.32
2459.81
2075.82
2246.5
2338.26
2320.58
2384.06
2246.06
2031.73
2372.28
2299.4
2354.61
2541.96
2497.07
2498.68
2520.54
2673.36
2658.26
2289.58
2623.8
2470.26
2665.98
2343.25
2608.98
2595.09
2598.52
2248.48
2698.3
2474.12
2444.32
2607.18
2685.1
2509.08
2606.71
2196.11
2592.02
2629.57
2589.95
2399.37
2611.84
2681.76
2606.46
2355.5
2223.08
2321.95
2663.76
2650.87
2908.63
2527.27
2655.06
2731.53
2726.45
2837.64
2578.74
2407.8
2610.52
2746.86
2425.09
2476.41
2510.77
2455.4
2224.36
2558.25
2709.53
2585.81
2348.33
2571.38
2357.16
2569.32
2880.13
2647.04
2599.43
2716.95
2763.86
2799.07
2634.35
2387.22
2585.08
2743.34
2427.11
2524.54
2425.03
2479.62
2744.09
2183.8
2606.08
2723.34
2336.64
2799.16
2621.71
2437.78
2681.59
2625.14
2537.61
2289.62
2233.15
2400.84
2691.48
2401.21
2704.27
2461.93
2814.44
2286.11
2436.79
2528.74
2585.18
2691.12
2511.01
2458.36
2581.77
2425.26
2687.79
2729.65
2648.04
2471.44
2743.23
2412.46
2427.24
1953.41
2551.62
2317.25
2691.64
2369.86
2446.27
2629.7
2352.86
2142.15
2586.31
2353.32
2421.93
2432.83
2701.08
2315.93
2555.48
2104.24
2561.02
2574.5
2395.24
2322.86
2420.7
2359.23
2326.3
2419.11
2169.35
2345.42
2634.38
2425.21
2881.83
2427.09
2408.83
2606.87
2497.85
2549.94
2581.08
2212.54
2593.64
2395.29
2312.26
2483.95
2437
2406.94
2203.11
2373.44
2425.49
2609
2306.44
2292.77
2342.61
2332.34
2636.17
2504.39
2666.69
2618.24
2650.8
2499.06
2637.04
2126.21
2267.56
2632.77
2297.96
2315.73
2302.73
2259.31
2750.05
2140.5
2259.08
2512.76
2362.26
2597.4
2360.04
2384.32
2580.56
2329.83
2564.55
2436.02
2320.69
2395.47
2538
2092.4
2440.39
2541.24
2588.41
2327.59
2525.89
2530.08
2477.37
2535.3
2385.21
2418.24
2447.05
2341.25
2505.45
2688.03
2474.78
2645.78
2636.13
2676.7
2501.63
2048.65
2608.68
2223.13
2608.57
2393.93
2456.4
2646.43
2381.69
2217.39
2497.3
2450.25
2405.87
2449.74
2633.35
2313.94
2652.74
2103.29
2546.38
2632.79
2411.7
2329.68
2574.29
2506.51
2427.32
2511.68
2288.62
2371.31
2603.37
2322.44
2870.68
2307.98
2521.26
2610.95
2428.29
2501.3
2633.84
2175.33
2473.64
2575.08
2327.11
2475.74
2446.8
2360.9
2248.91
2302.23
2625.24
2476.56
2217.91
2237
2299.57
2284.73
2524.98
2585.24
2571.95
2534.68
2678.8
2567.52
2427.13
2263.56
2257.25
2783.92
2360.19
2383.82
2216.17
2331.73
2675.56
2185.56
2229.68
2594.9
2337.92
2597.05
2530.64
2403.43
2678.15
2481.28
2501.22
2427.82
2269.32
2381.22
2608.58
2290.09
2389.5
2541.77
2656.6
2354.93
2577.61
2570.67
2478.53
2558.64
2298.17
2393.2
2520.21
2498.31
2438.81
2637.45
2534.83
2572.19
2754.18
2716.51
2684.63
2232.39
2784.42
2430.86
2983.04
2566.97
2784.99
2911.36
2474.04
2272.26
2749.32
2587.87
2571.6
2480.73
2709.28
2389.89
2673.58
2262.51
2798.65
2838.2
2739.58
2661.15
2955.21
2691.81
2719.72
2642.84
2360.9
2571.23
2650.03
2713.57
3062.14
2628.85
2816.95
2718.32
2644.15
2765.03
2770.51
2535.65
2660.93
2745.4
2393.82
2582.61
2711.58
2363.45
2338.37
2558.06
2773.69
2621.91
2443.41
2411
2407.91
2667.83
2771.92
2620.91
2845.84
2703.55
2902.75
2705.46
2726.97
2400.34
2444.86
2868.13
2626.41
2542.2
2390.08
2557.49
2949.87
2178.21
2485.52
2914.2
2608.54
2789.73
2682.47
2553.36
2872.89
2713.44
2584.28
2501.15
2193.34
2566.35
2587.91
2285.06
2637.34
2587.56
2921.54
2578.87
2608.73
2801.14
2560.74
2792.83
2753.79
2615.67
2762.47
2504.42
2650.6
2871.93
2906.37
2631.37
2918.72
2427.95
2455.22
2120.49
2477.03
2239.31
2607.93
2481.13
2304.73
2633.79
2319.4
2172.29
2516.36
2458.83
2354.61
2363.17
2550.43
2303.5
2510.96
2130.97
2456
2337.42
2459.5
2309.82
2566.51
2433.03
2434.87
2353.85
1939.6
2291.45
2443.19
2287.21
2700.15
2303.6
2442.19
2524.21
2427.69
2443.15
2480
2376.14
2494.28
2432.05
2237.17
2367.13
2399.65
2121.95
2126.2
2340.4
2474.37
2307.41
2123.42
2193.21
2274.65
2538.58
2615.77
2398.67
2556.53
2247.43
2471.04
2698.64
2439.32
2253.59
2294.14
2736.97
2337.47
2404.86
2165.45
2394.46
2639.15
2085.32
2350.16
2677.04
2337.11
2539.1
2419.4
2285.9
2576.39
2563.98
2543.54
2199.25
2035.17
2425.23
2516.29
2117.11
2420.83
2416.67
2511.46
2287.44
2327.07
2474.05
2219.79
2502.48
2312.03
2345.55
2435.65
2250.9
2457.07
2538.51
2522.18
2303.08
2562.01
2687.81
2859.45
2208.02
2637.44
2436.04
2850.48
2591.24
2622.52
2965.58
2730.04
2339.8
2666.81
2575.92
2513.83
2609.99
2906.4
2464.61
2548.11
2410.25
2681.5
2815.04
2546.85
2601.05
2763.31
2664.4
2492.54
2621.62
2247.35
2571.39
2663.5
2579.88
2969.88
2580.86
2728.47
2642.83
2671.52
2621.4
2738.73
2399.7
2624.76
2752.4
2357.41
2567.15
2594.69
2370.21
2387.42
2557.57
2626.65
2483.95
2420.65
2442.13
2534.16
2751.04
2745.48
2789.63
2737.91
2714.56
2928.7
2692.98
2631.88
2327.04
2459.01
2832.76
2485.21
2501.7
2489.46
2399.84
2752.53
2196.45
2486.56
2646.52
2498.95
2860.34
2525.24
2575.96
2722.07
2556.73
2661.56
2422.6
2287.72
2731.49
2618.04
2504.63
2514.03
2620.13
2667.4
2347.11
2362.45
2721.3
2420.09
2810.08
2561.97
2583.17
2547.11
2688.35
2671.88
2831.96
2712.05
2814.69
2880.89
2786.04
2930.88
2409.55
2873.58
2629.7
2908.74
2814.9
2891.61
3015.21
2684.86
2326.67
2923.72
2722.28
2727.5
2727.42
3116.25
2642.69
3021.49
2532.87
2788.75
2960.41
2770.89
2642.32
2808.44
2912.77
2849.78
2716.6
2395.48
2529.43
2721.3
2859.37
3248.84
2832.85
2894.82
2934.23
2962.93
2746.36
3053.56
2526.18
2977.12
2897.91
2722.43
2733.87
2855.14
2544.34
2594.75
2551.94
2815.31
2783.74
2537.71
2718.02
2456.38
2974.27
3007.34
3047.87
2962.77
2929.54
3022.13
3014.34
2928.31
2693.91
2836.12
3157.9
2682.26
2777.71
2514.48
2554.39
2956.38
2441.84
2463.17
2873.05
2664.94
2945.39
2777.18
2696.92
2946.95
2830.56
2885.94
2719.23
2736.8
2732.05
2982.95
2594.32
2814.29
2934.35
3078.13
2623.78
2709.67
2827.49
2782.07
2973.1
2710.84
2753.5
2835.81
2742.31
2946.1
3037.14
2816.91
2924.09
2914.41
2398.82
2520.87
1920.89
2293.03
2139.2
2453.65
2434.24
2400.02
2599.77
2278.25
2051.31
2379.23
2373.64
2284.86
2337.52
2574.3
2294.26
2426.84
2144.41
2444.79
2448.29
2333.81
2331.79
2400.03
2325.17
2184.76
2299.1
2000.81
2210.9
2357.26
2316.84
2704.08
2346.37
2530.69
2450.35
2457.01
2326.07
2339.45
2154.6
2423.61
2431.13
2166.81
2477.44
2344.19
2115.44
2147.99
2246.59
2431.27
2306.84
2091.35
2231.82
2136.83
2509.96
2348.61
2506.02
2446.9
2477.19
2568.68
2364.44
2393
2300.97
2360.9
2610.67
2281.2
2283.06
2149.02
2186.85
2528.45
2004.94
2044.64
2364.7
2297.99
2417.28
2312.45
2271.04
2256.74
2355.6
2427.37
2182.73
2097.73
2305.67
2318.72
2273.64
2242.36
2525.64
2543.19
2108.82
2116.69
2407.02
2128.3
2368.8
2283.23
2315.14
2308.11
2287.79
2292.14
2520.11
2323.25
2525.17
2541.43
2591.88
2659.17
2234.61
2487.73
2350.12
2818.35
2555.05
2385.5
2651.68
2497.5
2127.63
2644.29
2530.19
2482.49
2561.83
2501.87
2379.19
2635.3
2112.01
2631.84
2576.69
2483.57
2438.8
2703.64
2454.02
2603.12
2421.37
2241.83
2366.02
2483.53
2637.02
2784.34
2400.65
2554.83
2506.17
2613.17
2557.43
2448.58
2275.57
2603.82
2546.31
2486.38
2566.21
2405.6
2308.14
2226.63
2499.66
2520.46
2500.94
2391.71
2396.36
2354.99
2579.45
2683.39
2619.9
2511.66
2584.03
2585.34
2715.97
2525.3
2230.67
2356.61
2653.5
2487.39
2621.98
2260.07
2496.3
2790.53
2053.13
2377.5
2610.5
2277.48
2592.96
2520.04
2410.18
2595.03
2603
2608.81
2394.69
2061.58
2520.42
2600.22
2305.95
2337.12
2468.67
2593.15
2298.55
2409.93
2507.97
2347.21
2526.18
2484.99
2277.8
2504.52
2389.56
2587.44
2855.42
2745.43
2654.33
2707.29
2388.6
2421.61
1937.48
2178.84
2162.97
2284.09
2200.65
2359.52
2455.29
2147.49
1963.4
2365.14
2144.56
2346.19
2249.89
2376.33
2239.87
2252.93
1852.7
2272.77
2384.64
2444.08
2170.48
2523.21
2207.03
2372.4
2150.86
2036.4
2070.53
2419.12
2302.72
2706.83
2090.09
2161.18
2439.05
2415.63
2504.69
2329.15
2268.06
2457.23
2431.89
2043.74
2266.06
2342.75
2152.66
2050.3
2270.33
2180.43
2298.45
2343.44
2107.45
2151.05
2168.06
2413.75
2344.83
2309.82
2408.01
2249.91
2369.83
2289.94
2107.94
2216.81
2534.42
2309.93
2463.61
2052.85
2203.06
2328.62
1901.19
2173.7
2340.44
2062.38
2467.64
2323.11
2225.52
2338.11
2542.14
2290.9
2170.88
2061.37
2215.23
2505.4
2059.84
2273.67
2253.35
2537.69
2108.58
2296.94
2189.14
2203.19
2266.57
2233.59
2114.51
2354.47
2317.74
2460.31
2345.42
2394.1
2373.43
2377.15
2489.48
2461.62
2107.98
2444.67
2205.4
2574.4
2387.13
2473.56
2733.63
2394.04
2043.69
2629.34
2293.2
2353.22
2435.72
2390.23
2517.47
2390.36
2062.3
2479.92
2540.62
2084.32
2168.3
2572.56
2388.28
2560.62
2391.18
2118.47
2337.17
2449.88
2444.13
2596.04
2329.95
2585.79
2624.59
2502.87
2498.16
2394.59
2210.66
2615.77
2528.57
2299.23
2423.21
2297.49
2246.84
2189.69
2478.22
2441.77
2462.44
2169.15
2259.03
2249.19
2319.11
2469.6
2606.46
2609.3
2416.25
2698.78
2509.99
2398.96
2211.84
2218.18
2530.24
2305.66
2349.95
2251.93
2223.92
2556.05
1964.2
2240.17
2479.79
2175.47
2599.48
2410.59
2271.29
2348.13
2317.33
2443.28
2413.05
2038.03
2462.14
2512.13
2244.32
2388.9
2347.21
2576.22
2131.48
2319.96
2543.2
2242.91
2553.26
2302.93
2170.02
2406.74
2325.05
2572.93
2635.75
2506.32
2478.52
2724.31
2569.01
2692.57
2153.63
2647.29
2399.48
2811.49
2450.81
2741.02
2791.63
2451.1
2307.74
2778.08
2440.45
2538.9
2502.84
2614.38
2514.26
2757.15
2351.63
2595.64
2635.18
2538.38
2479.17
2724.74
2698.24
2586.89
2579.79
2221.85
2549.93
2664.19
2541.32
2952.57
2447.38
2678.2
2700.48
2761.84
2667.82
2596.08
2404.89
2769.83
2589.87
2356.76
2468.22
2569.06
2353.49
2244.57
2586.72
2634.74
2471.75
2399.91
2444.33
2446.77
2646.99
2720.35
2664.58
2621.67
2770.04
2665.21
2630.94
2743.7
2440.23
2527.87
2913.82
2336.69
2477.9
2408.86
2476.31
2926.74
2385.34
2512.39
2750.31
2540.07
2824.56
2685.11
2541.37
2644.75
2608.9
2659.41
2345.36
2401.69
2515.22
2706.25
2349.89
2654.4
2497.94
2842.44
2299.56
2528.33
2620.33
2606.66
2662.75
2600.28
2472.23
2710.74
2531.41
2742.21
2675.23
2671.18
2588.28
2824.98
2565.33
2408.25
2314.14
2586.2
2256.68
2813.95
2514.12
2428.04
2654.51
2523.82
2103.37
2700.84
2459.85
2448.13
2705.36
2781.75
2387.08
2669.5
2362.36
2522.32
2619.5
2555.57
2308.42
2657.45
2527.28
2529.28
2478.9
2131.41
2478
2609.41
2580.63
2811.21
2641.14
2779.95
2615.79
2678.15
2659.69
2604.72
2361.51
2696
2827.72
2432.16
2451.19
2415.2
2180.4
2363.47
2504.13
2603.35
2551
2209.45
2501.1
2409.96
2653.25
2769.69
2451.31
2671.5
2467.44
2731.25
2631.77
2669.34
2415.09
2366.16
2785.15
2402.61
2530.59
2409.61
2437.16
2846.81
2045.91
2454.39
2632.24
2528.64
2580.99
2494.86
2445.53
2417.51
2565.6
2536.21
2365.15
2094.84
2512.87
2637.76
2389.2
2466.68
2476.53
2515.2
2249.7
2442.28
2598.94
2477.34
2631.79
2339.18
2491.52
2485.45
2498.71
2485.35
2787.82
2508.15
2529.93
2563.37
2403
2441.67
2062.99
2368.71
2180.81
2554.59
2489.59
2457.5
2775.37
2341.99
2099.41
2554.33
2368.81
2351.81
2393.85
2569
2276.39
2521.84
2148.22
2505.99
2582.79
2426.25
2369.03
2497.87
2396.81
2316.94
2468.55
2188.98
2366.1
2642.45
2368.86
2738.33
2451.08
2556.96
2583.24
2495
2568.72
2326.49
2314.3
2605.76
2556.47
2341.66
2426.46
2318.53
2290.43
2177.14
2531.67
2558.11
2530.1
2133.42
2285.18
2246.29
2691.28
2650.5
2385.49
2482.22
2417.8
2713.67
2747.89
2438.12
2169.8
2338.22
2667.25
2272.1
2426.58
2242.13
2517.63
2717.58
2080.82
2489.24
2536.01
2355.89
2593.87
2473.91
2310.7
2493.41
2511.42
2434.01
2234.34
1979.93
2452.82
2510.85
2219.31
2288.83
2412.25
2534.81
2127.19
2284.22
2509.19
2351.45
2472.31
2228.93
2261.57
2525.33
2276.54
2497.9
2697.03
2594.75
2399.95
2669.12
2446.95
2589.45
2020.63
2642.79
2414.92
2647.21
2306.21
2423.86
2767.98
2312.9
2128.82
2579.87
2389.96
2437.39
2416.71
2727.1
2337.56
2594.16
2139.18
2505.19
2436.58
2455.32
2330.94
2626.73
2399.2
2509.86
2406.81
1960.01
2432.01
2444.72
2418.06
2863.12
2528
2475.97
2440.82
2636.92
2585.91
2570.8
2299.29
2565.49
2522.86
2216.47
2443.38
2299.96
2146.52
2268.24
2390.93
2422.88
2466.93
2260.31
2367.22
2337.79
2557.81
2794.43
2515.84
2574.99
2500.87
2569.55
2589.73
2304.23
2097.89
2248.69
2545.01
2412.52
2469.24
2252.1
2205.44
2530.23
2041.92
2361
2511.94
2260.79
2587.7
2383.37
2446.39
2525.14
2525.59
2459.99
2352.27
2247.84
2439.87
2534.91
2152.99
2556.19
2559.14
2591.81
2293.87
2336.68
2467.99
2380.26
2427.9
2268.42
2261
2306.42
2338.41
2525.91
2665.48
2585.01
2380.91
2652.63
2365.45
2433.49
1995.16
2453.35
2213.77
2639.24
2401.27
2399.67
2538.09
2215.25
2183.98
2525.95
2439.97
2316.32
2384.72
2491.39
2238.12
2421.85
2082.57
2307.42
2396.9
2333.5
2179.64
2403.91
2601.93
2277.26
2270.7
2118.03
2310.67
2444.42
2280.87
2523.57
2356.56
2557.32
2544.28
2420.38
2493.59
2474.61
2236.92
2531
2529.96
2341.21
2415.66
2353.27
2089.24
2145.56
2147.53
2385.78
2406.26
1960.51
2192.72
2158.49
2523.34
2538.92
2537.54
2519.93
2262.61
2516.68
2487.81
2413.75
2298.7
2226.98
2730.24
2129.59
2378.05
2203.66
2409.57
2644.2
2099.85
2201.72
2501.82
2271
2563.35
2487.68
2387.61
2408.9
2297.53
2355.61
2191.95
2137.63
2275.78
2460.3
2289.08
2433.19
2429.03
2575.28
2052.71
2306.76
2345.99
2401.31
2417.41
2179.68
2354.52
2460.14
2283.41
2532.34
2470.22
2401.72
2418.66
2548.33
2316.24
2349.91
1918.11
2395.66
2228.65
2443.3
2272.74
2470.42
2589.11
2300
2100.87
2571.55
2185.11
2358.57
2309.21
2530.41
2254.16
2391.39
2062.09
2298.83
2401.47
2248.6
2207.56
2426.88
2457.55
2279.32
2251.98
2043.34
2396.5
2435.54
2422.76
2658.02
2348.93
2310.12
2425.98
2449.3
2539.44
2397.06
2105.9
2496.2
2374.01
2289.41
2243.7
2333.66
2084.07
2233.61
2260.08
2334.19
2226.48
2155.89
2150.18
2298.26
2289.73
2529.99
2316.75
2279.58
2372.08
2481.24
2324.99
2482.67
2178.27
2284.75
2748.69
2063.09
2350.01
2127.06
2299.21
2502.34
1871.74
2271.72
2334.47
2285.57
2568.64
2339.09
2360.36
2448.66
2136.13
2342.98
2226.06
2140.69
2185.91
2559.1
2258.91
2265.76
2241.76
2408.07
2048.64
2362.9
2336.48
2319.33
2264.13
2017.58
2229.89
2414.49
2246.15
2391.89
2495.97
2334.3
2287.08
2618.32
2517.82
2425.63
2166.44
2635.03
2243.85
2817.55
2527.6
2409.36
2712.77
2324.63
2178.45
2671.64
2543.94
2343.91
2459.17
2647.33
2238.13
2651.06
2026.17
2560.19
2599.23
2452.22
2219.93
2494.74
2615.44
2439.92
2344.58
2172.07
2283.99
2442.85
2441.9
2696.79
2441.62
2573.61
2526.64
2573.11
2463.37
2467.63
2303.26
2527.54
2600.74
2346.16
2454.24
2393.53
2182.53
2185.74
2363.19
2549.92
2382.69
2332.58
2302.46
2385.04
2465.34
2607.59
2524.79
2564.73
2447.26
2638.34
2591.88
2631.47
2066.15
2351.62
2629.96
2366.21
2490.02
2298.22
2218.81
2686.79
1984.64
2203.02
2504.62
2514.68
2735.34
2480.49
2374.08
2561.34
2437.54
2597.57
2305.52
2245.1
2351.1
2474.16
2241.1
2514.79
2425.74
2597.59
2438.9
2478.89
2520.79
2505.33
2387.14
2384.77
2464.73
2448.43
2410.56
2470.54
2738.61
2440.57
2565.7
2596.27
2621.33
2641.53
2177.83
2439.73
2332.47
2717.14
2504.92
2400.82
2666.15
2534.6
2207.54
2773.04
2465.39
2392.64
2457.66
2643.13
2460.96
2550.79
2196.25
2632.1
2705.18
2343.99
2306.31
2651.83
2591.11
2601.47
2335.49
2288.53
2250.66
2607.1
2652.18
2917.67
2400.11
2695.85
2730.99
2667.34
2515.16
2488.7
2324.45
2773.37
2664.05
2324.06
2464.42
2601.17
2315.65
2225.45
2588.3
2421.24
2461.29
2293.84
2205.07
2352.59
2620.57
2734.63
2484.86
2571.09
2532.3
2649.81
2691.53
2593.16
2276.39
2342.48
2650.87
2437.64
2600.09
2210.01
2460.84
2678.79
2068.01
2492.71
2668.69
2506.25
2619.93
2577.26
2415.65
2532.6
2714.23
2524.29
2316.65
2192.94
2496.21
2592.36
2326.08
2544.9
2372.3
2639.63
2357.13
2380.5
2646.83
2449.87
2558.45
2528.21
2488.14
2537.66
2377.04
2562.92
2679.12
2458.71
2657.63
2700.5
2516.18
2403.26
2060.67
2463.33
2257.02
2679.58
2512.9
2465.76
2665.95
2238.38
2128.27
2657.29
2405.9
2395.07
2450.49
2520.79
2142.83
2403.36
2121.23
2550.72
2645.55
2469.99
2228.25
2622.89
2597.64
2330.47
2281.3
1950.04
2281.64
2398.39
2557.55
2637.64
2245.06
2615.04
2460.35
2633.29
2514.9
2456.9
2370.59
2540.79
2650.39
2294.45
2400.56
2428.84
2165.97
2282.87
2389.56
2559.88
2365.96
2107.21
2238.21
2187.27
2549.03
2521.88
2633.45
2664.24
2402.73
2376.98
2599.87
2388.36
2287.44
2267.24
2737.39
2328.25
2535.63
2248.02
2373.39
2640.31
2010.85
2286.41
2446.99
2298.16
2451.61
2485.72
2375.2
2349.62
2457.89
2507.38
2351.46
2101.4
2392.73
2545.95
2230.08
2362.02
2443.71
2610.47
2138.43
2385.89
2280.07
2186.47
2569.89
2547.63
2235.24
2405.94
2272.31
2580.37
2668.23
2632.37
2545.34
2573.11
2470.4
2538.56
2048.59
2461.18
2170.83
2580.7
2491.48
2365.82
2647.09
2417.79
2122.96
2450.89
2303.73
2365.59
2530.18
2629.5
2185.4
2504.32
2252.89
2438.76
2619.61
2395.08
2402.45
2444.52
2530.32
2437.2
2483.37
2096.22
2115.37
2484.62
2455.04
2656.96
2465.21
2560.85
2511.86
2421.87
2323.87
2589.93
2276.81
2438.67
2410.64
2184.13
2409.55
2522.29
2131.83
2238.01
2346.08
2395.6
2347.28
2089.44
2241.98
2327.14
2421.51
2660.79
2387.02
2648.69
2340.27
2601.84
2505.58
2566.76
2188.94
2325.55
2581.47
2264.19
2429.84
2207.22
2119.65
2565.14
1971.52
2159.29
2453.6
2264.92
2423.62
2268.84
2299.83
2486.17
2363.58
2423.3
2288.64
2166.87
2253.49
2408.19
2242.4
2364.96
2482.08
2586.76
2233.27
2316.18
2455.56
2421.94
2485.33
2187.34
2358.78
2348.3
2350.54
2433.82
2686.64
2473.7
2432.92
2639.34
2835.96
2753.19
2308.93
2874.51
2593.95
3014.52
2636.72
2772.11
3091.71
2650.05
2387.16
2972.36
2686.26
2708.29
2622.75
2844.12
2697.96
2867.4
2374.04
2808.79
2949.4
2706.34
2611.5
2835.74
2875.46
2779.03
2604.27
2408.79
2541.28
2860.57
2814.42
3117.52
2683.89
2784.76
2854.19
2988.41
2957.26
2817.13
2628.66
2943.6
2906.13
2835.61
2827.1
2671.44
2562.5
2583.13
2543.93
2727.99
3007.4
2529.15
2598.31
2535.38
2717.03
3123.04
2830.9
2970.81
2866.59
2912.68
2861.46
2856.89
2544.47
2731.66
3075.53
2629.12
2895.41
2539.91
2627.64
2960.02
2344.81
2701.33
2816.74
2604.06
2968.25
2773.41
2743.29
2871.03
2778.16
2840.4
2659.92
2534.91
2637.92
2906.63
2471.45
2828.63
2844.4
2906.27
2467.25
2778.5
2757.44
2708.17
2911.66
2703.22
2542.14
2817.37
2683.34
2890.45
3086.18
2883.34
2832.35
2901.53
2456.07
2397.91
2001.34
2425.69
2116.04
2578.35
2398.72
2417.72
2610.12
2343.8
1914.87
2479.59
2264.69
2484.51
2300.41
2436.55
2287.11
2363.68
2151.97
2379.54
2503.56
2394.56
2306.75
2487.48
2355.08
2272.86
2468.39
2021.53
2117.23
2397.79
2206.6
2660.53
2381.27
2401.74
2568.5
2583.87
2306.74
2462.06
2151.34
2343.91
2492.96
2154.15
2265.77
2365.13
2249.95
2256.72
2252.01
2296.49
2449.39
2101.78
2122.53
2271.4
2272.5
2596.79
2438.72
2423.99
2548.54
2518.17
2448.74
2373.23
2249.73
2140.01
2632.14
2229.62
2323.34
2255.78
2183.07
2393.47
1809.8
2285.71
2502.63
2245.35
2595.93
2268.31
2361.93
2437.42
2326.87
2352.73
2357.11
2159.01
2444.63
2479.06
2188.42
2249.94
2375.81
2347.73
2099.45
2143.62
2501.52
2276.11
2493.48
2170.77
2269.87
2247.02
2316.78
2470.63
2653.42
2419.13
2407.18
2556.52
2594.84
2458.9
2199.78
2544.57
2363.92
2720.6
2470.13
2468.49
2664.81
2624.68
2297.42
2676.07
2349.78
2400.48
2567.65
2657
2449.61
2423.54
2272.47
2524
2709.06
2400.83
2385.02
2681.63
2627.68
2361.46
2441.53
1981.77
2389.36
2604.04
2509.03
2698.65
2567.6
2545.14
2700.85
2672.02
2565.19
2488.32
2256.86
2700.93
2654.37
2399.74
2291.18
2620.77
2202.67
2286.03
2481.49
2585.94
2408.05
2218.87
2383.83
2325.66
2516.97
2662.74
2404.45
2647.7
2581.59
2674.9
2455.66
2628.18
2347.08
2314.87
2764.88
2264.12
2551.44
2433.62
2426.25
2648.23
1974.1
2487.33
2566.39
2517.58
2627.79
2372.69
2372.29
2616.29
2392.95
2518.27
2303.26
2298.36
2347.52
2520.99
2330.1
2396.22
2446.2
2658.44
2227.88
2363.15
2551.6
2497.4
2540.24
2300.46
2408.17
2514.08
2333.39
2675.03
2687.8
2567.24
2437.55
2823.02
2545.28
2485.24
2169.08
2611.75
2342.91
2771.49
2390.75
2508.22
2662.04
2441.83
2135.66
2612.47
2461.49
2403.91
2565.01
2553.08
2399.24
2659.7
2206.96
2477.43
2619.47
2463.58
2321.89
2542.55
2573.66
2360.29
2444.52
2183.18
2461.32
2643.45
2346.83
2846.17
2440.06
2467.15
2669.03
2585.01
2602.19
2365.18
2285.34
2726.85
2565.51
2499.52
2504.94
2422.53
2386.2
2311.47
2490.03
2566.83
2464.81
2231.82
2231.92
2333.95
2354.9
2670.64
2492.39
2610.55
2516.42
2639.93
2520.44
2655.97
2263.39
2381.98
2858.04
2444.59
2387.17
2413.61
2457.32
2717.24
2162.53
2396.72
2673.62
2354.71
2756.08
2402.41
2345.42
2608.32
2330.8
2550.24
2414.85
2352.8
2407.49
2536.81
2246.5
2393.36
2574.31
2664.2
2234.27
2522.35
2684.17
2639.86
2606.07
2372.7
2454.15
2608.46
2443.72
2536.12
2655
2581
2481.35
2709.36
2739.48
2691.3
2209.44
2557.36
2330.79
2841.6
2510.78
2635.87
2840.9
2630.44
2208.62
2707.64
2492.9
2755.45
2354.8
2744.11
2458.68
2604.14
2452.87
2659.28
2929.79
2603.46
2662.81
2628.45
2694.65
2692.51
2455.75
2290.17
2249.69
2901.61
2570.08
3021.68
2662.23
2770.06
2684.47
2812.17
2638.27
2671.14
2483.69
2734.31
2638.62
2365.14
2543.29
2490.02
2416.15
2516.36
2605.05
2637.25
2673.06
2382.17
2553.36
2555.99
2593.86
2903.87
2708.85
2780.76
2522.35
2936.66
2752.05
2718.52
2495.77
2551.87
2886.09
2414.1
2591.8
2380.37
2532.56
2757.57
2316.31
2407.7
2730.97
2590.9
2790.72
2627.72
2647.01
2677.38
2727.4
2652.88
2511.47
2209.84
2607.25
2680.35
2459.22
2643.8
2470.01
2696.88
2315.28
2473.89
2582.53
2446.55
2745.16
2503.76
2430.49
2675.72
2616.86
2575.96
2873.41
2602.25
2640.65
2809.34
2941.08
2799.66
2312.14
2719.31
2418.73
2868.94
2581.48
2629.31
2930.8
2681.85
2368.81
2865.24
2562.77
2635.16
2645.69
2772.33
2613
2734.86
2304.46
2867.23
2895.88
2592.43
2603.41
2877.1
2628.53
2621.29
2621.52
2292.79
2565.3
2725.85
2699.04
3051.72
2621.56
2937.88
2627.87
2827.17
2726.16
2806.78
2604.47
2805.67
2723.5
2404.83
2575.95
2645.81
2498.02
2501.59
2707.43
2558.1
2607.42
2442.09
2570.95
2566.95
2761.24
2895.71
2841.18
2792.04
2736.66
2872.74
2771.9
2663.26
2305.78
2634.75
2812.2
2642.33
2681.88
2536.97
2334.86
2737.55
2205.67
2403.55
2566.02
2542.29
2877.91
2563.77
2617.12
2824.8
2681.77
2805.68
2493.07
2328.3
2797.2
2719.23
2595.5
2573.77
2531.71
2678.35
2406.29
2517.67
2844.44
2495.25
2727.42
2673.95
2637.25
2576.7
2665.48
2745.98
2865.77
2684.33
2702.83
2914.32
2522.92
2605.7
2146.1
2388.48
2297.01
2626.12
2344.32
2543.77
2814.47
2518.57
2004.54
2529.11
2193.92
2507.69
2537.88
2551.42
2245.21
2400.99
2196.49
2501.58
2731.64
2460.94
2416.96
2494.01
2456.54
2446.24
2348.19
2060.01
2223.75
2606.03
2365.98
2752.8
2404
2583.74
2493.73
2573.87
2474.39
2435.57
2248.83
2513.67
2538.4
2229.78
2403.85
2411.94
2179.69
2334.46
2434.61
2524.63
2428.19
2366.06
2164.24
2322.28
2620.99
2655.73
2492.51
2589.59
2441.64
2613.52
2514.7
2427.99
2280.81
2403.3
2594.82
2398.92
2501.51
2342.72
2368.51
2589.84
2003.92
2305.85
2527.66
2326.82
2609.32
2461.41
2378.03
2503.02
2459.15
2402.66
2290.44
2102.4
2352.19
2429.28
2254.22
2407.23
2304.45
2692.99
2239.77
2262.31
2492.71
2347.62
2554.29
2237.53
2245.41
2698.7
2467.23
2608.85
2511.33
2693.13
2435.28
2439.22
2514.64
2460.18
2132.14
2626.33
2297.58
2455.72
2469.1
2540.63
2593.52
2461.27
2209.92
2721
2312.51
2476.64
2612.17
2587.76
2434.44
2564.97
2148.41
2541.38
2586.06
2411.07
2222.03
2703.27
2606.13
2583.89
2376.89
2205.07
2464.41
2446.84
2586.34
2878.8
2388.85
2457.54
2583.87
2611.92
2566.33
2452.08
2278.04
2541.01
2678.79
2476.82
2431.78
2355.51
2335.13
2160.42
2455.11
2417.77
2506.12
2395.11
2377.22
2311.48
2457.89
2742.82
2465.45
2343.05
2546.86
2678.38
2714.34
2604.79
2169.04
2477.47
2578.74
2295.46
2522.62
2423.11
2387.42
2681.69
2115.71
2464.76
2606.72
2328.71
2691.11
2519.48
2306.97
2634.08
2450.19
2565.68
2383.46
2184.22
2324.61
2693.83
2347.81
2606.32
2431.6
2645.07
2343.45
2541.95
2682.39
2501.35
2479.48
2382.87
2319.91
2482.49
2284.88
2561.2
2757.83
2585.06
2448.04
2670.36
2651.38
2648.14
2251.69
2691.97
2437.4
2939.06
2571.81
2733.01
2879.96
2477.98
2248.38
2809.92
2485.25
2743.56
2434.86
2717.74
2442.87
2755.43
2291.55
2623.91
2712.95
2871.54
2493.34
2672.37
2705.74
2586.22
2607.81
2111.38
2519.68
2623.43
2609.11
3028.75
2647.5
2635.59
2801.76
2662.14
2817.05
2783.53
2364.92
2736.57
2734.73
2327.78
2493.29
2493.74
2438.94
2548.55
2486.59
2613.08
2661.77
2462.33
2347.75
2416.12
2631.05
2871.85
2779.2
2696.1
2818.2
2842.62
2794.91
2704.6
2322.01
2601.87
2907.24
2406.67
2587.22
2493.28
2591.63
2711.78
2293.06
2538.87
2936.51
2536.74
2819.76
2684.96
2563.02
2682.9
2735.24
2652.03
2601.23
2324.54
2704.81
2706.27
2567.94
2648.66
2649.48
2725.77
2433.45
2465.63
2672.89
2495.51
2713.17
2534.4
2484.05
2525.53
2496.24
2776.94
2876.91
2718.97
2675.95
3028.14
2504.17
2460.59
1990.52
2452.16
2273.21
2505.77
2469.19
2453.71
2701.44
2257.16
2189.32
2751.58
2334.86
2571.2
2361.44
2579.51
2493.27
2382.56
2175.73
2491.01
2517.82
2367.66
2352.18
2622.17
2587.59
2487.19
2347.7
2185.21
2315.65
2617.57
2361.79
2648.65
2472.99
2597.15
2649.44
2573.29
2556.74
2538.74
2361.83
2720.34
2644.84
2252.11
2471.73
2400.86
2157.12
2225.79
2630.19
2486.87
2409.97
2227.9
2368.33
2414.91
2557.3
2602.66
2720.06
2487.96
2412.34
2704.73
2539.46
2545.38
2232.7
2359.39
2737.92
2139.58
2348.74
2296.6
2388.62
2592.6
2287.44
2317.26
2422.19
2269.55
2658.82
2628.66
2408.44
2425.76
2437.08
2534.84
2424.42
2254.43
2327.26
2589.2
2341.64
2500.95
2367.51
2599.94
2103.22
2410.24
2367.2
2364.72
2513.26
2371.3
2211.48
2533.49
2376.74
2484.91
2577.59
2580.45
2564.81
2725.84
2757.13
2739.05
2472.12
2645.05
2565.17
2967.37
2655.54
2599.4
2906.84
2642.95
2415.39
2817.94
2707.41
2724.31
2843.59
2835.28
2568.89
2709.67
2461.25
2823.52
2732.25
2679.46
2546.5
2869.14
2844.12
2745.41
2548.17
2296.74
2502.91
2779.03
2598.91
2942.72
2754.33
2861.31
2849.47
2837.69
2830.07
2737.49
2494.34
2908.16
2921.39
2560.38
2696.85
2639.95
2465.07
2499.27
2630.95
2568.01
2592.05
2422.82
2517.08
2501.74
2808.98
2837.78
2780.69
2707.04
2677.64
2743.73
2856.92
2695.01
2431.97
2616.02
2952.29
2656.94
2807.54
2527.07
2632.06
2801.94
2227.78
2496.87
2653.73
2501.39
2826.16
2671.24
2499.07
2857.59
2665.01
2728.19
2504.78
2374.71
2733.19
2901.97
2572.03
2678.48
2702.06
2831.97
2530.24
2471.29
2864.66
2637.04
2898.41
2529.42
2595.33
2647.7
2679.49
2719.94
2912.42
2830.28
2802.76
2900.71
2509.41
2354.72
2017.5
2436.89
2083.97
2595.78
2438.73
2308.01
2610.79
2492.08
1983.79
2555.94
2176.86
2286.6
2435.25
2464.59
2318.57
2379.75
2033.72
2318.01
2565.61
2444.18
2274.08
2425.43
2380.42
2344.93
2241.88
1967.44
2246.3
2493.32
2471.56
2569.15
2240.94
2545.48
2490.56
2535.97
2596.19
2334.14
2133.38
2517.47
2431.06
2198.25
2155.09
2270.21
2275.3
2184.57
2488
2373.27
2193.34
2184.46
2310.27
2269.49
2455.8
2584.84
2564.28
2536.55
2416.03
2551.74
2566.37
2418.4
2160.71
2212.88
2594.8
2164.25
2267.41
2316.8
2107.39
2402.56
2006.32
2298.98
2392.41
2161.56
2495.26
2476.36
2322.58
2423.36
2288.63
2291.49
2209.17
2093.53
2306.57
2378.38
2182.88
2435.27
2246.31
2583.83
2117.44
2256.73
2380.1
2387.67
2468.83
2272.36
2300.98
2459.94
2201.22
2502.27
2445.68
2568
2314.06
2658.26
2557.87
2386.82
2164.83
2405.29
2155.67
2664.09
2292.33
2287.86
2462.7
2412.58
2049.66
2401.68
2365.97
2334.84
2354.24
2497.11
2176.78
2455.71
2063.41
2296.65
2448.7
2454.95
2092.12
2450.22
2516.71
2401.46
2254.2
2170.56
2065.7
2451.89
2473.83
2606.83
2427.93
2484.9
2438.32
2621.53
2468.23
2448.47
2136.66
2597.24
2500.48
2338.69
2291.06
2314.9
2193.62
2073.28
2169.08
2232.81
2373.36
2068.57
2235.93
2248.62
2345.24
2552.51
2364.34
2408.25
2369.75
2430.5
2484.96
2418.85
2191.7
2312.3
2589
2251.76
2488.71
2234.07
2255.31
2626.18
1897.24
2157.66
2421.01
2266.04
2496.32
2462.13
2331.43
2466.63
2189.17
2420.4
2155.21
2031.28
2287.52
2478.14
2196.88
2381.4
2415.35
2449.38
2233.86
2265.14
2325.76
2267.27
2406.21
2275.68
2417.87
2344.5
2210.83
2450.06
2440.69
2341.17
2392.11
2535.19
2812.22
2599.18
2397.19
2635.8
2208.86
2962.92
2441.38
2500.94
2766
2654.87
2283.03
2775
2540.11
2625.02
2470.79
2762.88
2516.98
2655.21
2309.51
2688.56
2809.9
2443
2421.56
2863.86
2743.29
2616.57
2632.45
2305.01
2279.25
2727.84
2575.35
2813.11
2609.78
2738.99
2663.19
2798.88
2648.39
2654.28
2452.18
2728.99
2794.97
2488.58
2442.39
2432.84
2272.68
2291.05
2456.67
2565.98
2698.76
2396.59
2438.97
2553.43
2640.94
2762.94
2650.74
2760.34
2551.97
2946.43
2765.98
2573.24
2408.25
2470.64
2632.52
2454.43
2712.91
2394.47
2354.43
2840.26
2191.47
2430.51
2691.32
2651.03
2633.13
2648.67
2591.08
2488.69
2554.83
2648.2
2512.84
2287.58
2660.35
2648.66
2465.48
2404.41
2551.59
2515.1
2296.31
2374.84
2582.63
2427.43
2686.23
2393.38
2526.35
2572.11
2644.07
2523.03
2860.7
2647.73
2554.49
2682.18
2272.09
2547.99
2172.25
2445.19
2257.89
2756.46
2393.38
2530.03
2728.08
2436.72
2175.08
2531.41
2395.27
2487.03
2533.21
2659.42
2387.49
2333.23
2136.24
2356.8
2527.28
2364.04
2376.6
2518.07
2446.22
2407.73
2426.49
2188.51
2305.54
2490.03
2535.07
2801.84
2520.84
2678.44
2679.04
2509
2521.25
2689.37
2317.5
2333.13
2441.59
2333.81
2536.2
2227.61
2221.34
2357.42
2410.95
2565.96
2473.78
2144.27
2216.05
2262.72
2486.49
2652.41
2510.67
2622.97
2428.38
2555.48
2593
2529.55
2310.24
2229.99
2600.18
2400.38
2421.99
2223.2
2307.25
2722.81
1981.57
2382.08
2737.11
2357.84
2639.85
2522.94
2304.21
2596.28
2366.99
2555.98
2309.84
2049.11
2366.79
2395.61
2313.26
2484.66
2349.1
2463.47
2196.24
2408.32
2337.06
2425
2431.38
2214.58
2401.39
2651.44
2400.54
2446.89
2700.95
2497.95
2470.36
2596.18
2572.36
2684.44
2221.58
2612.53
2296.15
2714.32
2479.07
2562.17
2772.1
2329.12
2302.7
2680.69
2503.32
2457.35
2391.03
2580.37
2481.53
2546.85
2232.02
2586.05
2692.93
2503.9
2434.83
2570.2
2609.89
2399.4
2593.05
2319.4
2293.1
2458.86
2426.42
2843.05
2456.3
2721.54
2684.38
2492.81
2610.07
2735.88
2370.52
2629.72
2611.26
2226.1
2425.29
2349.13
2432.65
2239.65
2339.3
2637.64
2592.81
2209.36
2322.13
2239.69
2558.59
2615.24
2711.53
2818.33
2564.23
2766.18
2538.54
2579.89
2453.98
2390.24
2773.77
2343.54
2485.87
2382.78
2419.17
2777.76
2253.28
2287.02
2558.7
2475.49
2807.83
2571.45
2283.32
2647.54
2471.49
2579.75
2359.28
2059.81
2564.56
2500.29
2276.1
2542.41
2408.02
2875.33
2260.54
2361.47
2715.88
2452.35
2604.71
2332.33
2325.6
2566.85
2476.31
2524.34
2660.76
2597.53
2552.36
2599.3
2954.24
2958.1
2432.59
2992.69
2551.48
3117.6
2795.17
2912.66
3060.73
2827.69
2580.95
2924.1
2865.65
2896.43
2848.2
2968.32
2716.06
2925.73
2594.57
2901.49
2951.64
2900.97
2714.07
3019.51
3117.42
2981.07
2958.36
2363.23
2815.13
2946.24
2747.77
3251.48
2967.46
2932.11
2959.22
3022.23
3008.32
3075.37
2590.87
3124.82
3086.77
2634.52
2878.59
2928.74
2772.4
2660.94
2828.01
2899.62
2863.88
2647.62
2640.54
2656.34
2898.54
3101.35
2982.77
2916.67
2986.75
3024.51
3045.78
2928.24
2709.42
2807.89
3214.61
2660.88
2955.54
2788.71
2756.66
3006.63
2504.43
2801.45
2910.93
2818.07
3038.51
2983.46
2774.68
3002.84
2821.02
2895.67
2727.61
2582.66
2845.82
3003.48
2657.33
2814.82
2928.92
3165.28
2586.25
2752.02
3077.9
2944.78
3022.62
2812.98
2745.85
3027.79
2839.85
3115.65
3175.84
3116.07
2890.19
3173.73
2586.06
2510.54
2129.44
2594.26
2503.57
2874.54
2497.98
2464.87
2654.62
2632.32
2256.57
2810.91
2542.57
2491.32
2395.85
2667.09
2441.84
2679.18
2279.36
2690.18
2805.8
2531.6
2480.48
2591.67
2720.79
2555.18
2476.65
2095.61
2452.18
2696.69
2732.65
2769.81
2537.42
2682.67
2555.7
2765.61
2845.62
2798.64
2378.92
2832.15
2466.57
2403.36
2635.87
2418.74
2378.52
2250.18
2569.5
2521.79
2686.15
2374.94
2316.97
2452.95
2654.34
2931.22
2655.48
2616.51
2481.14
2705.12
2738.86
2579.74
2362.75
2396.15
2735.06
2449.89
2703.16
2379.4
2398.26
2722.69
2132.11
2482.89
2526.91
2458.58
2658.28
2677.04
2559.35
2624
2502.8
2578.12
2456.55
2127.24
2523.43
2489.08
2408.98
2503.2
2551.86
2710.89
2253.55
2516.24
2704.74
2570.91
2491.96
2402.97
2252.24
2530.94
2478.6
2730.2
2822.57
2552.68
2695.49
2575.68
2591.84
2521.24
2283.12
2676.93
2267.52
2799.54
2596.03
2525.06
2758.3
2508.71
2254.53
2830.32
2495.55
2511.03
2527.49
2762.48
2364.68
2666.14
2323.14
2616.6
2762.86
2569.71
2486.4
2576.7
2770.44
2507.86
2524.43
2130.26
2430.77
2646.45
2495.48
2934.16
2558.66
2646.61
2746.64
2703.99
2506.73
2589.89
2461.46
2580.2
2716.52
2435.37
2607.63
2544.42
2264.62
2236.23
2695.89
2670.42
2618.54
2290.26
2462.67
2357.52
2719.19
2648.99
2615.99
2663.93
2613.79
2772.37
2839.25
2665.73
2265.48
2553.76
2713.64
2318.69
2489.22
2486.98
2489.45
2788.32
2250.68
2404.84
2791.65
2600.21
2825.73
2591.5
2518.33
2633.68
2533.84
2707.67
2315.65
2279.45
2563.99
2672.42
2461.25
2524.39
2446.54
2679.31
2385.26
2387.33
2575.57
2428.27
2479.76
2516.65
2637.44
2669.51
2372.27
2694.79
2679.54
2617.38
2541.8
2690.68
2660.1
2791.45
2311.43
2596.13
2412.13
2786.17
2572.03
2681.44
2993.93
2549.59
2184.91
2863.2
2525.22
2478.01
2683.61
2825.88
2510.2
2666.31
2226.38
2703.33
2719.76
2484.88
2454.58
2661.96
2752.44
2681.04
2624.5
2311.57
2428.08
2627.18
2551.93
2884.52
2604.44
2743.69
2696.34
2563.35
2660.93
2733.58
2398.47
2753.66
2708.81
2700.31
2536.87
2479.09
2427.39
2370.21
2486.36
2759.78
2619.4
2328.96
2522.08
2468.65
2699.03
2765.53
2707.86
2770.88
2661.8
2758.39
2781.98
2707.93
2416.79
2541.4
2945.89
2469.61
2659.95
2451.87
2390.55
2815.54
2220
2490.09
2647.83
2561.33
2819.3
2590.48
2411.77
2838.21
2509.86
2680.15
2394.06
2309.49
2600.33
2719.39
2549.12
2640.93
2635.67
2853.44
2415.37
2533.1
2738.34
2595.13
2580.95
2377.11
2416.12
2660.59
2420.6
2649.55
2928.19
2750.78
2638.54
2919.23
2694.55
2787.48
2328.11
2604.19
2613.34
3088.46
2490.1
2815.1
2858.54
2751.65
2322.05
2907.01
2578.19
2846.36
2625.53
2978.69
2630.91
2778.39
2446.49
2679.1
2944.09
2724.88
2658.25
2832.22
2848.54
2638.55
2626.86
2411.06
2401.56
2854.77
2806.29
2931.13
2581.07
2826.28
2888.57
2876.21
2879.29
2888.51
2605.29
2908.57
2812.07
2526.6
2543.73
2577.52
2528.99
2491.35
2552.63
2698.76
2650.39
2466.19
2674.75
2467.3
2806.92
2902.39
2777.34
3031.78
2863.96
2950.33
2687.38
2843.19
2785.96
2530.64
2994.64
2546.54
2785.18
2524.78
2506.16
2916.64
2287.3
2603.32
2893.69
2603.51
2987.17
2673.25
2745.22
2846.25
2656.72
2794.23
2643.38
2240.89
2754.7
2828.59
2499.26
2651.99
2651.76
2836.96
2432.85
2653.68
2676.86
2639.7
2850.94
2467.08
2538.49
2847.5
2708.38
2635.76
2939.38
2805.3
2898.03
2720.71
